
       1.0000000        1.0000000        1.0000000        1.0000000      0.035000000        9.9569569        9.7888889       0.18610973       0.18425415       0.10146992       0.10258665      0.048086087      0.048093546       0.83195373       0.82777857       0.75348490       0.75676039       0.70989496       0.71635323        1.0000000        2.2613640        1.0000000        2.3139288        1.0000000        2.4367682        1.0000000        1.2100707        1.0000000        1.2886110        1.0000000        1.4267179 
       1.0000000        1.0000000        1.0000000        1.0000000      0.036000000        9.9698191        9.8063835       0.18495307       0.18306849       0.10082339       0.10220362      0.047762676      0.048229912       0.82960161       0.82494546       0.75173523       0.75523496       0.70860323       0.71640354        1.0000000        2.2515027        1.0000000        2.3067589        1.0000000        2.4371651        1.0000000        1.2002094        1.0000000        1.2814411        1.0000000        1.4271148 
       1.0000000        1.0000000        1.0000000        1.0000000      0.037000000        9.8558596        9.6967801       0.18416450       0.18142983       0.10075524       0.10100745      0.047881567      0.047606320       0.82696694       0.82274999       0.75044560       0.75322647       0.70794069       0.71486023        1.0000000        2.2434333        1.0000000        2.2960881        1.0000000        2.4225845        1.0000000        1.1921400        1.0000000        1.2707703        1.0000000        1.4125341 
       1.0000000        1.0000000        1.0000000        1.0000000      0.038000000        9.7298227        9.5748479       0.18242478       0.18031479       0.10011584       0.10031199      0.047784241      0.047104128       0.82351467       0.81975071       0.74841648       0.75095964       0.70709844       0.71367303        1.0000000        2.2333713        1.0000000        2.2862983        1.0000000        2.4144339        1.0000000        1.1820780        1.0000000        1.2609804        1.0000000        1.4043835 
       1.0000000        1.0000000        1.0000000        1.0000000      0.039000000        9.6714369        9.5203374       0.18137703       0.18020806      0.099764266       0.10063479      0.047744078      0.047196527       0.82100957       0.81812430       0.74703582       0.75062585       0.70641502       0.71390134        1.0000000        2.2277850        1.0000000        2.2853690        1.0000000        2.4177231        1.0000000        1.1764917        1.0000000        1.2600512        1.0000000        1.4076728 
       1.0000000        1.0000000        1.0000000        1.0000000      0.040000000        9.6820768        9.5346426       0.17962802       0.17969892      0.098485179       0.10067648      0.046845107      0.047363707       0.81872354       0.81662364       0.74518593       0.75014342       0.70573778       0.71409662        1.0000000        2.2223026        1.0000000        2.2825161        1.0000000        2.4188923        1.0000000        1.1710093        1.0000000        1.2571982        1.0000000        1.4088420 
       1.0000000        1.0000000        1.0000000        1.0000000      0.041000000        9.6114182        9.4674566       0.17840245       0.17810630      0.098192760      0.099415652      0.046804094      0.046276608       0.81594152       0.81371687       0.74390749       0.74802317       0.70535331       0.71153604        1.0000000        2.2125026        1.0000000        2.2720732        1.0000000        2.3996813        1.0000000        1.1612093        1.0000000        1.2467554        1.0000000        1.3896309 
       1.0000000        1.0000000        1.0000000        1.0000000      0.042000000        9.5357651        9.3950986       0.17754567       0.17754107      0.097995100      0.099203946      0.046684308      0.046298350       0.81355306       0.81192005       0.74252595       0.74719815       0.70498913       0.71146591        1.0000000        2.2064605        1.0000000        2.2683983        1.0000000        2.3985380        1.0000000        1.1551672        1.0000000        1.2430805        1.0000000        1.3884877 
       1.0000000        1.0000000        1.0000000        1.0000000      0.043000000        9.5464887        9.4089537       0.17702751       0.17699576      0.097841546      0.098881962      0.046528186      0.046119468       0.81155623       0.81048436       0.74129525       0.74605692       0.70411732       0.71051361        1.0000000        2.2016757        1.0000000        2.2632289        1.0000000        2.3922348        1.0000000        1.1503824        1.0000000        1.2379111        1.0000000        1.3821844 
       1.0000000        1.0000000        1.0000000        1.0000000      0.044000000        9.5576305        9.4230757       0.17666485       0.17539773      0.097867149      0.097855810      0.046620886      0.045706675       0.80988922       0.80751148       0.74022634       0.74337733       0.70387368       0.70917649        1.0000000        2.1913895        1.0000000        2.2507192        1.0000000        2.3817184        1.0000000        1.1400962        1.0000000        1.2254014        1.0000000        1.3716681 
       1.0000000        1.0000000        1.0000000        1.0000000      0.045000000        9.4789773        9.3475393       0.17552265       0.17517546      0.097442286      0.098088015      0.046570743      0.045792800       0.80763692       0.80513252       0.73896978       0.74323482       0.70349452       0.70909909        1.0000000        2.1838100        1.0000000        2.2502448        1.0000000        2.3822219        1.0000000        1.1325167        1.0000000        1.2249270        1.0000000        1.3721715 
       1.0000000        1.0000000        1.0000000        1.0000000      0.046000000        9.4225201        9.2937795       0.17473696       0.17500456      0.097212977      0.098291666      0.046547961      0.045983729       0.80519773       0.80384590       0.73767347       0.74284798       0.70324870       0.70951793        1.0000000        2.1796347        1.0000000        2.2489764        1.0000000        2.3853912        1.0000000        1.1283414        1.0000000        1.2236586        1.0000000        1.3753409 
       1.0000000        1.0000000        1.0000000        1.0000000      0.047000000        9.3526356        9.2264723       0.17372453       0.17492460      0.096917989      0.098434852      0.046729051      0.046058316       0.80263334       0.80271194       0.73615612       0.74273610       0.70310684       0.70938139        1.0000000        2.1760808        1.0000000        2.2488541        1.0000000        2.3846148        1.0000000        1.1247875        1.0000000        1.2235363        1.0000000        1.3745645 
       1.0000000        1.0000000        1.0000000        1.0000000      0.048000000        9.3320025        9.2083043       0.17293975       0.17440272      0.096571074      0.098241645      0.046562354      0.046068694       0.80087718       0.80123222       0.73527573       0.74187981       0.70263757       0.70923283        1.0000000        2.1711981        1.0000000        2.2453218        1.0000000        2.3830019        1.0000000        1.1199048        1.0000000        1.2200040        1.0000000        1.3729516 
       1.0000000        1.0000000        1.0000000        1.0000000      0.049000000        9.2799445        9.1586068       0.17234438       0.17376530      0.096360681      0.098155315      0.046603668      0.045888548       0.79899425       0.79973524       0.73410051       0.74096389       0.70207514       0.70868047        1.0000000        2.1661147        1.0000000        2.2418552        1.0000000        2.3822354        1.0000000        1.1148215        1.0000000        1.2165374        1.0000000        1.3721851 
       1.0000000        1.0000000        1.0000000        1.0000000      0.050000000        9.2934394        9.1743643       0.17190555       0.17364556      0.096037101      0.098207823      0.046344847      0.045945344       0.79831657       0.79872863       0.73382049       0.74106825       0.70167816       0.70843797        1.0000000        2.1629304        1.0000000        2.2425216        1.0000000        2.3816430        1.0000000        1.1116371        1.0000000        1.2172038        1.0000000        1.3715926 
       1.0000000        1.0000000        1.0000000        1.0000000      0.051000000        9.3024396        9.1855356       0.17158968       0.17306673      0.096298876      0.098099126      0.046799308      0.046061380       0.79611196       0.79739042       0.73252521       0.74076576       0.70154723       0.70847411        1.0000000        2.1585938        1.0000000        2.2414926        1.0000000        2.3829440        1.0000000        1.1073005        1.0000000        1.2161748        1.0000000        1.3728937 
       1.0000000        1.0000000        1.0000000        1.0000000      0.052000000        9.2359054        9.1210864       0.17092925       0.17290336      0.096230296      0.098396324      0.046959834      0.046333523       0.79400148       0.79572806       0.73136787       0.74072218       0.70159677       0.70898093        1.0000000        2.1535012        1.0000000        2.2414927        1.0000000        2.3870246        1.0000000        1.1022079        1.0000000        1.2161749        1.0000000        1.3769743 
       1.0000000        1.0000000        1.0000000        1.0000000      0.053000000        9.1927938        9.0799789       0.16923152       0.17224096      0.095252963      0.098194689      0.046328591      0.046438969       0.79113317       0.79396321       0.72962673       0.74006337       0.70116758       0.70969501        1.0000000        2.1477759        1.0000000        2.2382636        1.0000000        2.3897111        1.0000000        1.0964826        1.0000000        1.2129458        1.0000000        1.3796608 
       1.0000000        1.0000000        1.0000000        1.0000000      0.054000000        9.1449175        9.0340308       0.16797103       0.17182990      0.094689255      0.098161626      0.046227374      0.046547879       0.78878607       0.79243814       0.72832782       0.74003565       0.70133123       0.70963700        1.0000000        2.1427001        1.0000000        2.2382130        1.0000000        2.3902429        1.0000000        1.0914068        1.0000000        1.2128952        1.0000000        1.3801925 
       1.0000000        1.0000000        1.0000000        1.0000000      0.055000000        9.1107529        9.0017226       0.16753331       0.17183360      0.094439453      0.098412252      0.046027864      0.046678960       0.78749629       0.79150113       0.72754907       0.73968472       0.70044973       0.70992330        1.0000000        2.1396831        1.0000000        2.2368314        1.0000000        2.3916652        1.0000000        1.0883898        1.0000000        1.2115136        1.0000000        1.3816148 
       1.0000000        1.0000000        1.0000000        1.0000000      0.056000000        9.0793640        8.9722980       0.16656915       0.17164434      0.093983252      0.098382616      0.045757611      0.046617736       0.78509358       0.79038029       0.72600383       0.73906698       0.69904221       0.70959749        1.0000000        2.1361316        1.0000000        2.2347068        1.0000000        2.3918360        1.0000000        1.0848383        1.0000000        1.2093890        1.0000000        1.3817857 
       1.0000000        1.0000000        1.0000000        1.0000000      0.057000000        9.0537572        8.9484102       0.16563409       0.17110888      0.093431684      0.098068133      0.045604673      0.046431909       0.78376356       0.78893603       0.72506939       0.73818449       0.69825711       0.70984307        1.0000000        2.1313282        1.0000000        2.2308011        1.0000000        2.3916862        1.0000000        1.0800349        1.0000000        1.2054833        1.0000000        1.3816358 
       1.0000000        1.0000000        1.0000000        1.0000000      0.058000000        9.0182498        8.9145617       0.16496364       0.17092966      0.093287097      0.098117257      0.045685570      0.046492678       0.78126937       0.78776449       0.72353903       0.73812011       0.69806140       0.71023179        1.0000000        2.1276945        1.0000000        2.2306534        1.0000000        2.3939506        1.0000000        1.0764012        1.0000000        1.2053355        1.0000000        1.3839003 
       1.0000000        1.0000000        1.0000000        1.0000000      0.059000000        8.9758507        8.8737648       0.16460857       0.17104416      0.093189008      0.098331397      0.045696863      0.046626875       0.77984402       0.78709478       0.72290495       0.73789075       0.69775983       0.71041476        1.0000000        2.1258854        1.0000000        2.2306344        1.0000000        2.3954766        1.0000000        1.0745921        1.0000000        1.2053166        1.0000000        1.3854263 
       1.0000000        1.0000000        1.0000000        1.0000000      0.060000000        8.9323546        8.8318170       0.16390477       0.17065131      0.092959487      0.098216709      0.045689200      0.046611777       0.77771362       0.78550624       0.72191881       0.73750823       0.69789844       0.71107984        1.0000000        2.1209216        1.0000000        2.2289267        1.0000000        2.3973991        1.0000000        1.0696283        1.0000000        1.2036089        1.0000000        1.3873488 
       1.0000000        1.0000000        1.0000000        1.0000000      0.061000000        8.9229928        8.8239526       0.16341996       0.17069444      0.092835686      0.098549661      0.045731783      0.047001435       0.77659135       0.78498106       0.72159731       0.73808195       0.69831975       0.71262383        1.0000000        2.1190741        1.0000000        2.2308817        1.0000000        2.4056556        1.0000000        1.0677808        1.0000000        1.2055639        1.0000000        1.3956052 
       1.0000000        1.0000000        1.0000000        1.0000000      0.062000000        8.9020565        8.8044651       0.16318179       0.17084268      0.092662038      0.098679938      0.045500484      0.046902876       0.77478100       0.78412276       0.72027232       0.73789055       0.69633054       0.71164552        1.0000000        2.1167074        1.0000000        2.2309538        1.0000000        2.4009136        1.0000000        1.0654141        1.0000000        1.2056360        1.0000000        1.3908632 
       1.0000000        1.0000000        1.0000000        1.0000000      0.063000000        8.8573701        8.7611815       0.16277252       0.17041069      0.092657353      0.098738427      0.045666946      0.047220540       0.77338433       0.78287289       0.71987217       0.73710512       0.69697938       0.71212250        1.0000000        2.1125954        1.0000000        2.2270622        1.0000000        2.4039615        1.0000000        1.0613021        1.0000000        1.2017444        1.0000000        1.3939112 
       1.0000000        1.0000000        1.0000000        1.0000000      0.064000000        8.8223327        8.7275029       0.16233261       0.17017912      0.092652869      0.098767188      0.045787891      0.047259281       0.77176157       0.78191219       0.71932452       0.73694134       0.69753686       0.71232585        1.0000000        2.1095618        1.0000000        2.2263131        1.0000000        2.4043601        1.0000000        1.0582685        1.0000000        1.2009953        1.0000000        1.3943097 
       1.0000000        1.0000000        1.0000000        1.0000000      0.065000000        8.8187000        8.7251874       0.16205365       0.17019397      0.092652342      0.099036023      0.045835241      0.047454941       0.77009794       0.78111059       0.71835665       0.73702314       0.69768447       0.71296552        1.0000000        2.1071988        1.0000000        2.2268987        1.0000000        2.4086631        1.0000000        1.0559055        1.0000000        1.2015809        1.0000000        1.3986128 
       1.0000000        1.0000000        1.0000000        1.0000000      0.066000000        8.7844675        8.6922323       0.16197853       0.16978466      0.092765397      0.098709093      0.045929844      0.047260812       0.76892258       0.77979780       0.71794396       0.73625840       0.69791095       0.71247263        1.0000000        2.1032201        1.0000000        2.2236724        1.0000000        2.4052835        1.0000000        1.0519268        1.0000000        1.1983546        1.0000000        1.3952331 
       1.0000000        1.0000000        1.0000000        1.0000000      0.067000000        8.7401835        8.6493097       0.16188288       0.16929806      0.092822122      0.098402347      0.045993094      0.047147323       0.76820911       0.77900210       0.71777481       0.73602116       0.69827695       0.71179354        1.0000000        2.1004606        1.0000000        2.2223078        1.0000000        2.4016169        1.0000000        1.0491673        1.0000000        1.1969899        1.0000000        1.3915665 
       1.0000000        1.0000000        1.0000000        1.0000000      0.068000000        8.7195407        8.6298666       0.16156892       0.16899664      0.092758470      0.098257102      0.046053123      0.047169327       0.76709801       0.77827250       0.71715365       0.73571942       0.69822933       0.71178419        1.0000000        2.0981537        1.0000000        2.2205731        1.0000000        2.4006806        1.0000000        1.0468604        1.0000000        1.1952553        1.0000000        1.3906302 
       1.0000000        1.0000000        1.0000000        1.0000000      0.069000000        8.6717436        8.5832348       0.16137103       0.16858171      0.092770213      0.097826897      0.046076349      0.046583532       0.76552748       0.77734962       0.71639751       0.73484550       0.69848275       0.70869466        1.0000000        2.0952872        1.0000000        2.2181393        1.0000000        2.3882930        1.0000000        1.0439939        1.0000000        1.1928214        1.0000000        1.3782427 
       1.0000000        1.0000000        1.0000000        1.0000000      0.070000000        8.6535522        8.5661757       0.16102306       0.16850227      0.092669549      0.097843432      0.046123847      0.046554806       0.76443091       0.77664597       0.71580305       0.73491215       0.69871998       0.70883122        1.0000000        2.0930296        1.0000000        2.2183976        1.0000000        2.3885012        1.0000000        1.0417363        1.0000000        1.1930797        1.0000000        1.3784508 
       1.0000000        1.0000000        1.0000000        1.0000000      0.071000000        8.6330934        8.5468178       0.16041130       0.16823725      0.092437568      0.097697548      0.046074409      0.046503220       0.76334983       0.77587347       0.71574934       0.73462147       0.69829513       0.70860526        1.0000000        2.0906156        1.0000000        2.2170463        1.0000000        2.3870181        1.0000000        1.0393223        1.0000000        1.1917285        1.0000000        1.3769678 
       1.0000000        1.0000000        1.0000000        1.0000000      0.072000000        8.5995535        8.5143487       0.16009557       0.16821346      0.092400230      0.097823503      0.046074765      0.046585465       0.76174023       0.77503949       0.71494013       0.73459585       0.69813859       0.70880656        1.0000000        2.0882047        1.0000000        2.2171015        1.0000000        2.3882319        1.0000000        1.0369114        1.0000000        1.1917837        1.0000000        1.3781816 
       1.0000000        1.0000000        1.0000000        1.0000000      0.073000000        8.5799741        8.4958111       0.15978393       0.16678744      0.092299508      0.096635006      0.046047046      0.045965562       0.76108076       0.77364138       0.71491342       0.73380996       0.69811770       0.70817048        1.0000000        2.0829835        1.0000000        2.2119194        1.0000000        2.3795569        1.0000000        1.0316902        1.0000000        1.1866016        1.0000000        1.3695066 
       1.0000000        1.0000000        1.0000000        1.0000000      0.074000000        8.5686286        8.4854797       0.15930939       0.16686855      0.092213084      0.096786206      0.046092756      0.046085031       0.75932036       0.77291660       0.71411902       0.73417714       0.69806066       0.70866364        1.0000000        2.0808940        1.0000000        2.2131765        1.0000000        2.3825145        1.0000000        1.0296007        1.0000000        1.1878587        1.0000000        1.3724642 
       1.0000000        1.0000000        1.0000000        1.0000000      0.075000000        8.5593848        8.4772235       0.15919503       0.16684376      0.092197123      0.096906413      0.046057695      0.046120535       0.75811524       0.77224768       0.71369577       0.73430292       0.69792638       0.70874622        1.0000000        2.0788409        1.0000000        2.2139412        1.0000000        2.3838612        1.0000000        1.0275476        1.0000000        1.1886234        1.0000000        1.3738109 
       1.0000000        1.0000000        1.0000000        1.0000000      0.076000000        8.5456441        8.4644450       0.15892674       0.16664063      0.092109314      0.096807174      0.045988682      0.045989478       0.75674609       0.77120891       0.71297437       0.73393215       0.69786375       0.70785924        1.0000000        2.0757115        1.0000000        2.2128866        1.0000000        2.3795864        1.0000000        1.0244182        1.0000000        1.1875688        1.0000000        1.3695360 
       1.0000000        1.0000000        1.0000000        1.0000000      0.077000000        8.5454385        8.4651769       0.15870994       0.16588456      0.092086765      0.096300745      0.046017363      0.045766570       0.75551713       0.76942536       0.71237714       0.73300457       0.69784025       0.70659298        1.0000000        2.0701521        1.0000000        2.2097819        1.0000000        2.3721669        1.0000000        1.0188588        1.0000000        1.1844641        1.0000000        1.3621165 
       1.0000000        1.0000000        1.0000000        1.0000000      0.078000000        8.5444777        8.4651302       0.15846457       0.16627569      0.092053549      0.096689148      0.046045878      0.045967050       0.75426902       0.76942011       0.71189761       0.73370129       0.69760215       0.70696361        1.0000000        2.0702967        1.0000000        2.2132560        1.0000000        2.3762891        1.0000000        1.0190034        1.0000000        1.1879382        1.0000000        1.3662387 
       1.0000000        1.0000000        1.0000000        1.0000000      0.079000000        8.5112859        8.4329178       0.15806402       0.16626677      0.091980123      0.096719288      0.046127832      0.046005679       0.75274260       0.76859694       0.71102894       0.73417735       0.69778207       0.70738230        1.0000000        2.0678402        1.0000000        2.2148583        1.0000000        2.3782312        1.0000000        1.0165469        1.0000000        1.1895405        1.0000000        1.3681809 
       1.0000000        1.0000000        1.0000000        1.0000000      0.080000000        8.4877471        8.4102466       0.15765472       0.16636290      0.091944573      0.096852092      0.046195034      0.046036330       0.75110604       0.76812333       0.71060789       0.73448430       0.69783355       0.70744639        1.0000000        2.0665931        1.0000000        2.2163233        1.0000000        2.3788907        1.0000000        1.0152998        1.0000000        1.1910055        1.0000000        1.3688404 
       1.0000000        1.0000000        1.0000000        1.0000000      0.081000000        8.4725591        8.3959052       0.15743129       0.16610972      0.091952257      0.096617812      0.046242256      0.045910864       0.74961766       0.76729995       0.71046582       0.73399860       0.69794187       0.70694601        1.0000000        2.0641354        1.0000000        2.2142787        1.0000000        2.3757553        1.0000000        1.0128421        1.0000000        1.1889609        1.0000000        1.3657049 
       1.0000000        1.0000000        1.0000000        1.0000000      0.082000000        8.4628139        8.3869866       0.15732578       0.16593030      0.091949363      0.096585358      0.046229441      0.045800376       0.74817817       0.76632065       0.71004586       0.73398591       0.69772475       0.70662874        1.0000000        2.0612371        1.0000000        2.2139534        1.0000000        2.3739637        1.0000000        1.0099438        1.0000000        1.1886356        1.0000000        1.3639133 
       1.0000000        1.0000000        1.0000000        1.0000000      0.083000000        8.4310741        8.3560540       0.15714041       0.16594964      0.091868778      0.096615036      0.046149934      0.045931505       0.74719467       0.76564375       0.70957497       0.73405065       0.69777562       0.70726722        1.0000000        2.0593115        1.0000000        2.2138752        1.0000000        2.3765962        1.0000000        1.0080182        1.0000000        1.1885574        1.0000000        1.3665458 
       1.0000000        1.0000000        1.0000000        1.0000000      0.084000000        8.4027881        8.3285566       0.15694636       0.16604875      0.091752873      0.096709222      0.046122909      0.045920122       0.74627493       0.76546951       0.70911213       0.73430771       0.69804334       0.70729586        1.0000000        2.0588270        1.0000000        2.2148617        1.0000000        2.3770916        1.0000000        1.0075337        1.0000000        1.1895439        1.0000000        1.3670413 
       1.0000000        1.0000000        1.0000000        1.0000000      0.085000000        8.3727979        8.2993369       0.15689597       0.16610767      0.091758452      0.096808738      0.046132380      0.046006303       0.74586284       0.76523257       0.70881027       0.73453927       0.69769826       0.70746714        1.0000000        2.0582340        1.0000000        2.2158906        1.0000000        2.3784191        1.0000000        1.0069407        1.0000000        1.1905728        1.0000000        1.3683688 
       1.0000000        1.0000000        1.0000000        1.0000000      0.086000000        8.3597617        8.2870539       0.15676707       0.16616776      0.091741969      0.096961715      0.046082079      0.046103884       0.74472381       0.76487566       0.70855027       0.73442710       0.69671491       0.70763697        1.0000000        2.0572582        1.0000000        2.2156231        1.0000000        2.3809688        1.0000000        1.0059650        1.0000000        1.1903053        1.0000000        1.3709185 
       1.0000000        1.0000000        1.0000000        1.0000000      0.087000000        8.3475907        8.2756193       0.15668733       0.16580617      0.091804303      0.096818101      0.046128912      0.046079833       0.74369754       0.76395851       0.70835875       0.73394007       0.69680235       0.70696317        1.0000000        2.0545259        1.0000000        2.2138545        1.0000000        2.3774679        1.0000000        1.0032327        1.0000000        1.1885367        1.0000000        1.3674176 
       1.0000000        1.0000000        1.0000000        1.0000000      0.088000000        8.3224418        8.2511906       0.15664277       0.16588154      0.091825632      0.096978659      0.046120355      0.046159621       0.74311246       0.76372439       0.70846289       0.73408633       0.69691806       0.70709841        1.0000000        2.0538821        1.0000000        2.2145311        1.0000000        2.3791511        1.0000000        1.0025888        1.0000000        1.1892133        1.0000000        1.3691007 
       1.0000000        1.0000000        1.0000000        1.0000000      0.089000000        8.3019852        8.2314384       0.15644231       0.16592965      0.091660065      0.097041870      0.045981114      0.046232697       0.74246524       0.76366063       0.70754901       0.73441030       0.69595582       0.70756408        1.0000000        2.0535772        1.0000000        2.2155182        1.0000000        2.3808316        1.0000000        1.0022839        1.0000000        1.1902004        1.0000000        1.3707813 
       1.0000000        1.0000000        1.0000000        1.0000000      0.090000000        8.2874656        8.2176764       0.15626341       0.16543589      0.091444135      0.096734900      0.045741996      0.046173213       0.74191605       0.76275100       0.70745772       0.73376669       0.69585803       0.70711236        1.0000000        2.0507239        1.0000000        2.2128792        1.0000000        2.3784029        1.0000000       0.99943065        1.0000000        1.1875614        1.0000000        1.3683526 
       1.0000000        1.0000000        1.0000000        1.0000000      0.091000000        8.2631685        8.1940527       0.15621407       0.16535709      0.091502782      0.096729895      0.045821721      0.046232597       0.74141534       0.76250184       0.70750747       0.73388914       0.69621632       0.70763474        1.0000000        2.0498940        1.0000000        2.2129426        1.0000000        2.3806184        1.0000000       0.99860068        1.0000000        1.1876248        1.0000000        1.3705681 
       1.0000000        1.0000000        1.0000000        1.0000000      0.092000000        8.2391363        8.1706796       0.15615265       0.16539383      0.091504845      0.096779970      0.045791616      0.046217658       0.74036425       0.76230408       0.70715259       0.73416011       0.69579674       0.70778699        1.0000000        2.0493077        1.0000000        2.2138675        1.0000000        2.3811734        1.0000000       0.99801439        1.0000000        1.1885497        1.0000000        1.3711231 
       1.0000000        1.0000000        1.0000000        1.0000000      0.093000000        8.1989335        8.1311224       0.15583819       0.16551002      0.091395668      0.096770378      0.045816506      0.046148380       0.73937999       0.76235520       0.70669211       0.73408555       0.69574342       0.70770829        1.0000000        2.0495464        1.0000000        2.2137241        1.0000000        2.3805991        1.0000000       0.99825312        1.0000000        1.1884063        1.0000000        1.3705488 
       1.0000000        1.0000000        1.0000000        1.0000000      0.094000000        8.1776079        8.1104292       0.15559765       0.16560322      0.091217968      0.096865912      0.045687637      0.046089522       0.73845856       0.76193396       0.70581743       0.73412358       0.69479299       0.70752985        1.0000000        2.0484959        1.0000000        2.2145597        1.0000000        2.3802019        1.0000000       0.99720258        1.0000000        1.1892418        1.0000000        1.3701516 
       1.0000000        1.0000000        1.0000000        1.0000000      0.095000000        8.1514121        8.0848528       0.15530949       0.16543028      0.091090057      0.096806820      0.045610514      0.046093940       0.73740767       0.76160118       0.70535300       0.73399364       0.69421122       0.70788815        1.0000000        2.0473707        1.0000000        2.2134684        1.0000000        2.3813583        1.0000000       0.99607736        1.0000000        1.1881506        1.0000000        1.3713080 
       1.0000000        1.0000000        1.0000000        1.0000000      0.096000000        8.1428334        8.0768813       0.15537830       0.16528394      0.091184156      0.096649468      0.045641214      0.046008187       0.73700075       0.76122875       0.70564281       0.73376898       0.69441533       0.70754205        1.0000000        2.0464744        1.0000000        2.2124929        1.0000000        2.3792698        1.0000000       0.99518110        1.0000000        1.1871751        1.0000000        1.3692195 
       1.0000000        1.0000000        1.0000000        1.0000000      0.097000000        8.1323202        8.0669632       0.15528637       0.16543317      0.091188500      0.096741099      0.045650005      0.046014057       0.73632663       0.76162509       0.70549950       0.73418782       0.69432945       0.70745529        1.0000000        2.0475472        1.0000000        2.2142385        1.0000000        2.3795217        1.0000000       0.99625387        1.0000000        1.1889206        1.0000000        1.3694713 
       1.0000000        1.0000000        1.0000000        1.0000000      0.098000000        8.1295183        8.0647448       0.15530634       0.16555162      0.091352402      0.096961829      0.045732317      0.046138934       0.73596128       0.76121451       0.70562571       0.73448906       0.69458818       0.70753323        1.0000000        2.0464984        1.0000000        2.2158190        1.0000000        2.3812112        1.0000000       0.99520508        1.0000000        1.1905012        1.0000000        1.3711608 
       1.0000000        1.0000000        1.0000000        1.0000000      0.099000000        8.1048190        8.0406175       0.15530597       0.16548307      0.091366063      0.096884251      0.045730367      0.046021156       0.73543158       0.76101765       0.70556569       0.73426929       0.69503196       0.70723987        1.0000000        2.0459603        1.0000000        2.2149225        1.0000000        2.3792722        1.0000000       0.99466702        1.0000000        1.1896047        1.0000000        1.3692219 
       1.0000000        1.0000000        1.0000000        1.0000000       0.10000000        8.0893252        8.0256850       0.15523434       0.16549128      0.091484177      0.096912143      0.045851519      0.045949072       0.73500053       0.76074182       0.70566116       0.73417261       0.69546166       0.70706092        1.0000000        2.0451669        1.0000000        2.2146402        1.0000000        2.3783936        1.0000000       0.99387357        1.0000000        1.1893223        1.0000000        1.3683433 
       1.0000000        1.0000000        1.0000000        1.0000000       0.10100000        8.0697668        8.0067315       0.15511134       0.16542715      0.091475889      0.096855941      0.045865158      0.045833908       0.73405592       0.76047638       0.70529666       0.73409672       0.69510246       0.70716940        1.0000000        2.0443817        1.0000000        2.2139533        1.0000000        2.3790186        1.0000000       0.99308836        1.0000000        1.1886355        1.0000000        1.3689682 
       1.0000000        1.0000000        1.0000000        1.0000000       0.10200000        8.0373604        7.9748643       0.15455751       0.16567551      0.091009211      0.097072828      0.045520984      0.045850851       0.73240865       0.76028046       0.70364582       0.73460061       0.69399391       0.70749797        1.0000000        2.0439541        1.0000000        2.2160603        1.0000000        2.3809166        1.0000000       0.99266080        1.0000000        1.1907425        1.0000000        1.3708662 
       1.0000000        1.0000000        1.0000000        1.0000000       0.10300000        8.0202782        7.9583112       0.15462201       0.16559872      0.091152478      0.097158589      0.045588582      0.046215900       0.73203315       0.76030355       0.70382364       0.73521076       0.69432783       0.70926940        1.0000000        2.0439332        1.0000000        2.2166605        1.0000000        2.3867542        1.0000000       0.99263991        1.0000000        1.1913427        1.0000000        1.3767039 
       1.0000000        1.0000000        1.0000000        1.0000000       0.10400000        7.9967855        7.9353379       0.15469855       0.16578945      0.091365149      0.097371537      0.045717746      0.046423932       0.73161264       0.76064713       0.70433537       0.73571069       0.69474486       0.70964541        1.0000000        2.0449528        1.0000000        2.2186238        1.0000000        2.3896943        1.0000000       0.99365955        1.0000000        1.1933060        1.0000000        1.3796439 
       1.0000000        1.0000000        1.0000000        1.0000000       0.10500000        7.9833345        7.9223970       0.15465592       0.16575617      0.091295422      0.097355103      0.045697106      0.046456612       0.73114388       0.76044750       0.70399509       0.73561060       0.69456851       0.70945084        1.0000000        2.0443991        1.0000000        2.2185867        1.0000000        2.3891918        1.0000000       0.99310581        1.0000000        1.1932689        1.0000000        1.3791415 
       1.0000000        1.0000000        1.0000000        1.0000000       0.10600000        7.9951455        7.9347088       0.15462138       0.16587018      0.091364302      0.097476764      0.045781735      0.046585025       0.73082996       0.76049768       0.70420411       0.73543874       0.69490400       0.70956177        1.0000000        2.0445287        1.0000000        2.2182405        1.0000000        2.3896702        1.0000000       0.99323544        1.0000000        1.1929227        1.0000000        1.3796198 
       1.0000000        1.0000000        1.0000000        1.0000000       0.10700000        7.9795522        7.9196073       0.15457727       0.16583225      0.091457991      0.097491172      0.045952260      0.046654623       0.73056061       0.76027000       0.70438192       0.73528965       0.69567201       0.70950166        1.0000000        2.0437448        1.0000000        2.2178779        1.0000000        2.3897211        1.0000000       0.99245152        1.0000000        1.1925601        1.0000000        1.3796707 
       1.0000000        1.0000000        1.0000000        1.0000000       0.10800000        7.9720014        7.9125396       0.15453944       0.16563850      0.091484558      0.097336257      0.045984409      0.046534606       0.73021685       0.75988369       0.70447158       0.73509934       0.69576021       0.70912038        1.0000000        2.0425349        1.0000000        2.2172030        1.0000000        2.3876755        1.0000000       0.99124164        1.0000000        1.1918852        1.0000000        1.3776251 
       1.0000000        1.0000000        1.0000000        1.0000000       0.10900000        7.9559284        7.8969414       0.15445986       0.16562181      0.091453193      0.097317088      0.045935885      0.046532279       0.72952661       0.75972759       0.70404451       0.73503009       0.69522375       0.70913167        1.0000000        2.0420851        1.0000000        2.2170055        1.0000000        2.3875965        1.0000000       0.99079182        1.0000000        1.1916877        1.0000000        1.3775462 
       1.0000000        1.0000000        1.0000000        1.0000000       0.11000000        7.9424990        7.8839785       0.15422725       0.16570006      0.091397149      0.097471347      0.045974119      0.046688936       0.72866166       0.75986250       0.70382880       0.73565176       0.69539773       0.70964059        1.0000000        2.0421975        1.0000000        2.2191364        1.0000000        2.3909523        1.0000000       0.99090423        1.0000000        1.1938186        1.0000000        1.3809020 
       1.0000000        1.0000000        1.0000000        1.0000000       0.11100000        7.9233424        7.8652803       0.15405235       0.16551763      0.091376603      0.097347546      0.046113510      0.046743052       0.72799341       0.75942855       0.70332803       0.73543746       0.69599112       0.70983275        1.0000000        2.0409112        1.0000000        2.2179557        1.0000000        2.3915539        1.0000000       0.98961791        1.0000000        1.1926379        1.0000000        1.3815035 
       1.0000000        1.0000000        1.0000000        1.0000000       0.11200000        7.9060934        7.8484821       0.15385856       0.16550574      0.091250863      0.097322704      0.046116935      0.046636562       0.72762662       0.75933919       0.70298927       0.73558346       0.69606639       0.70988332        1.0000000        2.0406108        1.0000000        2.2181111        1.0000000        2.3907261        1.0000000       0.98931746        1.0000000        1.1927933        1.0000000        1.3806757 
       1.0000000        1.0000000        1.0000000        1.0000000       0.11300000        7.8889832        7.8318589       0.15377061       0.16546906      0.091113574      0.097298631      0.045957447      0.046550058       0.72692620       0.75921900       0.70202517       0.73539766       0.69471968       0.70938107        1.0000000        2.0403573        1.0000000        2.2178545        1.0000000        2.3888615        1.0000000       0.98906404        1.0000000        1.1925367        1.0000000        1.3788111 
       1.0000000        1.0000000        1.0000000        1.0000000       0.11400000        7.8699859        7.8132966       0.15371469       0.16508861      0.091117008      0.096936383      0.045986297      0.046287680       0.72669481       0.75834930       0.70230467       0.73427902       0.69493259       0.70831721        1.0000000        2.0379615        1.0000000        2.2136264        1.0000000        2.3834610        1.0000000       0.98666817        1.0000000        1.1883086        1.0000000        1.3734107 
       1.0000000        1.0000000        1.0000000        1.0000000       0.11500000        7.8785104        7.8222489       0.15377732       0.16483754      0.091217639      0.096741911      0.046048860      0.046269060       0.72667012       0.75773602       0.70267528       0.73383567       0.69518082       0.70816172        1.0000000        2.0361300        1.0000000        2.2115202        1.0000000        2.3823085        1.0000000       0.98483669        1.0000000        1.1862024        1.0000000        1.3722581 
       1.0000000        1.0000000        1.0000000        1.0000000       0.11600000        7.8725434        7.8167027       0.15376345       0.16492751      0.091154906      0.096866147      0.045977365      0.046374854       0.72637567       0.75790814       0.70258690       0.73406810       0.69510729       0.70841195        1.0000000        2.0366016        1.0000000        2.2123042        1.0000000        2.3845539        1.0000000       0.98530834        1.0000000        1.1869864        1.0000000        1.3745035 
       1.0000000        1.0000000        1.0000000        1.0000000       0.11700000        7.8605244        7.8050977       0.15336736       0.16503757      0.090756835      0.096940282      0.045653573      0.046400497       0.72484063       0.75793262       0.70127864       0.73419723       0.69423023       0.70823151        1.0000000        2.0368452        1.0000000        2.2131393        1.0000000        2.3845879        1.0000000       0.98555194        1.0000000        1.1878215        1.0000000        1.3745376 
       1.0000000        1.0000000        1.0000000        1.0000000       0.11800000        7.8546205        7.7996010       0.15331888       0.16520193      0.090772373      0.097056562      0.045703665      0.046471220       0.72463463       0.75835665       0.70137302       0.73461892       0.69455269       0.70861438        1.0000000        2.0380212        1.0000000        2.2146721        1.0000000        2.3862205        1.0000000       0.98672790        1.0000000        1.1893543        1.0000000        1.3761702 
       1.0000000        1.0000000        1.0000000        1.0000000       0.11900000        7.8340255        7.7794069       0.15333362       0.16513361      0.090795037      0.097090230      0.045754100      0.046449114       0.72447908       0.75818102       0.70152071       0.73437327       0.69472974       0.70851158        1.0000000        2.0374069        1.0000000        2.2135395        1.0000000        2.3855168        1.0000000       0.98611363        1.0000000        1.1882217        1.0000000        1.3754664 
       1.0000000        1.0000000        1.0000000        1.0000000       0.12000000        7.8138564        7.7596323       0.15337971       0.16540893      0.090906261      0.097298892      0.045880589      0.046683794       0.72433697       0.75884255       0.70167396       0.73523050       0.69509412       0.70947305        1.0000000        2.0393507        1.0000000        2.2164694        1.0000000        2.3901248        1.0000000       0.98805742        1.0000000        1.1911516        1.0000000        1.3800744 
       1.0000000        1.0000000        1.0000000        1.0000000       0.12100000        7.7933381        7.7395022       0.15346618       0.16532253      0.090992277      0.097231278      0.045940237      0.046590721       0.72425813       0.75851492       0.70172006       0.73476898       0.69509554       0.70906249        1.0000000        2.0384389        1.0000000        2.2146787        1.0000000        2.3876948        1.0000000       0.98714559        1.0000000        1.1893609        1.0000000        1.3776445 
       1.0000000        1.0000000        1.0000000        1.0000000       0.12200000        7.7739429        7.7204894       0.15353659       0.16535443      0.091016165      0.097225912      0.045915382      0.046534858       0.72435061       0.75852485       0.70212830       0.73480647       0.69525922       0.70899899        1.0000000        2.0384803        1.0000000        2.2149513        1.0000000        2.3873044        1.0000000       0.98718701        1.0000000        1.1896335        1.0000000        1.3772541 
       1.0000000        1.0000000        1.0000000        1.0000000       0.12300000        7.7536201        7.7005429       0.15349961       0.16526886      0.091040648      0.097159666      0.045922114      0.046539939       0.72408783       0.75841106       0.70215753       0.73480206       0.69542094       0.70944334        1.0000000        2.0380823        1.0000000        2.2144447        1.0000000        2.3873514        1.0000000       0.98678901        1.0000000        1.1891269        1.0000000        1.3773010 
       1.0000000        1.0000000        1.0000000        1.0000000       0.12400000        7.7400574        7.6873877       0.15341886       0.16545578      0.090978175      0.097305437      0.045953050      0.046656090       0.72346472       0.75887521       0.70156723       0.73536501       0.69547805       0.71027768        1.0000000        2.0394488        1.0000000        2.2163995        1.0000000        2.3904678        1.0000000       0.98815549        1.0000000        1.1910817        1.0000000        1.3804174 
       1.0000000        1.0000000        1.0000000        1.0000000       0.12500000        7.7347549        7.6824496       0.15327614       0.16557926      0.090878683      0.097508158      0.045864307      0.046813933       0.72288204       0.75923191       0.70123993       0.73595019       0.69506445       0.71079694        1.0000000        2.0403022        1.0000000        2.2186330        1.0000000        2.3936283        1.0000000       0.98900892        1.0000000        1.1933151        1.0000000        1.3835780 
       1.0000000        1.0000000        1.0000000        1.0000000       0.12600000        7.7190575        7.6671113       0.15327909       0.16568758      0.090938935      0.097571917      0.045931914      0.046771703       0.72274779       0.75938201       0.70142680       0.73593423       0.69517641       0.71027406        1.0000000        2.0408264        1.0000000        2.2187754        1.0000000        2.3914379        1.0000000       0.98953308        1.0000000        1.1934576        1.0000000        1.3813876 
       1.0000000        1.0000000        1.0000000        1.0000000       0.12700000        7.7091359        7.6575434       0.15314504       0.16563987      0.090857368      0.097478630      0.045913752      0.046674563       0.72241623       0.75933226       0.70102104       0.73571494       0.69512246       0.71004356        1.0000000        2.0406650        1.0000000        2.2177705        1.0000000        2.3891461        1.0000000       0.98937168        1.0000000        1.1924527        1.0000000        1.3790957 
       1.0000000        1.0000000        1.0000000        1.0000000       0.12800000        7.6959006        7.6446565       0.15286912       0.16564457      0.090687223      0.097451386      0.045788453      0.046626957       0.72154979       0.75946182       0.70052608       0.73565353       0.69488982       0.70989418        1.0000000        2.0410569        1.0000000        2.2174228        1.0000000        2.3877314        1.0000000       0.98976364        1.0000000        1.1921050        1.0000000        1.3776811 
       1.0000000        1.0000000        1.0000000        1.0000000       0.12900000        7.6850767        7.6341759       0.15299104       0.16571281      0.090767374      0.097494840      0.045777141      0.046552118       0.72159116       0.75937726       0.70094030       0.73579173       0.69492432       0.70993154        1.0000000        2.0407516        1.0000000        2.2178892        1.0000000        2.3874761        1.0000000       0.98945826        1.0000000        1.1925714        1.0000000        1.3774258 
       1.0000000        1.0000000        1.0000000        1.0000000       0.13000000        7.6748895        7.6243271       0.15297943       0.16593786      0.090694369      0.097680393      0.045608510      0.046670404       0.72089805       0.75985400       0.70043409       0.73628380       0.69406837       0.71015103        1.0000000        2.0421972        1.0000000        2.2200464        1.0000000        2.3901004        1.0000000       0.99090387        1.0000000        1.1947286        1.0000000        1.3800500 
       1.0000000        1.0000000        1.0000000        1.0000000       0.13100000        7.6541975        7.6039686       0.15290428       0.16617603      0.090679043      0.097884551      0.045664297      0.046841486       0.72070962       0.76021983       0.70028624       0.73687852       0.69425065       0.71118691        1.0000000        2.0432723        1.0000000        2.2221056        1.0000000        2.3944475        1.0000000       0.99197904        1.0000000        1.1967878        1.0000000        1.3843972 
       1.0000000        1.0000000        1.0000000        1.0000000       0.13200000        7.6389555        7.5890553       0.15272769       0.16604064      0.090656945      0.097792615      0.045761825      0.046827290       0.72008734       0.76004560       0.69988663       0.73673829       0.69457359       0.71100660        1.0000000        2.0427137        1.0000000        2.2214716        1.0000000        2.3937122        1.0000000       0.99142038        1.0000000        1.1961538        1.0000000        1.3836618 
       1.0000000        1.0000000        1.0000000        1.0000000       0.13300000        7.6342732        7.5846971       0.15276053       0.16603231      0.090665329      0.097693989      0.045734591      0.046738808       0.71976972       0.75996678       0.69974432       0.73608644       0.69438160       0.71023573        1.0000000        2.0427759        1.0000000        2.2196948        1.0000000        2.3904590        1.0000000       0.99148264        1.0000000        1.1943770        1.0000000        1.3804087 
       1.0000000        1.0000000        1.0000000        1.0000000       0.13400000        7.6103132        7.5610566       0.15272272       0.16633010      0.090573332      0.097961962      0.045650181      0.046921815       0.71956230       0.76062349       0.69948692       0.73683524       0.69421775       0.71085560        1.0000000        2.0445959        1.0000000        2.2224936        1.0000000        2.3948847        1.0000000       0.99330259        1.0000000        1.1971758        1.0000000        1.3848343 
       1.0000000        1.0000000        1.0000000        1.0000000       0.13500000        7.6041930        7.5552827       0.15266613       0.16603968      0.090447655      0.097843969      0.045562591      0.046951483       0.71947734       0.75972241       0.69916102       0.73605469       0.69406610       0.71082289        1.0000000        2.0419711        1.0000000        2.2191480        1.0000000        2.3949962        1.0000000       0.99067780        1.0000000        1.1938302        1.0000000        1.3849459 
       1.0000000        1.0000000        1.0000000        1.0000000       0.13600000        7.5836120        7.5350120       0.15277657       0.16601944      0.090537272      0.097911157      0.045619294      0.047086945       0.71967454       0.75965809       0.69938078       0.73606654       0.69432951       0.71087550        1.0000000        2.0418249        1.0000000        2.2191955        1.0000000        2.3956898        1.0000000       0.99053161        1.0000000        1.1938777        1.0000000        1.3856395 
       1.0000000        1.0000000        1.0000000        1.0000000       0.13700000        7.5648779        7.5165838       0.15272139       0.16594902      0.090648602      0.097836981      0.045748655      0.047020855       0.71951251       0.75959162       0.69975603       0.73602696       0.69478802       0.71085106        1.0000000        2.0415511        1.0000000        2.2187113        1.0000000        2.3947055        1.0000000       0.99025786        1.0000000        1.1933935        1.0000000        1.3846552 
       1.0000000        1.0000000        1.0000000        1.0000000       0.13800000        7.5486358        7.5006435       0.15259733       0.16608706      0.090534233      0.098025519      0.045661309      0.047117173       0.71898323       0.75957655       0.69917930       0.73641163       0.69385540       0.71126202        1.0000000        2.0415511        1.0000000        2.2202276        1.0000000        2.3969537        1.0000000       0.99025780        1.0000000        1.1949098        1.0000000        1.3869034 
       1.0000000        1.0000000        1.0000000        1.0000000       0.13900000        7.5364242        7.4887296       0.15266539       0.16589885      0.090576048      0.097936394      0.045658744      0.047150886       0.71874523       0.75905748       0.69903456       0.73603538       0.69368900       0.71159643        1.0000000        2.0400088        1.0000000        2.2187076        1.0000000        2.3983211        1.0000000       0.98871554        1.0000000        1.1933898        1.0000000        1.3882708 
       1.0000000        1.0000000        1.0000000        1.0000000       0.14000000        7.5159568        7.4685559       0.15272499       0.16581291      0.090632842      0.097900795      0.045678973      0.047174555       0.71873315       0.75869752       0.69932585       0.73607311       0.69386840       0.71166427        1.0000000        2.0389355        1.0000000        2.2187859        1.0000000        2.3979866        1.0000000       0.98764216        1.0000000        1.1934681        1.0000000        1.3879362 
       1.0000000        1.0000000        1.0000000        1.0000000       0.14100000        7.5077068        7.4605957       0.15270513       0.16583027      0.090585618      0.097929458      0.045648899      0.047213307       0.71873511       0.75858428       0.69914234       0.73570056       0.69372339       0.71202739        1.0000000        2.0386859        1.0000000        2.2175517        1.0000000        2.3998507        1.0000000       0.98739264        1.0000000        1.1922339        1.0000000        1.3898003 
       1.0000000        1.0000000        1.0000000        1.0000000       0.14200000        7.5011654        7.4543403       0.15271079       0.16579007      0.090577209      0.097945758      0.045665239      0.047295548       0.71841411       0.75844022       0.69892831       0.73571464       0.69381239       0.71251079        1.0000000        2.0382688        1.0000000        2.2175192        1.0000000        2.4016315        1.0000000       0.98697553        1.0000000        1.1922014        1.0000000        1.3915812 
       1.0000000        1.0000000        1.0000000        1.0000000       0.14300000        7.4869494        7.4404065       0.15275387       0.16569837      0.090602655      0.097840699      0.045664349      0.047196805       0.71853115       0.75844135       0.69913793       0.73581574       0.69389678       0.71240329        1.0000000        2.0381586        1.0000000        2.2175799        1.0000000        2.4004069        1.0000000       0.98686529        1.0000000        1.1922621        1.0000000        1.3903566 
       1.0000000        1.0000000        1.0000000        1.0000000       0.14400000        7.4733687        7.4271043       0.15273285       0.16563829      0.090603278      0.097773270      0.045679611      0.047129035       0.71869965       0.75828407       0.69937084       0.73571682       0.69418943       0.71219140        1.0000000        2.0376633        1.0000000        2.2173611        1.0000000        2.3991857        1.0000000       0.98636997        1.0000000        1.1920433        1.0000000        1.3891354 
       1.0000000        1.0000000        1.0000000        1.0000000       0.14500000        7.4587978        7.4128083       0.15265818       0.16564119      0.090600468      0.097809693      0.045654743      0.047129129       0.71835088       0.75838246       0.69924206       0.73597480       0.69396112       0.71225397        1.0000000        2.0377651        1.0000000        2.2182386        1.0000000        2.4000001        1.0000000       0.98647180        1.0000000        1.1929208        1.0000000        1.3899498 
       1.0000000        1.0000000        1.0000000        1.0000000       0.14600000        7.4515823        7.4058642       0.15288308       0.16582971      0.090773371      0.098055495      0.045778817      0.047273831       0.71875008       0.75837066       0.69983716       0.73639437       0.69470044       0.71264822        1.0000000        2.0377592        1.0000000        2.2198913        1.0000000        2.4027463        1.0000000       0.98646594        1.0000000        1.1945735        1.0000000        1.3926960 
       1.0000000        1.0000000        1.0000000        1.0000000       0.14700000        7.4321192        7.3866956       0.15281736       0.16583670      0.090638401      0.097980922      0.045677718      0.047264071       0.71844863       0.75846074       0.69932204       0.73621894       0.69427924       0.71249771        1.0000000        2.0380902        1.0000000        2.2192807        1.0000000        2.4010975        1.0000000       0.98679688        1.0000000        1.1939629        1.0000000        1.3910472 
       1.0000000        1.0000000        1.0000000        1.0000000       0.14800000        7.4172822        7.3721227       0.15279357       0.16581490      0.090597931      0.097892100      0.045634214      0.047149367       0.71859066       0.75840543       0.69948050       0.73598585       0.69426345       0.71231095        1.0000000        2.0379967        1.0000000        2.2188013        1.0000000        2.4007569        1.0000000       0.98670336        1.0000000        1.1934835        1.0000000        1.3907066 
       1.0000000        1.0000000        1.0000000        1.0000000       0.14900000        7.4022976        7.3573989       0.15284035       0.16581251      0.090648285      0.097891839      0.045653494      0.047176253       0.71861502       0.75839749       0.69961814       0.73636132       0.69417952       0.71253542        1.0000000        2.0378402        1.0000000        2.2200012        1.0000000        2.4016017        1.0000000       0.98654693        1.0000000        1.1946834        1.0000000        1.3915513 
       1.0000000        1.0000000        1.0000000        1.0000000       0.15000000        7.3890525        7.3444114       0.15262188       0.16569363      0.090519738      0.097828109      0.045509446      0.047147090       0.71793718       0.75827207       0.69919553       0.73621060       0.69388521       0.71282177        1.0000000        2.0374366        1.0000000        2.2189924        1.0000000        2.4020116        1.0000000       0.98614334        1.0000000        1.1936746        1.0000000        1.3919613 
       1.0000000        1.0000000        1.0000000        1.0000000       0.15100000        7.3790922        7.3347055       0.15246355       0.16561565      0.090445803      0.097763601      0.045496414      0.047130926       0.71753099       0.75825975       0.69877030       0.73617113       0.69383396       0.71274695        1.0000000        2.0373731        1.0000000        2.2187309        1.0000000        2.4012682        1.0000000       0.98607985        1.0000000        1.1934131        1.0000000        1.3912178 
       1.0000000        1.0000000        1.0000000        1.0000000       0.15200000        7.3649264        7.3207910       0.15237596       0.16563436      0.090464116      0.097772268      0.045567956      0.047134229       0.71711545       0.75837376       0.69852761       0.73635588       0.69415071       0.71315866        1.0000000        2.0375974        1.0000000        2.2190443        1.0000000        2.4025891        1.0000000       0.98630409        1.0000000        1.1937265        1.0000000        1.3925387 
       1.0000000        1.0000000        1.0000000        1.0000000       0.15300000        7.3559518        7.3120645       0.15239861       0.16558437      0.090485371      0.097692234      0.045624346      0.047074210       0.71721862       0.75824022       0.69869010       0.73602878       0.69447561       0.71286600        1.0000000        2.0372527        1.0000000        2.2179247        1.0000000        2.4013547        1.0000000       0.98595942        1.0000000        1.1926069        1.0000000        1.3913044 
       1.0000000        1.0000000        1.0000000        1.0000000       0.15400000        7.3530517        7.3094095       0.15230455       0.16556396      0.090405500      0.097533863      0.045586346      0.046920350       0.71697112       0.75839232       0.69833876       0.73572350       0.69426165       0.71276453        1.0000000        2.0378210        1.0000000        2.2164824        1.0000000        2.3992515        1.0000000       0.98652770        1.0000000        1.1911646        1.0000000        1.3892012 
       1.0000000        1.0000000        1.0000000        1.0000000       0.15500000        7.3417133        7.2983133       0.15234979       0.16579222      0.090471983      0.097716317      0.045646925      0.047207370       0.71692793       0.75868978       0.69845755       0.73575457       0.69440630       0.71320300        1.0000000        2.0387815        1.0000000        2.2170278        1.0000000        2.4027587        1.0000000       0.98748820        1.0000000        1.1917100        1.0000000        1.3927083 
       1.0000000        1.0000000        1.0000000        1.0000000       0.15600000        7.3290839        7.2859232       0.15233229       0.16576816      0.090442884      0.097606255      0.045606543      0.047181250       0.71676538       0.75900663       0.69819923       0.73575352       0.69402000       0.71305408        1.0000000        2.0396611        1.0000000        2.2171028        1.0000000        2.4022009        1.0000000       0.98836785        1.0000000        1.1917850        1.0000000        1.3921505 
       1.0000000        1.0000000        1.0000000        1.0000000       0.15700000        7.3158730        7.2729487       0.15240852       0.16579277      0.090579092      0.097617869      0.045708080      0.047170216       0.71685759       0.75907634       0.69839148       0.73583734       0.69434987       0.71303762        1.0000000        2.0398451        1.0000000        2.2173532        1.0000000        2.4021940        1.0000000       0.98855181        1.0000000        1.1920354        1.0000000        1.3921436 
       1.0000000        1.0000000        1.0000000        1.0000000       0.15800000        7.2977014        7.2550340       0.15255856       0.16576599      0.090683659      0.097681563      0.045749391      0.047261035       0.71710770       0.75905119       0.69871455       0.73600083       0.69428085       0.71318468        1.0000000        2.0396849        1.0000000        2.2177880        1.0000000        2.4032773        1.0000000       0.98839163        1.0000000        1.1924702        1.0000000        1.3932269 
       1.0000000        1.0000000        1.0000000        1.0000000       0.15900000        7.2914754        7.2490386       0.15250899       0.16565453      0.090748331      0.097682899      0.045823450      0.047383256       0.71673142       0.75879135       0.69853484       0.73603961       0.69440641       0.71384326        1.0000000        2.0388621        1.0000000        2.2173629        1.0000000        2.4059643        1.0000000       0.98756876        1.0000000        1.1920451        1.0000000        1.3959140 
       1.0000000        1.0000000        1.0000000        1.0000000       0.16000000        7.2729531        7.2307441       0.15256264       0.16566929      0.090841617      0.097643490      0.045867553      0.047227704       0.71672752       0.75857013       0.69885957       0.73564727       0.69453439       0.71308855        1.0000000        2.0383972        1.0000000        2.2162688        1.0000000        2.4020733        1.0000000       0.98710387        1.0000000        1.1909510        1.0000000        1.3920230 
