
       1.0000000        1.0000000        1.0000000        1.0000000      0.035000000        10.531834        10.377771       0.14740506       0.15306454      0.083377535      0.086601996      0.041653330      0.041687058       0.75356323       0.76183635       0.70227545       0.71022097       0.68259650       0.68948002        1.0000000        2.0403299        1.0000000        2.1040457        1.0000000        2.2517424        1.0000000       0.98903658        1.0000000        1.0787279        1.0000000        1.2416921 
       1.0000000        1.0000000        1.0000000        1.0000000      0.036000000        10.447408        10.297592       0.14668972       0.15250013      0.083170261      0.086526678      0.041658490      0.041741745       0.75096180       0.75983401       0.70063421       0.70941363       0.68212322       0.68922022        1.0000000        2.0339454        1.0000000        2.1008507        1.0000000        2.2513198        1.0000000       0.98265213        1.0000000        1.0755329        1.0000000        1.2412695 
       1.0000000        1.0000000        1.0000000        1.0000000      0.037000000        10.336635        10.190812       0.14549600       0.15076144      0.082890811      0.084724664      0.041683882      0.040041246       0.74756622       0.75452949       0.69895358       0.70563157       0.68220614       0.68239125        1.0000000        2.0183689        1.0000000        2.0861293        1.0000000        2.2136651        1.0000000       0.96707558        1.0000000        1.0608115        1.0000000        1.2036148 
       1.0000000        1.0000000        1.0000000        1.0000000      0.038000000        10.291313        10.149253       0.14490684       0.14987917      0.082578830      0.084329154      0.041273591      0.040048649       0.74477275       0.75245444       0.69683326       0.70443472       0.68083755       0.68193118        1.0000000        2.0119081        1.0000000        2.0798632        1.0000000        2.2123101        1.0000000       0.96061479        1.0000000        1.0545454        1.0000000        1.2022598 
       1.0000000        1.0000000        1.0000000        1.0000000      0.039000000        10.188500        10.049992       0.14418421       0.14949162      0.082344209      0.084411248      0.041372732      0.040180249       0.74324921       0.75110570       0.69629070       0.70406196       0.68142541       0.68232127        1.0000000        2.0073587        1.0000000        2.0782687        1.0000000        2.2146410        1.0000000       0.95606537        1.0000000        1.0529509        1.0000000        1.2045907 
       1.0000000        1.0000000        1.0000000        1.0000000      0.040000000        10.115131        9.9799834       0.14354112       0.14918647      0.081953096      0.084431082      0.041145611      0.040251148       0.74108025       0.74939924       0.69503170       0.70352247       0.67974625       0.68276736        1.0000000        2.0020830        1.0000000        2.0764141        1.0000000        2.2176160        1.0000000       0.95078972        1.0000000        1.0510963        1.0000000        1.2075656 
       1.0000000        1.0000000        1.0000000        1.0000000      0.041000000        10.043683        9.9117180       0.14310588       0.14874260      0.081813620      0.084180091      0.041062361      0.040026030       0.73981370       0.74785342       0.69460763       0.70320319       0.67938423       0.68161865        1.0000000        1.9970723        1.0000000        2.0748094        1.0000000        2.2114480        1.0000000       0.94577904        1.0000000        1.0494916        1.0000000        1.2013977 
       1.0000000        1.0000000        1.0000000        1.0000000      0.042000000        9.9513979        9.8224536       0.14270890       0.14849998      0.081738921      0.084091638      0.041162946      0.039733958       0.73801521       0.74632614       0.69382564       0.70190385       0.67947149       0.68076471        1.0000000        1.9924992        1.0000000        2.0706625        1.0000000        2.2081382        1.0000000       0.94120586        1.0000000        1.0453447        1.0000000        1.1980879 
       1.0000000        1.0000000        1.0000000        1.0000000      0.043000000        9.8982598        9.7721861       0.14147618       0.14905022      0.080814672      0.084891866      0.040570472      0.040250859       0.73478879       0.74548716       0.69128589       0.70271815       0.67870307       0.68218329        1.0000000        1.9901426        1.0000000        2.0750764        1.0000000        2.2177956        1.0000000       0.93884926        1.0000000        1.0497586        1.0000000        1.2077452 
       1.0000000        1.0000000        1.0000000        1.0000000      0.044000000        9.8766013        9.7532594       0.14046563       0.14866110      0.080414820      0.084851851      0.040489279      0.040251977       0.73063725       0.74332380       0.68853605       0.70177274       0.67724811       0.68245436        1.0000000        1.9838582        1.0000000        2.0717241        1.0000000        2.2173116        1.0000000       0.93256495        1.0000000        1.0464063        1.0000000        1.2072613 
       1.0000000        1.0000000        1.0000000        1.0000000      0.045000000        9.8253130        9.7048281       0.13984398       0.14846846      0.080212747      0.084869808      0.040491741      0.039968267       0.72848092       0.74128675       0.68719400       0.70105464       0.67732459       0.68177334        1.0000000        1.9779574        1.0000000        2.0693354        1.0000000        2.2133666        1.0000000       0.92666411        1.0000000        1.0440176        1.0000000        1.2033163 
       1.0000000        1.0000000        1.0000000        1.0000000      0.046000000        9.7622093        9.6441971       0.13908907       0.14824356      0.079684969      0.084638359      0.039933653      0.039761865       0.72433761       0.73924579       0.68337001       0.70023668       0.67159766       0.68123118        1.0000000        1.9723135        1.0000000        2.0668265        1.0000000        2.2107607        1.0000000       0.92102020        1.0000000        1.0415087        1.0000000        1.2007104 
       1.0000000        1.0000000        1.0000000        1.0000000      0.047000000        9.6885858        9.5729361       0.13838582       0.14885998      0.079455554      0.085404319      0.039810933      0.040011896       0.72101470       0.73849299       0.68216517       0.70156976       0.66779089       0.68249968        1.0000000        1.9702765        1.0000000        2.0737957        1.0000000        2.2200628        1.0000000       0.91898317        1.0000000        1.0484779        1.0000000        1.2100124 
       1.0000000        1.0000000        1.0000000        1.0000000      0.048000000        9.6295437        9.5161536       0.13762340       0.14843258      0.078978348      0.085295297      0.039486242      0.040076393       0.71849097       0.73620562       0.68041810       0.70086210       0.66700274       0.68247179        1.0000000        1.9636926        1.0000000        2.0715309        1.0000000        2.2198305        1.0000000       0.91239934        1.0000000        1.0462131        1.0000000        1.2097801 
       1.0000000        1.0000000        1.0000000        1.0000000      0.049000000        9.5903862        9.4791600       0.13685590       0.14837057      0.078616138      0.085503192      0.039307304      0.040100289       0.71549497       0.73444274       0.67821733       0.70097878       0.66621413       0.68250083        1.0000000        1.9586552        1.0000000        2.0719471        1.0000000        2.2202636        1.0000000       0.90736193        1.0000000        1.0466293        1.0000000        1.2102132 
       1.0000000        1.0000000        1.0000000        1.0000000      0.050000000        9.5563709        9.4472188       0.13660028       0.14681804      0.078561687      0.084254017      0.039451060      0.039142107       0.71402436       0.73263217       0.67719555       0.69975708       0.66645539       0.68167529        1.0000000        1.9517308        1.0000000        2.0642015        1.0000000        2.2088726        1.0000000       0.90043747        1.0000000        1.0388837        1.0000000        1.1988222 
       1.0000000        1.0000000        1.0000000        1.0000000      0.051000000        9.5109607        9.4037986       0.13608642       0.14659156      0.078414367      0.084411239      0.039508068      0.039337223       0.71119156       0.73109626       0.67516546       0.69993745       0.66608547       0.68272594        1.0000000        1.9471402        1.0000000        2.0646458        1.0000000        2.2130812        1.0000000       0.89584694        1.0000000        1.0393280        1.0000000        1.2030309 
       1.0000000        1.0000000        1.0000000        1.0000000      0.052000000        9.4744946        9.3692438       0.13598232       0.14666200      0.078416429      0.084508809      0.039527586      0.039448507       0.70939639       0.73090899       0.67424823       0.69997421       0.66602431       0.68259329        1.0000000        1.9465442        1.0000000        2.0656760        1.0000000        2.2137110        1.0000000       0.89525094        1.0000000        1.0403582        1.0000000        1.2036606 
       1.0000000        1.0000000        1.0000000        1.0000000      0.053000000        9.4468258        9.3434121       0.13566382       0.14683278      0.078437170      0.084769410      0.039710566      0.039460675       0.70809152       0.72946273       0.67401668       0.70006915       0.66690157       0.68297929        1.0000000        1.9427566        1.0000000        2.0666905        1.0000000        2.2159091        1.0000000       0.89146326        1.0000000        1.0413727        1.0000000        1.2058588 
       1.0000000        1.0000000        1.0000000        1.0000000      0.054000000        9.3980976        9.2964514       0.13539824       0.14642326      0.078420303      0.084584057      0.039821378      0.039427173       0.70631816       0.72823641       0.67317848       0.69985453       0.66674400       0.68308571        1.0000000        1.9388188        1.0000000        2.0658170        1.0000000        2.2161072        1.0000000       0.88752552        1.0000000        1.0404992        1.0000000        1.2060569 
       1.0000000        1.0000000        1.0000000        1.0000000      0.055000000        9.3364400        9.2364956       0.13521927       0.14650573      0.078531788      0.084724367      0.040101494      0.039609506       0.70539288       0.72774511       0.67282815       0.70003455       0.66764510       0.68354055        1.0000000        1.9375917        1.0000000        2.0672668        1.0000000        2.2201188        1.0000000       0.88629844        1.0000000        1.0419489        1.0000000        1.2100685 
       1.0000000        1.0000000        1.0000000        1.0000000      0.056000000        9.2799412        9.1817974       0.13496875       0.14656709      0.078508989      0.084874601      0.040029925      0.039621695       0.70416540       0.72684402       0.67187989       0.69918646       0.66802391       0.68435262        1.0000000        1.9352942        1.0000000        2.0638266        1.0000000        2.2232129        1.0000000       0.88400090        1.0000000        1.0385088        1.0000000        1.2131625 
       1.0000000        1.0000000        1.0000000        1.0000000      0.057000000        9.2478259        9.1512578       0.13473857       0.14643675      0.078483062      0.084688253      0.040058459      0.039541010       0.70268867       0.72611622       0.67095990       0.69837798       0.66875064       0.68261888        1.0000000        1.9333412        1.0000000        2.0615447        1.0000000        2.2153505        1.0000000       0.88204786        1.0000000        1.0362269        1.0000000        1.2053001 
       1.0000000        1.0000000        1.0000000        1.0000000      0.058000000        9.1968532        9.1018058       0.13465915       0.14687320      0.078475701      0.085200731      0.040147402      0.039682129       0.70139676       0.72638285       0.66999592       0.69996536       0.66957313       0.68345019        1.0000000        1.9341374        1.0000000        2.0675762        1.0000000        2.2206247        1.0000000       0.88284407        1.0000000        1.0422584        1.0000000        1.2105744 
       1.0000000        1.0000000        1.0000000        1.0000000      0.059000000        9.1432866        9.0497079       0.13443909       0.14690310      0.078464038      0.085247196      0.040145222      0.039838396       0.69999532       0.72591384       0.66942800       0.70007151       0.66950070       0.68444665        1.0000000        1.9331219        1.0000000        2.0678307        1.0000000        2.2253141        1.0000000       0.88182863        1.0000000        1.0425129        1.0000000        1.2152637 
       1.0000000        1.0000000        1.0000000        1.0000000      0.060000000        9.1163307        9.0241713       0.13426717       0.14704620      0.078520344      0.085527986      0.040159745      0.040140350       0.69843900       0.72509562       0.66936073       0.70020559       0.66748488       0.68595382        1.0000000        1.9309764        1.0000000        2.0680635        1.0000000        2.2339057        1.0000000       0.87968306        1.0000000        1.0427457        1.0000000        1.2238553 
       1.0000000        1.0000000        1.0000000        1.0000000      0.061000000        9.0911879        9.0004010       0.13399248       0.14679006      0.078501606      0.085317086      0.040162764      0.039918279       0.69661487       0.72355092       0.66856343       0.70010258       0.66726879       0.68396723        1.0000000        1.9267651        1.0000000        2.0676279        1.0000000        2.2246669        1.0000000       0.87547183        1.0000000        1.0423101        1.0000000        1.2146165 
       1.0000000        1.0000000        1.0000000        1.0000000      0.062000000        9.0427843        8.9533255       0.13399367       0.14703626      0.078622753      0.085515823      0.040274186      0.040040218       0.69603900       0.72377203       0.66891790       0.70039621       0.66771772       0.68423460        1.0000000        1.9274865        1.0000000        2.0688699        1.0000000        2.2273400        1.0000000       0.87619316        1.0000000        1.0435521        1.0000000        1.2172896 
       1.0000000        1.0000000        1.0000000        1.0000000      0.063000000        8.9983865        8.9102135       0.13379527       0.14697498      0.078516559      0.085517368      0.040151568      0.040112795       0.69539905       0.72327027       0.66888505       0.70023864       0.66795525       0.68423601        1.0000000        1.9261510        1.0000000        2.0685604        1.0000000        2.2277206        1.0000000       0.87485774        1.0000000        1.0432425        1.0000000        1.2176703 
       1.0000000        1.0000000        1.0000000        1.0000000      0.064000000        8.9458925        8.8589652       0.13377520       0.14679754      0.078586642      0.085570651      0.040229715      0.040358113       0.69456748       0.72312475       0.66864383       0.70013647       0.66811420       0.68492924        1.0000000        1.9255154        1.0000000        2.0682496        1.0000000        2.2322784        1.0000000       0.87422216        1.0000000        1.0429318        1.0000000        1.2222281 
       1.0000000        1.0000000        1.0000000        1.0000000      0.065000000        8.9415068        8.8557869       0.13347442       0.14643811      0.078596604      0.085369211      0.040422297      0.040246371       0.69351303       0.72210368       0.66833177       0.69988487       0.66958894       0.68491076        1.0000000        1.9223040        1.0000000        2.0665479        1.0000000        2.2302396        1.0000000       0.87101072        1.0000000        1.0412301        1.0000000        1.2201893 
       1.0000000        1.0000000        1.0000000        1.0000000      0.066000000        8.9191375        8.8345886       0.13317420       0.14643851      0.078602001      0.085373380      0.040449219      0.040289993       0.69212108       0.72141519       0.66791165       0.70048388       0.66985623       0.68567891        1.0000000        1.9203192        1.0000000        2.0685259        1.0000000        2.2341945        1.0000000       0.86902588        1.0000000        1.0432081        1.0000000        1.2241442 
       1.0000000        1.0000000        1.0000000        1.0000000      0.067000000        8.8567643        8.7734633       0.13333567       0.14655978      0.078961462      0.085599959      0.040815196      0.040519104       0.69172018       0.72119354       0.66837538       0.70083251       0.67138733       0.68582666        1.0000000        1.9198496        1.0000000        2.0702388        1.0000000        2.2373424        1.0000000       0.86855631        1.0000000        1.0449210        1.0000000        1.2272920 
       1.0000000        1.0000000        1.0000000        1.0000000      0.068000000        8.8204191        8.7382179       0.13323469       0.14622784      0.078959608      0.085407126      0.040732657      0.040428397       0.69093881       0.72056505       0.66830781       0.70054216       0.67142296       0.68579709        1.0000000        1.9177568        1.0000000        2.0685550        1.0000000        2.2359724        1.0000000       0.86646346        1.0000000        1.0432372        1.0000000        1.2259220 
       1.0000000        1.0000000        1.0000000        1.0000000      0.069000000        8.7793063        8.6981732       0.13309228       0.14634865      0.079012135      0.085609277      0.040890378      0.040720355       0.69007797       0.72019167       0.66830793       0.70058867       0.67154357       0.68626594        1.0000000        1.9169400        1.0000000        2.0692467        1.0000000        2.2396642        1.0000000       0.86564675        1.0000000        1.0439289        1.0000000        1.2296139 
       1.0000000        1.0000000        1.0000000        1.0000000      0.070000000        8.7486453        8.6685502       0.13299908       0.14621363      0.078968338      0.085520302      0.040787193      0.040706101       0.68929278       0.71989571       0.66805267       0.70021926       0.67140806       0.68599238        1.0000000        1.9161313        1.0000000        2.0681038        1.0000000        2.2391833        1.0000000       0.86483805        1.0000000        1.0427860        1.0000000        1.2291329 
       1.0000000        1.0000000        1.0000000        1.0000000      0.071000000        8.7103587        8.6312727       0.13294993       0.14623667      0.079088537      0.085550647      0.040970814      0.040804609       0.68863869       0.71973821       0.66834898       0.70027530       0.67226583       0.68639022        1.0000000        1.9155333        1.0000000        2.0683084        1.0000000        2.2409554        1.0000000       0.86424000        1.0000000        1.0429906        1.0000000        1.2309050 
       1.0000000        1.0000000        1.0000000        1.0000000      0.072000000        8.6832989        8.6051945       0.13285465       0.14629632      0.079244954      0.085657058      0.041261788      0.040834718       0.68790439       0.71961316       0.66835201       0.70058449       0.67261930       0.68672115        1.0000000        1.9149627        1.0000000        2.0690626        1.0000000        2.2423273        1.0000000       0.86366944        1.0000000        1.0437448        1.0000000        1.2322769 
       1.0000000        1.0000000        1.0000000        1.0000000      0.073000000        8.6496871        8.5725377       0.13290770       0.14657388      0.079377875      0.085841131      0.041316308      0.040752738       0.68744724       0.71980539       0.66861621       0.70053897       0.67282266       0.68646908        1.0000000        1.9156312        1.0000000        2.0692725        1.0000000        2.2410828        1.0000000       0.86433786        1.0000000        1.0439547        1.0000000        1.2310324 
       1.0000000        1.0000000        1.0000000        1.0000000      0.074000000        8.6179352        8.5417154       0.13265764       0.14675981      0.079231205      0.085940550      0.041212965      0.040763924       0.68632386       0.71993802       0.66783244       0.70084235       0.67271957       0.68652557        1.0000000        1.9160961        1.0000000        2.0705249        1.0000000        2.2414256        1.0000000       0.86480276        1.0000000        1.0452071        1.0000000        1.2313752 
       1.0000000        1.0000000        1.0000000        1.0000000      0.075000000        8.5854544        8.5101399       0.13257837       0.14690422      0.079227110      0.086032998      0.041343844      0.040881566       0.68587559       0.72014924       0.66796580       0.70114648       0.67301953       0.68657631        1.0000000        1.9168656        1.0000000        2.0719366        1.0000000        2.2424627        1.0000000       0.86557228        1.0000000        1.0466188        1.0000000        1.2324124 
       1.0000000        1.0000000        1.0000000        1.0000000      0.076000000        8.5679330        8.4935004       0.13244272       0.14714278      0.079086294      0.086207397      0.041081162      0.041082552       0.68496006       0.72012070       0.66743340       0.70171458       0.67264434       0.68732101        1.0000000        1.9168668        1.0000000        2.0742739        1.0000000        2.2474777        1.0000000       0.86557347        1.0000000        1.0489561        1.0000000        1.2374274 
       1.0000000        1.0000000        1.0000000        1.0000000      0.077000000        8.5442451        8.4706720       0.13244203       0.14716801      0.079276353      0.086238740      0.041299125      0.041049167       0.68420173       0.71984456       0.66744298       0.70215063       0.67263594       0.68754586        1.0000000        1.9160600        1.0000000        2.0755858        1.0000000        2.2482490        1.0000000       0.86476666        1.0000000        1.0502680        1.0000000        1.2381987 
       1.0000000        1.0000000        1.0000000        1.0000000      0.078000000        8.5051216        8.4323865       0.13240752       0.14684809      0.079305626      0.086215074      0.041321551      0.041140293       0.68372580       0.71905349       0.66740481       0.70168364       0.67266022       0.68790155        1.0000000        1.9135883        1.0000000        2.0734525        1.0000000        2.2492601        1.0000000       0.86229498        1.0000000        1.0481347        1.0000000        1.2392098 
       1.0000000        1.0000000        1.0000000        1.0000000      0.079000000        8.4951140        8.4232766       0.13229145       0.14664124      0.079290810      0.086081975      0.041341491      0.041190139       0.68306348       0.71835641       0.66709941       0.70125776       0.67279860       0.68817902        1.0000000        1.9116731        1.0000000        2.0715634        1.0000000        2.2502875        1.0000000       0.86037977        1.0000000        1.0462456        1.0000000        1.2402371 
       1.0000000        1.0000000        1.0000000        1.0000000      0.080000000        8.4546518        8.3836097       0.13213565       0.14675618      0.079230158      0.086133627      0.041314969      0.041207572       0.68228773       0.71821403       0.66687575       0.70142009       0.67299369       0.68843566        1.0000000        1.9113958        1.0000000        2.0723140        1.0000000        2.2508313        1.0000000       0.86010251        1.0000000        1.0469961        1.0000000        1.2407810 
       1.0000000        1.0000000        1.0000000        1.0000000      0.081000000        8.4388848        8.3686188       0.13209381       0.14664795      0.079199131      0.086015119      0.041219824      0.041079074       0.68163562       0.71802582       0.66673600       0.70134092       0.67233972       0.68830203        1.0000000        1.9108328        1.0000000        2.0718030        1.0000000        2.2492393        1.0000000       0.85953951        1.0000000        1.0464852        1.0000000        1.2391890 
       1.0000000        1.0000000        1.0000000        1.0000000      0.082000000        8.4358811        8.3663728       0.13210028       0.14656344      0.079206988      0.086005026      0.041202877      0.041082999       0.68128125       0.71775540       0.66694905       0.70127395       0.67278137       0.68819791        1.0000000        1.9100033        1.0000000        2.0714597        1.0000000        2.2483520        1.0000000       0.85871002        1.0000000        1.0461419        1.0000000        1.2383017 
       1.0000000        1.0000000        1.0000000        1.0000000      0.083000000        8.4055765        8.3368081       0.13201014       0.14635284      0.079110699      0.085760506      0.041069333      0.040857198       0.68065260       0.71724044       0.66695822       0.70078330       0.67263744       0.68755225        1.0000000        1.9086212        1.0000000        2.0695815        1.0000000        2.2443272        1.0000000       0.85732786        1.0000000        1.0442637        1.0000000        1.2342768 
       1.0000000        1.0000000        1.0000000        1.0000000      0.084000000        8.3779712        8.3099256       0.13182218       0.14617027      0.078975799      0.085512220      0.040982323      0.040600386       0.67963349       0.71681500       0.66648224       0.70021068       0.67211898       0.68641965        1.0000000        1.9075011        1.0000000        2.0676019        1.0000000        2.2373320        1.0000000       0.85620781        1.0000000        1.0422841        1.0000000        1.2272816 
       1.0000000        1.0000000        1.0000000        1.0000000      0.085000000        8.3728367        8.3054975       0.13175926       0.14614897      0.078955580      0.085497495      0.040925815      0.040478330       0.67904973       0.71615015       0.66659311       0.69983176       0.67264372       0.68564766        1.0000000        1.9057878        1.0000000        2.0662761        1.0000000        2.2339887        1.0000000       0.85449451        1.0000000        1.0409583        1.0000000        1.2239384 
       1.0000000        1.0000000        1.0000000        1.0000000      0.086000000        8.3515764        8.2849276       0.13159163       0.14629092      0.078844480      0.085577599      0.040825681      0.040460556       0.67801554       0.71627132       0.66651125       0.69993687       0.67279150       0.68559189        1.0000000        1.9063323        1.0000000        2.0665456        1.0000000        2.2337009        1.0000000       0.85503900        1.0000000        1.0412278        1.0000000        1.2236506 
       1.0000000        1.0000000        1.0000000        1.0000000      0.087000000        8.3445582        8.2785844       0.13169930       0.14653858      0.078945417      0.085872922      0.040814678      0.040841215       0.67792045       0.71697486       0.66688050       0.70091892       0.67258394       0.68742574        1.0000000        1.9082461        1.0000000        2.0695976        1.0000000        2.2431029        1.0000000       0.85695283        1.0000000        1.0442798        1.0000000        1.2330526 
       1.0000000        1.0000000        1.0000000        1.0000000      0.088000000        8.3251426        8.2598290       0.13157432       0.14690085      0.078976044      0.086171079      0.040926288      0.040776152       0.67724279       0.71747203       0.66683772       0.70201718       0.67308294       0.68729028        1.0000000        1.9093953        1.0000000        2.0736130        1.0000000        2.2431532        1.0000000       0.85810198        1.0000000        1.0482952        1.0000000        1.2331029 
       1.0000000        1.0000000        1.0000000        1.0000000      0.089000000        8.3148333        8.2501655       0.13166944       0.14722541      0.079159199      0.086388427      0.041097025      0.040913480       0.67705880       0.71830439       0.66713471       0.70276680       0.67304488       0.68798801        1.0000000        1.9117747        1.0000000        2.0762580        1.0000000        2.2466809        1.0000000       0.86048139        1.0000000        1.0509402        1.0000000        1.2366306 
       1.0000000        1.0000000        1.0000000        1.0000000      0.090000000        8.2853991        8.2214256       0.13194001       0.14747362      0.079486364      0.086621178      0.041421869      0.041052891       0.67745107       0.71887921       0.66849852       0.70323078       0.67473482       0.68835490        1.0000000        1.9134004        1.0000000        2.0778263        1.0000000        2.2491774        1.0000000       0.86210709        1.0000000        1.0525085        1.0000000        1.2391271 
       1.0000000        1.0000000        1.0000000        1.0000000      0.091000000        8.2648563        8.2015001       0.13189414       0.14758416      0.079487983      0.086658885      0.041390189      0.041023324       0.67682872       0.71905874       0.66861535       0.70346870       0.67504286       0.68839539        1.0000000        1.9139396        1.0000000        2.0788254        1.0000000        2.2496527        1.0000000       0.86264635        1.0000000        1.0535076        1.0000000        1.2396024 
       1.0000000        1.0000000        1.0000000        1.0000000      0.092000000        8.2415213        8.1787693       0.13193398       0.14742184      0.079565372      0.086607937      0.041499987      0.040933688       0.67661714       0.71790400       0.66849707       0.70307431       0.67490096       0.68831606        1.0000000        1.9108684        1.0000000        2.0772948        1.0000000        2.2488230        1.0000000       0.85957507        1.0000000        1.0519769        1.0000000        1.2387726 
       1.0000000        1.0000000        1.0000000        1.0000000      0.093000000        8.2352813        8.1731211       0.13190392       0.14721532      0.079615471      0.086698632      0.041522521      0.041184540       0.67636712       0.71690767       0.66857320       0.70255819       0.67493247       0.68896748        1.0000000        1.9080368        1.0000000        2.0750667        1.0000000        2.2526548        1.0000000       0.85674352        1.0000000        1.0497489        1.0000000        1.2426045 
       1.0000000        1.0000000        1.0000000        1.0000000      0.094000000        8.2114924        8.1499119       0.13172247       0.14738478      0.079456081      0.086814128      0.041417886      0.041222782       0.67556710       0.71717770       0.66826755       0.70280556       0.67479025       0.68913124        1.0000000        1.9089360        1.0000000        2.0761569        1.0000000        2.2533311        1.0000000       0.85764266        1.0000000        1.0508391        1.0000000        1.2432807 
       1.0000000        1.0000000        1.0000000        1.0000000      0.095000000        8.1906113        8.1295987       0.13152701       0.14732070      0.079313224      0.086818979      0.041332989      0.041276073       0.67459762       0.71716772       0.66790848       0.70312220       0.67478422       0.69011431        1.0000000        1.9087773        1.0000000        2.0763761        1.0000000        2.2562286        1.0000000       0.85748397        1.0000000        1.0510583        1.0000000        1.2461783 
       1.0000000        1.0000000        1.0000000        1.0000000      0.096000000        8.1708970        8.1104409       0.13149810       0.14739621      0.079269843      0.086856225      0.041270608      0.041331957       0.67419287       0.71749407       0.66791217       0.70338526       0.67468281       0.69013542        1.0000000        1.9096700        1.0000000        2.0774906        1.0000000        2.2567438        1.0000000       0.85837675        1.0000000        1.0521728        1.0000000        1.2466935 
       1.0000000        1.0000000        1.0000000        1.0000000      0.097000000        8.1578514        8.0979408       0.13143142       0.14756225      0.079221061      0.087089965      0.041242125      0.041419792       0.67371251       0.71776620       0.66760395       0.70414102       0.67401702       0.69054446        1.0000000        1.9102627        1.0000000        2.0799637        1.0000000        2.2595734        1.0000000       0.85896943        1.0000000        1.0546459        1.0000000        1.2495231 
       1.0000000        1.0000000        1.0000000        1.0000000      0.098000000        8.1432337        8.0838580       0.13133049       0.14745061      0.079112249      0.087151018      0.041150546      0.041378853       0.67324301       0.71718171       0.66717324       0.70409667       0.67367860       0.69060285        1.0000000        1.9084295        1.0000000        2.0798759        1.0000000        2.2603804        1.0000000       0.85713622        1.0000000        1.0545581        1.0000000        1.2503301 
       1.0000000        1.0000000        1.0000000        1.0000000      0.099000000        8.1272654        8.0684141       0.13121797       0.14768890      0.079003011      0.087464760      0.041065759      0.041671068       0.67289208       0.71753598       0.66697509       0.70543310       0.67361482       0.69278267        1.0000000        1.9092815        1.0000000        2.0839768        1.0000000        2.2681415        1.0000000       0.85798818        1.0000000        1.0586590        1.0000000        1.2580911 
       1.0000000        1.0000000        1.0000000        1.0000000       0.10000000        8.1030962        8.0447593       0.13123936       0.14769927      0.079062748      0.087452827      0.041166994      0.041631928       0.67268862       0.71760937       0.66721723       0.70542996       0.67384283       0.69274796        1.0000000        1.9094665        1.0000000        2.0838538        1.0000000        2.2677822        1.0000000       0.85817324        1.0000000        1.0585360        1.0000000        1.2577318 
       1.0000000        1.0000000        1.0000000        1.0000000       0.10100000        8.0804522        8.0226699       0.13118981       0.14765344      0.079056145      0.087540990      0.041155031      0.041619051       0.67246358       0.71724818       0.66722134       0.70576994       0.67390821       0.69336074        1.0000000        1.9082750        1.0000000        2.0843943        1.0000000        2.2707454        1.0000000       0.85698170        1.0000000        1.0590765        1.0000000        1.2606950 
       1.0000000        1.0000000        1.0000000        1.0000000       0.10200000        8.0564760        7.9991880       0.13107022       0.14771224      0.079006963      0.087665104      0.041175001      0.041655716       0.67197838       0.71698755       0.66697606       0.70570422       0.67410714       0.69383410        1.0000000        1.9076583        1.0000000        2.0840857        1.0000000        2.2728464        1.0000000       0.85636498        1.0000000        1.0587679        1.0000000        1.2627961 
       1.0000000        1.0000000        1.0000000        1.0000000       0.10300000        8.0291057        7.9723026       0.13100994       0.14810159      0.078902536      0.087974905      0.040992403      0.041796052       0.67173571       0.71743524       0.66695169       0.70610743       0.67392353       0.69401476        1.0000000        1.9092551        1.0000000        2.0861186        1.0000000        2.2749541        1.0000000       0.85796185        1.0000000        1.0608008        1.0000000        1.2649038 
       1.0000000        1.0000000        1.0000000        1.0000000       0.10400000        8.0168322        7.9605053       0.13107324       0.14833590      0.078980710      0.088126901      0.041051160      0.041943009       0.67179929       0.71808823       0.66719380       0.70654036       0.67412525       0.69441202        1.0000000        1.9111806        1.0000000        2.0879396        1.0000000        2.2772651        1.0000000       0.85988731        1.0000000        1.0626218        1.0000000        1.2672147 
       1.0000000        1.0000000        1.0000000        1.0000000       0.10500000        8.0098152        7.9539558       0.13114262       0.14832409      0.079143779      0.088171570      0.041293280      0.042093213       0.67166688       0.71866100       0.66745862       0.70689599       0.67479147       0.69448245        1.0000000        1.9124451        1.0000000        2.0893456        1.0000000        2.2798025        1.0000000       0.86115177        1.0000000        1.0640278        1.0000000        1.2697522 
       1.0000000        1.0000000        1.0000000        1.0000000       0.10600000        7.9854258        7.9300254       0.13115817       0.14841859      0.079125015      0.088269581      0.041266203      0.042090336       0.67149598       0.71869200       0.66753070       0.70688623       0.67455691       0.69430127        1.0000000        1.9126930        1.0000000        2.0894200        1.0000000        2.2792395        1.0000000       0.86139969        1.0000000        1.0641022        1.0000000        1.2691891 
       1.0000000        1.0000000        1.0000000        1.0000000       0.10700000        7.9640274        7.9090779       0.13110221       0.14863761      0.079124625      0.088531225      0.041267771      0.042164987       0.67123163       0.71890388       0.66757457       0.70784584       0.67468629       0.69512978        1.0000000        1.9131292        1.0000000        2.0926760        1.0000000        2.2832617        1.0000000       0.86183588        1.0000000        1.0673582        1.0000000        1.2732114 
       1.0000000        1.0000000        1.0000000        1.0000000       0.10800000        7.9446302        7.8901236       0.13098551       0.14900014      0.079015537      0.088865231      0.041198137      0.042389268       0.67100573       0.71927352       0.66719455       0.70832646       0.67407884       0.69572399        1.0000000        1.9144136        1.0000000        2.0947101        1.0000000        2.2870505        1.0000000       0.86312028        1.0000000        1.0693923        1.0000000        1.2770002 
       1.0000000        1.0000000        1.0000000        1.0000000       0.10900000        7.9191856        7.8651142       0.13087067       0.14905870      0.078915017      0.088899875      0.041091442      0.042418190       0.67061683       0.71924808       0.66651587       0.70850537       0.67302817       0.69562427        1.0000000        1.9143447        1.0000000        2.0955148        1.0000000        2.2871212        1.0000000       0.86305138        1.0000000        1.0701970        1.0000000        1.2770709 
       1.0000000        1.0000000        1.0000000        1.0000000       0.11000000        7.8995639        7.8459201       0.13106706       0.14906548      0.079142630      0.089113500      0.041245757      0.042702530       0.67099556       0.71899387       0.66730355       0.70884042       0.67395118       0.69622131        1.0000000        1.9135393        1.0000000        2.0966583        1.0000000        2.2911720        1.0000000       0.86224601        1.0000000        1.0713405        1.0000000        1.2811217 
       1.0000000        1.0000000        1.0000000        1.0000000       0.11100000        7.8863726        7.8331491       0.13105828       0.14900539      0.079098269      0.089002236      0.041251053      0.042532984       0.67104140       0.71896864       0.66721264       0.70868280       0.67389900       0.69587453        1.0000000        1.9134605        1.0000000        2.0961014        1.0000000        2.2888068        1.0000000       0.86216723        1.0000000        1.0707836        1.0000000        1.2787565 
       1.0000000        1.0000000        1.0000000        1.0000000       0.11200000        7.8728912        7.8200808       0.13097648       0.14892711      0.079017938      0.088977162      0.041169844      0.042456551       0.67067782       0.71869271       0.66709809       0.70858059       0.67384836       0.69548104        1.0000000        1.9126314        1.0000000        2.0959729        1.0000000        2.2870914        1.0000000       0.86133807        1.0000000        1.0706551        1.0000000        1.2770410 
       1.0000000        1.0000000        1.0000000        1.0000000       0.11300000        7.8504976        7.7981337       0.13074357       0.14818172      0.078808655      0.088387294      0.040992450      0.042052422       0.66956897       0.71720572       0.66606197       0.70731891       0.67296041       0.69433257        1.0000000        1.9080667        1.0000000        2.0907226        1.0000000        2.2801676        1.0000000       0.85677340        1.0000000        1.0654047        1.0000000        1.2701173 
       1.0000000        1.0000000        1.0000000        1.0000000       0.11400000        7.8258673        7.7739021       0.13081379       0.14837864      0.078897074      0.088607743      0.041079014      0.042232058       0.66973772       0.71762471       0.66633874       0.70802562       0.67344852       0.69504083        1.0000000        1.9092358        1.0000000        2.0931381        1.0000000        2.2843860        1.0000000       0.85794246        1.0000000        1.0678203        1.0000000        1.2743357 
       1.0000000        1.0000000        1.0000000        1.0000000       0.11500000        7.8127833        7.7612102       0.13070976       0.14824266      0.078809836      0.088471876      0.041030759      0.042117326       0.66954363       0.71764139       0.66614660       0.70754913       0.67351666       0.69490314        1.0000000        1.9091473        1.0000000        2.0917948        1.0000000        2.2838474        1.0000000       0.85785396        1.0000000        1.0664770        1.0000000        1.2737970 
       1.0000000        1.0000000        1.0000000        1.0000000       0.11600000        7.7900701        7.7388828       0.13066670       0.14833051      0.078779309      0.088548347      0.041022949      0.042215829       0.66942320       0.71809098       0.66603432       0.70810944       0.67353020       0.69580678        1.0000000        1.9103387        1.0000000        2.0933536        1.0000000        2.2872199        1.0000000       0.85904544        1.0000000        1.0680358        1.0000000        1.2771696 
       1.0000000        1.0000000        1.0000000        1.0000000       0.11700000        7.7764139        7.7256061       0.13059383       0.14823810      0.078714323      0.088516451      0.040983784      0.042179082       0.66912799       0.71792490       0.66572963       0.70834450       0.67348924       0.69626368        1.0000000        1.9097161        1.0000000        2.0936766        1.0000000        2.2888493        1.0000000       0.85842277        1.0000000        1.0683588        1.0000000        1.2787990 
       1.0000000        1.0000000        1.0000000        1.0000000       0.11800000        7.7566483        7.7062138       0.13050708       0.14834064      0.078650065      0.088599897      0.040956269      0.042189449       0.66898909       0.71804365       0.66545190       0.70855502       0.67338581       0.69640800        1.0000000        1.9100698        1.0000000        2.0944965        1.0000000        2.2896250        1.0000000       0.85877650        1.0000000        1.0691787        1.0000000        1.2795746 
       1.0000000        1.0000000        1.0000000        1.0000000       0.11900000        7.7345781        7.6845111       0.13046715       0.14828817      0.078583037      0.088539267      0.040893631      0.042176080       0.66894248       0.71821602       0.66510661       0.70861640       0.67286708       0.69647204        1.0000000        1.9105556        1.0000000        2.0944314        1.0000000        2.2895042        1.0000000       0.85926236        1.0000000        1.0691136        1.0000000        1.2794538 
       1.0000000        1.0000000        1.0000000        1.0000000       0.12000000        7.7138517        7.6641463       0.13056390       0.14841916      0.078632606      0.088652889      0.040912789      0.042363272       0.66933385       0.71889752       0.66532764       0.70943280       0.67291546       0.69725929        1.0000000        1.9123618        1.0000000        2.0969945        1.0000000        2.2936440        1.0000000       0.86106849        1.0000000        1.0716767        1.0000000        1.2835937 
       1.0000000        1.0000000        1.0000000        1.0000000       0.12100000        7.7006350        7.6512855       0.13059143       0.14831437      0.078678410      0.088570938      0.040908026      0.042351069       0.66935687       0.71880946       0.66527860       0.70942389       0.67287550       0.69721964        1.0000000        1.9120483        1.0000000        2.0965518        1.0000000        2.2929481        1.0000000       0.86075502        1.0000000        1.0712340        1.0000000        1.2828978 
       1.0000000        1.0000000        1.0000000        1.0000000       0.12200000        7.6822546        7.6332556       0.13054005       0.14810974      0.078629952      0.088491557      0.040875040      0.042308921       0.66915283       0.71770151       0.66532697       0.70861511       0.67292814       0.69737882        1.0000000        1.9090657        1.0000000        2.0936067        1.0000000        2.2923824        1.0000000       0.85777242        1.0000000        1.0682889        1.0000000        1.2823321 
       1.0000000        1.0000000        1.0000000        1.0000000       0.12300000        7.6635172        7.6148632       0.13048268       0.14778606      0.078575268      0.088131414      0.040822451      0.042042541       0.66904757       0.71675104       0.66531564       0.70735058       0.67268249       0.69579912        1.0000000        1.9065169        1.0000000        2.0895753        1.0000000        2.2847460        1.0000000       0.85522359        1.0000000        1.0642575        1.0000000        1.2746957 
       1.0000000        1.0000000        1.0000000        1.0000000       0.12400000        7.6411795        7.5928989       0.13040116       0.14784039      0.078552881      0.088206148      0.040895633      0.042031424       0.66878387       0.71655970       0.66500511       0.70746674       0.67321626       0.69617104        1.0000000        1.9058827        1.0000000        2.0897450        1.0000000        2.2851043        1.0000000       0.85458940        1.0000000        1.0644272        1.0000000        1.2750540 
       1.0000000        1.0000000        1.0000000        1.0000000       0.12500000        7.6181323        7.5701858       0.13041842       0.14783354      0.078575732      0.088198099      0.040874299      0.042030863       0.66876204       0.71650422       0.66509093       0.70765322       0.67312232       0.69621648        1.0000000        1.9056982        1.0000000        2.0903640        1.0000000        2.2850234        1.0000000       0.85440495        1.0000000        1.0650462        1.0000000        1.2749731 
       1.0000000        1.0000000        1.0000000        1.0000000       0.12600000        7.6043308        7.5567134       0.13040535       0.14775202      0.078595814      0.088167027      0.040936771      0.042181678       0.66881100       0.71680039       0.66521863       0.70858749       0.67348606       0.69909884        1.0000000        1.9064371        1.0000000        2.0922075        1.0000000        2.2915448        1.0000000       0.85514379        1.0000000        1.0668896        1.0000000        1.2814945 
       1.0000000        1.0000000        1.0000000        1.0000000       0.12700000        7.5775731        7.5302799       0.13039324       0.14808027      0.078584415      0.088362977      0.040932840      0.042201763       0.66871282       0.71748203       0.66518644       0.70912723       0.67352061       0.69919323        1.0000000        1.9084744        1.0000000        2.0945081        1.0000000        2.2930011        1.0000000       0.85718114        1.0000000        1.0691903        1.0000000        1.2829508 
       1.0000000        1.0000000        1.0000000        1.0000000       0.12800000        7.5620694        7.5150956       0.13050173       0.14799140      0.078669656      0.088359836      0.040967401      0.042311207       0.66914523       0.71745996       0.66548069       0.70952330       0.67348110       0.70011062        1.0000000        1.9082073        1.0000000        2.0953018        1.0000000        2.2966085        1.0000000       0.85691397        1.0000000        1.0699840        1.0000000        1.2865581 
       1.0000000        1.0000000        1.0000000        1.0000000       0.12900000        7.5439154        7.4972563       0.13050468       0.14786436      0.078694467      0.088299603      0.040955604      0.042310776       0.66909295       0.71732316       0.66557990       0.70977703       0.67348544       0.70042502        1.0000000        1.9076527        1.0000000        2.0957108        1.0000000        2.2968844        1.0000000       0.85635938        1.0000000        1.0703930        1.0000000        1.2868340 
       1.0000000        1.0000000        1.0000000        1.0000000       0.13000000        7.5279396        7.4815907       0.13025629       0.14810905      0.078551433      0.088459292      0.040877988      0.042358736       0.66803454       0.71757792       0.66457329       0.71001286       0.67248271       0.70044574        1.0000000        1.9085135        1.0000000        2.0970068        1.0000000        2.2979038        1.0000000       0.85722023        1.0000000        1.0716890        1.0000000        1.2878534 
       1.0000000        1.0000000        1.0000000        1.0000000       0.13100000        7.5153610        7.4693178       0.13029132       0.14811937      0.078593788      0.088402783      0.040917492      0.042303272       0.66825584       0.71763480       0.66492519       0.70989286       0.67271068       0.70051843        1.0000000        1.9087520        1.0000000        2.0967014        1.0000000        2.2970727        1.0000000       0.85745866        1.0000000        1.0713836        1.0000000        1.2870224 
       1.0000000        1.0000000        1.0000000        1.0000000       0.13200000        7.4973820        7.4516401       0.13034409       0.14834244      0.078618762      0.088641056      0.040861072      0.042394340       0.66833675       0.71803061       0.66491151       0.71020228       0.67230588       0.70080379        1.0000000        1.9099782        1.0000000        2.0978980        1.0000000        2.2994162        1.0000000       0.85868494        1.0000000        1.0725802        1.0000000        1.2893659 
       1.0000000        1.0000000        1.0000000        1.0000000       0.13300000        7.4771613        7.4317165       0.13033062       0.14865202      0.078620021      0.088905410      0.040868955      0.042559365       0.66828045       0.71861285       0.66485068       0.71093879       0.67217957       0.70162625        1.0000000        1.9116572        1.0000000        2.1005611        1.0000000        2.3040007        1.0000000       0.86036395        1.0000000        1.0752433        1.0000000        1.2939503 
       1.0000000        1.0000000        1.0000000        1.0000000       0.13400000        7.4512374        7.4060855       0.13041875       0.14893822      0.078738640      0.089114352      0.040966656      0.042740811       0.66835513       0.71978272       0.66501104       0.71224599       0.67232249       0.70277088        1.0000000        1.9147619        1.0000000        2.1047924        1.0000000        2.3093339        1.0000000       0.86346857        1.0000000        1.0794746        1.0000000        1.2992836 
       1.0000000        1.0000000        1.0000000        1.0000000       0.13500000        7.4232045        7.3783700       0.13019475       0.14868789      0.078548331      0.088934586      0.040805823      0.042738465       0.66766088       0.72037492       0.66428007       0.71263241       0.67168806       0.70325199        1.0000000        1.9160098        1.0000000        2.1051757        1.0000000        2.3107442        1.0000000       0.86471653        1.0000000        1.0798579        1.0000000        1.3006939 
       1.0000000        1.0000000        1.0000000        1.0000000       0.13600000        7.4108373        7.3662872       0.13029708       0.14885980      0.078663373      0.089047876      0.040913762      0.042787478       0.66792867       0.72062830       0.66465974       0.71277957       0.67214584       0.70340370        1.0000000        1.9168208        1.0000000        2.1059219        1.0000000        2.3120986        1.0000000       0.86552749        1.0000000        1.0806041        1.0000000        1.3020482 
       1.0000000        1.0000000        1.0000000        1.0000000       0.13700000        7.4022294        7.3579598       0.13024212       0.14902868      0.078621945      0.089270665      0.040859724      0.042894568       0.66742956       0.72064539       0.66400987       0.71320658       0.67153672       0.70441319        1.0000000        1.9169846        1.0000000        2.1075621        1.0000000        2.3175510        1.0000000       0.86569131        1.0000000        1.0822443        1.0000000        1.3075007 
       1.0000000        1.0000000        1.0000000        1.0000000       0.13800000        7.3890582        7.3450652       0.13018944       0.14901660      0.078566341      0.089319269      0.040809549      0.042922135       0.66729272       0.72048341       0.66375086       0.71335037       0.67115053       0.70472086        1.0000000        1.9164722        1.0000000        2.1078724        1.0000000        2.3186247        1.0000000       0.86517892        1.0000000        1.0825546        1.0000000        1.3085743 
       1.0000000        1.0000000        1.0000000        1.0000000       0.13900000        7.3714370        7.3277170       0.12997333       0.14911796      0.078390089      0.089447311      0.040659736      0.043016844       0.66645155       0.72073781       0.66287926       0.71391074       0.67008414       0.70506144        1.0000000        1.9171419        1.0000000        2.1098808        1.0000000        2.3208574        1.0000000       0.86584863        1.0000000        1.0845630        1.0000000        1.3108070 
       1.0000000        1.0000000        1.0000000        1.0000000       0.14000000        7.3586955        7.3152447       0.12992723       0.14913975      0.078390505      0.089456700      0.040667860      0.043019718       0.66613123       0.72082347       0.66261241       0.71383557       0.67000975       0.70505194        1.0000000        1.9174628        1.0000000        2.1098108        1.0000000        2.3211240        1.0000000       0.86616955        1.0000000        1.0844930        1.0000000        1.3110737 
       1.0000000        1.0000000        1.0000000        1.0000000       0.14100000        7.3511398        7.3079546       0.12994511       0.14922354      0.078432364      0.089544143      0.040703232      0.043042723       0.66617463       0.72106497       0.66273826       0.71429727       0.67025265       0.70507968        1.0000000        1.9180601        1.0000000        2.1113054        1.0000000        2.3215952        1.0000000       0.86676676        1.0000000        1.0859876        1.0000000        1.3115449 
       1.0000000        1.0000000        1.0000000        1.0000000       0.14200000        7.3442629        7.3013398       0.12998335       0.14873813      0.078451175      0.089450849      0.040719106      0.043413738       0.66619447       0.71973387       0.66284757       0.71371383       0.67065325       0.70505905        1.0000000        1.9140852        1.0000000        2.1095167        1.0000000        2.3245174        1.0000000       0.86279194        1.0000000        1.0841988        1.0000000        1.3144670 
       1.0000000        1.0000000        1.0000000        1.0000000       0.14300000        7.3283316        7.2856672       0.12998711       0.14875163      0.078429601      0.089613091      0.040713097      0.043595872       0.66628214       0.71976396       0.66270590       0.71490182       0.67038356       0.70732965        1.0000000        1.9140834        1.0000000        2.1125217        1.0000000        2.3307862        1.0000000       0.86279015        1.0000000        1.0872039        1.0000000        1.3207359 
       1.0000000        1.0000000        1.0000000        1.0000000       0.14400000        7.3146003        7.2721912       0.13005121       0.14885520      0.078485942      0.089664402      0.040748009      0.043605517       0.66645912       0.72015225       0.66268251       0.71500065       0.67009469       0.70728499        1.0000000        1.9151922        1.0000000        2.1129586        1.0000000        2.3310292        1.0000000       0.86389894        1.0000000        1.0876408        1.0000000        1.3209789 
       1.0000000        1.0000000        1.0000000        1.0000000       0.14500000        7.2988680        7.2567109       0.13011718       0.14888363      0.078555965      0.089790753      0.040792335      0.043865994       0.66660118       0.72035601       0.66285652       0.71525690       0.67012933       0.70767123        1.0000000        1.9155276        1.0000000        2.1135691        1.0000000        2.3342584        1.0000000       0.86423430        1.0000000        1.0882513        1.0000000        1.3242081 
       1.0000000        1.0000000        1.0000000        1.0000000       0.14600000        7.2821929        7.2402846       0.13015452       0.14844315      0.078593055      0.089459471      0.040827632      0.043682024       0.66663859       0.71875595       0.66315975       0.71333267       0.67042136       0.70634506        1.0000000        1.9111642        1.0000000        2.1074305        1.0000000        2.3279498        1.0000000       0.85987091        1.0000000        1.0821127        1.0000000        1.3178994 
       1.0000000        1.0000000        1.0000000        1.0000000       0.14700000        7.2595663        7.2179280       0.13010109       0.14840664      0.078541825      0.089411702      0.040769384      0.043644023       0.66649541       0.71873795       0.66305892       0.71321515       0.67032786       0.70652494        1.0000000        1.9111633        1.0000000        2.1065848        1.0000000        2.3278690        1.0000000       0.85987000        1.0000000        1.0812670        1.0000000        1.3178186 
       1.0000000        1.0000000        1.0000000        1.0000000       0.14800000        7.2457820        7.2043859       0.13002274       0.14848457      0.078457400      0.089463370      0.040704678      0.043617693       0.66619777       0.71878392       0.66279391       0.71324657       0.67002123       0.70621452        1.0000000        1.9112993        1.0000000        2.1068885        1.0000000        2.3273903        1.0000000       0.86000598        1.0000000        1.0815707        1.0000000        1.3173400 
       1.0000000        1.0000000        1.0000000        1.0000000       0.14900000        7.2250006        7.1838436       0.13018468       0.14866673      0.078604174      0.089597012      0.040796220      0.043710946       0.66662261       0.71895178       0.66348140       0.71385460       0.67074351       0.70651774        1.0000000        1.9118386        1.0000000        2.1093124        1.0000000        2.3293308        1.0000000       0.86054535        1.0000000        1.0839946        1.0000000        1.3192805 
       1.0000000        1.0000000        1.0000000        1.0000000       0.15000000        7.2125700        7.1716490       0.13015658       0.14844128      0.078552821      0.089403222      0.040720297      0.043596769       0.66648591       0.71853476       0.66318411       0.71330891       0.67016714       0.70648964        1.0000000        1.9107227        1.0000000        2.1068169        1.0000000        2.3276121        1.0000000       0.85942938        1.0000000        1.0814991        1.0000000        1.3175618 
       1.0000000        1.0000000        1.0000000        1.0000000       0.15100000        7.2066881        7.1660004       0.13023787       0.14847796      0.078597696      0.089426350      0.040740881      0.043586397       0.66660033       0.71851485       0.66331407       0.71314415       0.67047662       0.70637070        1.0000000        1.9107484        1.0000000        2.1063712        1.0000000        2.3271828        1.0000000       0.85945515        1.0000000        1.0810534        1.0000000        1.3171324 
       1.0000000        1.0000000        1.0000000        1.0000000       0.15200000        7.1942123        7.1537548       0.13027339       0.14827269      0.078644175      0.089262100      0.040777833      0.043499027       0.66687432       0.71782251       0.66372688       0.71223855       0.67077965       0.70533617        1.0000000        1.9089486        1.0000000        2.1034392        1.0000000        2.3220513        1.0000000       0.85765531        1.0000000        1.0781214        1.0000000        1.3120010 
       1.0000000        1.0000000        1.0000000        1.0000000       0.15300000        7.1773160        7.1370860       0.13021857       0.14820674      0.078599760      0.089230947      0.040777645      0.043497588       0.66651743       0.71773607       0.66335194       0.71228907       0.67067295       0.70562713        1.0000000        1.9086362        1.0000000        2.1034992        1.0000000        2.3233540        1.0000000       0.85734291        1.0000000        1.0781814        1.0000000        1.3133037 
       1.0000000        1.0000000        1.0000000        1.0000000       0.15400000        7.1635824        7.1235771       0.13026875       0.14809273      0.078630109      0.089219856      0.040788461      0.043512627       0.66674625       0.71746349       0.66340250       0.71192504       0.67026741       0.70545720        1.0000000        1.9078656        1.0000000        2.1019386        1.0000000        2.3230436        1.0000000       0.85657226        1.0000000        1.0766207        1.0000000        1.3129933 
       1.0000000        1.0000000        1.0000000        1.0000000       0.15500000        7.1441784        7.1043951       0.13023128       0.14803392      0.078580227      0.089246307      0.040763119      0.043667922       0.66667324       0.71765444       0.66310266       0.71226630       0.66987954       0.70611039        1.0000000        1.9081794        1.0000000        2.1026296        1.0000000        2.3249888        1.0000000       0.85688615        1.0000000        1.0773118        1.0000000        1.3149385 
       1.0000000        1.0000000        1.0000000        1.0000000       0.15600000        7.1389223        7.0993584       0.13022296       0.14829022      0.078543728      0.089449574      0.040718399      0.043752393       0.66651264       0.71815999       0.66299934       0.71284855       0.66986600       0.70645963        1.0000000        1.9097538        1.0000000        2.1049567        1.0000000        2.3279040        1.0000000       0.85846052        1.0000000        1.0796389        1.0000000        1.3178537 
       1.0000000        1.0000000        1.0000000        1.0000000       0.15700000        7.1230222        7.0836749       0.13013344       0.14827311      0.078482891      0.089353913      0.040711116      0.043599238       0.66634273       0.71812148       0.66281810       0.71239410       0.66980197       0.70547956        1.0000000        1.9097173        1.0000000        2.1038274        1.0000000        2.3235641        1.0000000       0.85842401        1.0000000        1.0785096        1.0000000        1.3135137 
       1.0000000        1.0000000        1.0000000        1.0000000       0.15800000        7.1103719        7.0712601       0.13001993       0.14828562      0.078332130      0.089414480      0.040550574      0.043641132       0.66594461       0.71738085       0.66241069       0.71222616       0.66900163       0.70604257        1.0000000        1.9077443        1.0000000        2.1037306        1.0000000        2.3246116        1.0000000       0.85645105        1.0000000        1.0784128        1.0000000        1.3145613 
       1.0000000        1.0000000        1.0000000        1.0000000       0.15900000        7.0954812        7.0565807       0.13005886       0.14821824      0.078373426      0.089327927      0.040614370      0.043542574       0.66612813       0.71725061       0.66249679       0.71162527       0.66918495       0.70452556        1.0000000        1.9072792        1.0000000        2.1020203        1.0000000        2.3200829        1.0000000       0.85598591        1.0000000        1.0767025        1.0000000        1.3100325 
       1.0000000        1.0000000        1.0000000        1.0000000       0.16000000        7.0870950        7.0484034       0.13007391       0.14803515      0.078394123      0.089028086      0.040640256      0.043253576       0.66617476       0.71640352       0.66258911       0.71010047       0.66934315       0.70250581        1.0000000        1.9052717        1.0000000        2.0975696        1.0000000        2.3106230        1.0000000       0.85397839        1.0000000        1.0722518        1.0000000        1.3005726 
