
       1.0000000        1.0000000        1.0000000        1.0000000      0.035000000        10.243014        10.088951       0.18678555       0.18445272       0.10174900       0.10241722      0.048148226      0.048247055       0.83287771       0.82836432       0.75408398       0.75620977       0.71018543       0.71531912        1.0000000        2.2632200        1.0000000        2.3119283        1.0000000        2.4316486        1.0000000        1.2119267        1.0000000        1.2866105        1.0000000        1.4215983 
       1.0000000        1.0000000        1.0000000        1.0000000      0.036000000        10.277954        10.128138       0.18715020       0.18409503       0.10352061       0.10371277      0.049414444      0.049871955       0.83004237       0.82539256       0.75395629       0.75567669       0.71002406       0.71962637        1.0000000        2.2528185        1.0000000        2.3105821        1.0000000        2.4683989        1.0000000        1.2015252        1.0000000        1.2852642        1.0000000        1.4583486 
       1.0000000        1.0000000        1.0000000        1.0000000      0.037000000        10.116394        9.9705712       0.18384984       0.18210428       0.10038190       0.10174205      0.047604427      0.048579599       0.82712221       0.82290718       0.75030758       0.75352781       0.70717915       0.71659750        1.0000000        2.2438460        1.0000000        2.2995561        1.0000000        2.4379293        1.0000000        1.1925527        1.0000000        1.2742383        1.0000000        1.4278789 
       1.0000000        1.0000000        1.0000000        1.0000000      0.038000000        10.018120        9.8760596       0.18191513       0.18077871      0.099644504       0.10042005      0.047443825      0.047199671       0.82356076       0.81991269       0.74800339       0.75121116       0.70622614       0.71323024        1.0000000        2.2337493        1.0000000        2.2893909        1.0000000        2.4152094        1.0000000        1.1824560        1.0000000        1.2640731        1.0000000        1.4051590 
       1.0000000        1.0000000        1.0000000        1.0000000      0.039000000        9.9547018        9.8161939       0.18080814       0.18081147      0.099257859       0.10101438      0.047492187      0.047388033       0.82102561       0.81820640       0.74649311       0.75156669       0.70563332       0.71388412        1.0000000        2.2278785        1.0000000        2.2910345        1.0000000        2.4218380        1.0000000        1.1765852        1.0000000        1.2657167        1.0000000        1.4117876 
       1.0000000        1.0000000        1.0000000        1.0000000      0.040000000        9.9716572        9.8365092       0.17932302       0.18038005      0.098156486       0.10102171      0.046903992      0.047511263       0.81888426       0.81680993       0.74480373       0.75111966       0.70503254       0.71434804        1.0000000        2.2226228        1.0000000        2.2883286        1.0000000        2.4242491        1.0000000        1.1713295        1.0000000        1.2630108        1.0000000        1.4141987 
       1.0000000        1.0000000        1.0000000        1.0000000      0.041000000        9.9173104        9.7853456       0.17791842       0.17914594      0.097710252      0.099975296      0.046923258      0.045957465       0.81612378       0.81443831       0.74341007       0.74905924       0.70490395       0.71051458        1.0000000        2.2147501        1.0000000        2.2777169        1.0000000        2.3937208        1.0000000        1.1634568        1.0000000        1.2523991        1.0000000        1.3836704 
       1.0000000        1.0000000        1.0000000        1.0000000      0.042000000        9.8511018        9.7221575       0.17803785       0.17899075      0.098381584       0.10009469      0.047122899      0.046168830       0.81416280       0.81318559       0.74299386       0.74829978       0.70541640       0.71070653        1.0000000        2.2107134        1.0000000        2.2745520        1.0000000        2.3950290        1.0000000        1.1594201        1.0000000        1.2492342        1.0000000        1.3849786 
       1.0000000        1.0000000        1.0000000        1.0000000      0.043000000        9.8610841        9.7350104       0.17772673       0.17884338      0.098377656       0.10005717      0.047069665      0.046192672       0.81222306       0.81191709       0.74189782       0.74728989       0.70493010       0.70987925        1.0000000        2.2067463        1.0000000        2.2707166        1.0000000        2.3899827        1.0000000        1.1554530        1.0000000        1.2453988        1.0000000        1.3799324 
       1.0000000        1.0000000        1.0000000        1.0000000      0.044000000        9.8668956        9.7435537       0.17705350       0.17840732      0.098037792      0.099974938      0.046874624      0.046191979       0.81045152       0.81031265       0.74063462       0.74574407       0.70448961       0.70897831        1.0000000        2.2018734        1.0000000        2.2644210        1.0000000        2.3834504        1.0000000        1.1505801        1.0000000        1.2391032        1.0000000        1.3734001 
       1.0000000        1.0000000        1.0000000        1.0000000      0.045000000        9.7635215        9.6430366       0.17577858       0.17840444      0.097553370       0.10053921      0.046822227      0.046639300       0.80782600       0.80854572       0.73906421       0.74558174       0.70402738       0.70971397        1.0000000        2.1964548        1.0000000        2.2644616        1.0000000        2.3908382        1.0000000        1.1451616        1.0000000        1.2391438        1.0000000        1.3807878 
       1.0000000        1.0000000        1.0000000        1.0000000      0.046000000        9.7006597        9.5826475       0.17490780       0.17833948      0.097213273       0.10098742      0.046654242      0.046762113       0.80538025       0.80722686       0.73755786       0.74521460       0.70342432       0.71085120        1.0000000        2.1921884        1.0000000        2.2627873        1.0000000        2.4003326        1.0000000        1.1408951        1.0000000        1.2374695        1.0000000        1.3902823 
       1.0000000        1.0000000        1.0000000        1.0000000      0.047000000        9.6431161        9.5274663       0.17429042       0.17886074      0.097225177       0.10149487      0.046751623      0.047134690       0.80340922       0.80629794       0.73685386       0.74508921       0.70295644       0.71099075        1.0000000        2.1902630        1.0000000        2.2640452        1.0000000        2.4036732        1.0000000        1.1389697        1.0000000        1.2387274        1.0000000        1.3936228 
       1.0000000        1.0000000        1.0000000        1.0000000      0.048000000        9.5957009        9.4823108       0.17362574       0.17951503      0.097773538       0.10233775      0.047614258      0.047834959       0.80097938       0.80546118       0.73567563       0.74624760       0.70360782       0.71207097        1.0000000        2.1877239        1.0000000        2.2704717        1.0000000        2.4132848        1.0000000        1.1364306        1.0000000        1.2451539        1.0000000        1.4032344 
       1.0000000        1.0000000        1.0000000        1.0000000      0.049000000        9.5488460        9.4376198       0.17291426       0.17908743      0.097490507       0.10221347      0.047639791      0.047769054       0.79895105       0.80462571       0.73455462       0.74493983       0.70319742       0.71149389        1.0000000        2.1851006        1.0000000        2.2652240        1.0000000        2.4137025        1.0000000        1.1338073        1.0000000        1.2399062        1.0000000        1.4036522 
       1.0000000        1.0000000        1.0000000        1.0000000      0.050000000        9.5634530        9.4543009       0.17254904       0.17937574      0.097084766       0.10260068      0.047219963      0.047976148       0.79858331       0.80383540       0.73448335       0.74576684       0.70300335       0.71041834        1.0000000        2.1831778        1.0000000        2.2701417        1.0000000        2.4081359        1.0000000        1.1318845        1.0000000        1.2448239        1.0000000        1.3980856 
       1.0000000        1.0000000        1.0000000        1.0000000      0.051000000        9.5655443        9.4583822       0.17191954       0.17991619      0.097279464       0.10316623      0.047561403      0.048492808       0.79611170       0.80333829       0.73313658       0.74690521       0.70266631       0.71168599        1.0000000        2.1819327        1.0000000        2.2765079        1.0000000        2.4163163        1.0000000        1.1306394        1.0000000        1.2511901        1.0000000        1.4062660 
       1.0000000        1.0000000        1.0000000        1.0000000      0.052000000        9.4714571        9.3662063       0.17129636       0.17721347      0.097285308       0.10143285      0.047771797      0.047153216       0.79399452       0.79995843       0.73208220       0.74534961       0.70300336       0.71085603        1.0000000        2.1684848        1.0000000        2.2670062        1.0000000        2.4074134        1.0000000        1.1171915        1.0000000        1.2416884        1.0000000        1.3973631 
       1.0000000        1.0000000        1.0000000        1.0000000      0.053000000        9.4418457        9.3384320       0.17027064       0.17642089      0.097010089       0.10087287      0.047744524      0.047283258       0.79122102       0.79832252       0.73070628       0.74440465       0.70278201       0.71095840        1.0000000        2.1631300        1.0000000        2.2617804        1.0000000        2.4073760        1.0000000        1.1118367        1.0000000        1.2364626        1.0000000        1.3973257 
       1.0000000        1.0000000        1.0000000        1.0000000      0.054000000        9.4035326        9.3018864       0.16984700       0.17636766      0.097404997       0.10112646      0.048522868      0.047533179       0.78903273       0.79729099       0.72976619       0.74544243       0.70484366       0.71096030        1.0000000        2.1596377        1.0000000        2.2667127        1.0000000        2.4091384        1.0000000        1.1083444        1.0000000        1.2413949        1.0000000        1.3990881 
       1.0000000        1.0000000        1.0000000        1.0000000      0.055000000        9.3712756        9.2713312       0.16929770       0.17588628      0.097133030       0.10096613      0.048360675      0.047552392       0.78769356       0.79606497       0.72883692       0.74418256       0.70461761       0.71112205        1.0000000        2.1557434        1.0000000        2.2605938        1.0000000        2.4086508        1.0000000        1.1044501        1.0000000        1.2352760        1.0000000        1.3986004 
       1.0000000        1.0000000        1.0000000        1.0000000      0.056000000        9.3513314        9.2531876       0.16710106       0.17518269      0.094926807       0.10052236      0.046638595      0.047263771       0.78503328       0.79437509       0.72674397       0.74298827       0.70171016       0.71047514        1.0000000        2.1502649        1.0000000        2.2550942        1.0000000        2.4045986        1.0000000        1.0989716        1.0000000        1.2297764        1.0000000        1.3945483 
       1.0000000        1.0000000        1.0000000        1.0000000      0.057000000        9.3218444        9.2252763       0.16644891       0.17469031      0.094412530       0.10042755      0.046345583      0.047070820       0.78380144       0.79283471       0.72634820       0.74290673       0.70115689       0.71058277        1.0000000        2.1450350        1.0000000        2.2547517        1.0000000        2.4041546        1.0000000        1.0937417        1.0000000        1.2294339        1.0000000        1.3941043 
       1.0000000        1.0000000        1.0000000        1.0000000      0.058000000        9.2988850        9.2038376       0.16587978       0.17452721      0.094237245       0.10047432      0.046324521      0.047081861       0.78156362       0.79187609       0.72503037       0.74270301       0.70061777       0.71127924        1.0000000        2.1419618        1.0000000        2.2539024        1.0000000        2.4074272        1.0000000        1.0906685        1.0000000        1.2285846        1.0000000        1.3973769 
       1.0000000        1.0000000        1.0000000        1.0000000      0.059000000        9.2599548        9.1663761       0.16543174       0.17466368      0.094040606       0.10066424      0.046231439      0.047232425       0.78013789       0.79119989       0.72434671       0.74227910       0.70019838       0.71115845        1.0000000        2.1402596        1.0000000        2.2527114        1.0000000        2.4076974        1.0000000        1.0889663        1.0000000        1.2273935        1.0000000        1.3976471 
       1.0000000        1.0000000        1.0000000        1.0000000      0.060000000        9.2230725        9.1309131       0.16489477       0.17428585      0.093970356       0.10057238      0.046338232      0.047220374       0.77819884       0.78974457       0.72350497       0.74181644       0.70046482       0.71158564        1.0000000        2.1356713        1.0000000        2.2506579        1.0000000        2.4093241        1.0000000        1.0843780        1.0000000        1.2253401        1.0000000        1.3992737 
       1.0000000        1.0000000        1.0000000        1.0000000      0.061000000        9.2193473        9.1285604       0.16449528       0.17404841      0.093736330       0.10060668      0.046210869      0.047436260       0.77743011       0.78898071       0.72297024       0.74163431       0.70062614       0.71247992        1.0000000        2.1329624        1.0000000        2.2493412        1.0000000        2.4133983        1.0000000        1.0816691        1.0000000        1.2240234        1.0000000        1.4033479 
       1.0000000        1.0000000        1.0000000        1.0000000      0.062000000        9.1954425        9.1059837       0.16398770       0.17402388      0.093467430       0.10071588      0.045925323      0.047375639       0.77514963       0.78787344       0.72147246       0.74140943       0.69901919       0.71182873        1.0000000        2.1297988        1.0000000        2.2490607        1.0000000        2.4101962        1.0000000        1.0785055        1.0000000        1.2237429        1.0000000        1.4001458 
       1.0000000        1.0000000        1.0000000        1.0000000      0.063000000        9.1539530        9.0657800       0.16379781       0.17428045      0.093611182       0.10111226      0.046170158      0.047940560       0.77407244       0.78766106       0.72122906       0.74135696       0.69985060       0.71232364        1.0000000        2.1293951        1.0000000        2.2491502        1.0000000        2.4152085        1.0000000        1.0781018        1.0000000        1.2238324        1.0000000        1.4051582 
       1.0000000        1.0000000        1.0000000        1.0000000      0.064000000        9.1056795        9.0187522       0.16326767       0.17416474      0.093555148       0.10148229      0.046219700      0.048036459       0.77243253       0.78634456       0.72088423       0.74181259       0.69998840       0.71275391        1.0000000        2.1251971        1.0000000        2.2512486        1.0000000        2.4183871        1.0000000        1.0739038        1.0000000        1.2259308        1.0000000        1.4083367 
       1.0000000        1.0000000        1.0000000        1.0000000      0.065000000        9.1006253        9.0149054       0.16291600       0.17435792      0.093516132       0.10178761      0.046212728      0.048156923       0.77070184       0.78556351       0.71998430       0.74254302       0.70005719       0.71300583        1.0000000        2.1229302        1.0000000        2.2546361        1.0000000        2.4213007        1.0000000        1.0716369        1.0000000        1.2293183        1.0000000        1.4112503 
       1.0000000        1.0000000        1.0000000        1.0000000      0.066000000        9.0691910        8.9846421       0.16274471       0.17412078      0.093568743       0.10150442      0.046236773      0.047932122       0.76954184       0.78454080       0.71984064       0.74210042       0.70010630       0.71236289        1.0000000        2.1199845        1.0000000        2.2529635        1.0000000        2.4163499        1.0000000        1.0686912        1.0000000        1.2276457        1.0000000        1.4062996 
       1.0000000        1.0000000        1.0000000        1.0000000      0.067000000        9.0244742        8.9411732       0.16473010       0.17473130      0.095698018       0.10190704      0.047616260      0.048167364       0.76996411       0.78536055       0.72037849       0.74332602       0.70262016       0.71274921        1.0000000        2.1227072        1.0000000        2.2592385        1.0000000        2.4202889        1.0000000        1.0714140        1.0000000        1.2339207        1.0000000        1.4102385 
       1.0000000        1.0000000        1.0000000        1.0000000      0.068000000        9.0050590        8.9228578       0.16453502       0.17461092      0.095756239       0.10161773      0.047793251      0.048249421       0.76892623       0.78547539       0.72003015       0.74260221       0.70300704       0.71288969        1.0000000        2.1230511        1.0000000        2.2558195        1.0000000        2.4203295        1.0000000        1.0717578        1.0000000        1.2305017        1.0000000        1.4102791 
       1.0000000        1.0000000        1.0000000        1.0000000      0.069000000        8.9689922        8.8878592       0.16442474       0.17414644      0.095820500       0.10133233      0.047789710      0.047540145       0.76739374       0.78413235       0.71970747       0.74276609       0.70270885       0.71017858        1.0000000        2.1186645        1.0000000        2.2572804        1.0000000        2.4106221        1.0000000        1.0673712        1.0000000        1.2319626        1.0000000        1.4005718 
       1.0000000        1.0000000        1.0000000        1.0000000      0.070000000        8.9550527        8.8749576       0.16234946       0.17361092      0.093827369       0.10080436      0.046634295      0.047372618       0.76581466       0.78384096       0.71826976       0.74078257       0.70133735       0.70999675        1.0000000        2.1175697        1.0000000        2.2479077        1.0000000        2.4066329        1.0000000        1.0662764        1.0000000        1.2225899        1.0000000        1.3965826 
       1.0000000        1.0000000        1.0000000        1.0000000      0.071000000        8.9261660        8.8470801       0.16183648       0.17272873      0.093633561       0.10035130      0.046607147      0.047209816       0.76509742       0.78221000       0.71821552       0.74083563       0.70140114       0.70987348        1.0000000        2.1119419        1.0000000        2.2469394        1.0000000        2.4043955        1.0000000        1.0606486        1.0000000        1.2216216        1.0000000        1.3943452 
       1.0000000        1.0000000        1.0000000        1.0000000      0.072000000        8.8900254        8.8119210       0.16158556       0.17282055      0.093662278       0.10053545      0.046613536      0.047318073       0.76332421       0.78163419       0.71816894       0.74091773       0.70129719       0.70998448        1.0000000        2.1103863        1.0000000        2.2474839        1.0000000        2.4055522        1.0000000        1.0590930        1.0000000        1.2221661        1.0000000        1.3955019 
       1.0000000        1.0000000        1.0000000        1.0000000      0.073000000        8.8633943        8.7862449       0.16132500       0.17113074      0.093574021      0.099146892      0.046588986      0.046537824       0.76308158       0.78029483       0.71817887       0.74028169       0.70144602       0.71050350        1.0000000        2.1050358        1.0000000        2.2413714        1.0000000        2.3988056        1.0000000        1.0537425        1.0000000        1.2160536        1.0000000        1.3887553 
       1.0000000        1.0000000        1.0000000        1.0000000      0.074000000        8.8524987        8.7762790       0.16099250       0.17107056      0.093662411      0.099258307      0.046765684      0.046585760       0.76157310       0.77959510       0.71790016       0.74054819       0.70198391       0.71048964        1.0000000        2.1027918        1.0000000        2.2416438        1.0000000        2.3991269        1.0000000        1.0514985        1.0000000        1.2163260        1.0000000        1.3890765 
       1.0000000        1.0000000        1.0000000        1.0000000      0.075000000        8.8426238        8.7673094       0.16042294       0.17113652      0.093226036      0.099472140      0.046513587      0.046634190       0.76036556       0.77925406       0.71641846       0.74071860       0.70136815       0.71098966        1.0000000        2.1017232        1.0000000        2.2425547        1.0000000        2.4024813        1.0000000        1.0504299        1.0000000        1.2172369        1.0000000        1.3924310 
       1.0000000        1.0000000        1.0000000        1.0000000      0.076000000        8.8312676        8.7568350       0.16016790       0.17093963      0.093061021      0.099549899      0.046328661      0.046727738       0.75926545       0.77846438       0.71578665       0.74038714       0.70063818       0.71207648        1.0000000        2.0992542        1.0000000        2.2409691        1.0000000        2.4076247        1.0000000        1.0479609        1.0000000        1.2156513        1.0000000        1.3975744 
       1.0000000        1.0000000        1.0000000        1.0000000      0.077000000        8.8171073        8.7435342       0.15998248       0.17079863      0.093103335      0.099258304      0.046393340      0.046323764       0.75810307       0.77797909       0.71547816       0.73967022       0.70082118       0.71045067        1.0000000        2.0980624        1.0000000        2.2387607        1.0000000        2.3989329        1.0000000        1.0467692        1.0000000        1.2134429        1.0000000        1.3888826 
       1.0000000        1.0000000        1.0000000        1.0000000      0.078000000        8.8158961        8.7431609       0.15962256       0.17148677      0.092960526      0.099890414      0.046438739      0.046659011       0.75690777       0.77838656       0.71445289       0.74072086       0.70072911       0.71184875        1.0000000        2.0996903        1.0000000        2.2437404        1.0000000        2.4076427        1.0000000        1.0483970        1.0000000        1.2184226        1.0000000        1.3975924 
       1.0000000        1.0000000        1.0000000        1.0000000      0.079000000        8.7777043        8.7058669       0.15936694       0.17147827      0.093039272      0.099746148      0.046569951      0.046625529       0.75543604       0.77786041       0.71422435       0.74162998       0.70125718       0.71136516        1.0000000        2.0980827        1.0000000        2.2469597        1.0000000        2.4051296        1.0000000        1.0467894        1.0000000        1.2216418        1.0000000        1.3950792 
       1.0000000        1.0000000        1.0000000        1.0000000      0.080000000        8.7559110        8.6848688       0.15902341       0.17172973      0.093075796       0.10001516      0.046666111      0.046729354       0.75387180       0.77768929       0.71404401       0.74235462       0.70155673       0.71182286        1.0000000        2.0976968        1.0000000        2.2502810        1.0000000        2.4084646        1.0000000        1.0464035        1.0000000        1.2249632        1.0000000        1.3984143 
       1.0000000        1.0000000        1.0000000        1.0000000      0.081000000        8.7389657        8.6686997       0.15905804       0.17195762      0.093282720       0.10012093      0.046711813      0.046838080       0.75260956       0.77831437       0.71465979       0.74292182       0.70096539       0.71187021        1.0000000        2.0996546        1.0000000        2.2523337        1.0000000        2.4095982        1.0000000        1.0483613        1.0000000        1.2270159        1.0000000        1.3995479 
       1.0000000        1.0000000        1.0000000        1.0000000      0.082000000        8.7312117        8.6617033       0.15868280       0.17142672      0.093096108      0.099646101      0.046605636      0.046511557       0.75091895       0.77699231       0.71341823       0.74207540       0.70006643       0.71065728        1.0000000        2.0957283        1.0000000        2.2485543        1.0000000        2.4012664        1.0000000        1.0444350        1.0000000        1.2232365        1.0000000        1.3912161 
       1.0000000        1.0000000        1.0000000        1.0000000      0.083000000        8.7003497        8.6315813       0.15846305       0.17141237      0.092976653      0.099696458      0.046509637      0.046673650       0.74992592       0.77639779       0.71280789       0.74233040       0.70007045       0.71112098        1.0000000        2.0939638        1.0000000        2.2492231        1.0000000        2.4027885        1.0000000        1.0426705        1.0000000        1.2239052        1.0000000        1.3927382 
       1.0000000        1.0000000        1.0000000        1.0000000      0.084000000        8.6766498        8.6086042       0.15831023       0.17162405      0.092835772      0.099858466      0.046440181      0.046706165       0.74918624       0.77649275       0.71257621       0.74255221       0.70012814       0.71114811        1.0000000        2.0944007        1.0000000        2.2503183        1.0000000        2.4034424        1.0000000        1.0431074        1.0000000        1.2250005        1.0000000        1.3933921 
       1.0000000        1.0000000        1.0000000        1.0000000      0.085000000        8.6492840        8.5819448       0.15830212       0.17149236      0.092954705      0.099805787      0.046516471      0.046731624       0.74874280       0.77587564       0.71286751       0.74221208       0.70032804       0.71100493        1.0000000        2.0926747        1.0000000        2.2490781        1.0000000        2.4030894        1.0000000        1.0413814        1.0000000        1.2237602        1.0000000        1.3930391 
       1.0000000        1.0000000        1.0000000        1.0000000      0.086000000        8.6284873        8.5618385       0.15825284       0.17100859      0.093026743      0.099587993      0.046557858      0.046660135       0.74774440       0.77485701       0.71255190       0.74132574       0.70025606       0.71081910        1.0000000        2.0895023        1.0000000        2.2451999        1.0000000        2.4026207        1.0000000        1.0382090        1.0000000        1.2198821        1.0000000        1.3925704 
       1.0000000        1.0000000        1.0000000        1.0000000      0.087000000        8.6177791        8.5518053       0.15816916       0.17087264      0.093079113      0.099445532      0.046581051      0.046629309       0.74670012       0.77446753       0.71252675       0.74094891       0.70029156       0.71041539        1.0000000        2.0885112        1.0000000        2.2435955        1.0000000        2.4009750        1.0000000        1.0372179        1.0000000        1.2182777        1.0000000        1.3909247 
       1.0000000        1.0000000        1.0000000        1.0000000      0.088000000        8.5936137        8.5283000       0.15822805       0.17104295      0.093132776      0.099655775      0.046559051      0.046747284       0.74620404       0.77448597       0.71313236       0.74133613       0.70028205       0.71055084        1.0000000        2.0886594        1.0000000        2.2453856        1.0000000        2.4028962        1.0000000        1.0373661        1.0000000        1.2200678        1.0000000        1.3928459 
       1.0000000        1.0000000        1.0000000        1.0000000      0.089000000        8.5786189        8.5139511       0.15798262       0.17095459      0.092934621      0.099643284      0.046410703      0.046860142       0.74541721       0.77437233       0.71228364       0.74127823       0.69925578       0.71120465        1.0000000        2.0880882        1.0000000        2.2443477        1.0000000        2.4063058        1.0000000        1.0367949        1.0000000        1.2190299        1.0000000        1.3962555 
       1.0000000        1.0000000        1.0000000        1.0000000      0.090000000        8.5664980        8.5025246       0.15787811       0.17026458      0.092762337      0.099224683      0.046164955      0.046783939       0.74467370       0.77343729       0.71226913       0.74100535       0.69887817       0.71099108        1.0000000        2.0848740        1.0000000        2.2427270        1.0000000        2.4038325        1.0000000        1.0335807        1.0000000        1.2174092        1.0000000        1.3937822 
       1.0000000        1.0000000        1.0000000        1.0000000      0.091000000        8.5404656        8.4771094       0.15772374       0.17017071      0.092750983      0.099213782      0.046211998      0.046836385       0.74390438       0.77330818       0.71218001       0.74126507       0.69933292       0.71142512        1.0000000        2.0843253        1.0000000        2.2432943        1.0000000        2.4058901        1.0000000        1.0330320        1.0000000        1.2179765        1.0000000        1.3958398 
       1.0000000        1.0000000        1.0000000        1.0000000      0.092000000        8.5181431        8.4553911       0.15773390       0.17028688      0.092739810      0.099251808      0.046143894      0.046813910       0.74281556       0.77339188       0.71179719       0.74123860       0.69854533       0.71126627        1.0000000        2.0846305        1.0000000        2.2434829        1.0000000        2.4049303        1.0000000        1.0333372        1.0000000        1.2181651        1.0000000        1.3948800 
       1.0000000        1.0000000        1.0000000        1.0000000      0.093000000        8.4843709        8.4222108       0.15750962       0.17042185      0.092701930      0.099311957      0.046177906      0.046687007       0.74197354       0.77349920       0.71167156       0.74177111       0.69882987       0.71086961        1.0000000        2.0850220        1.0000000        2.2457301        1.0000000        2.4022330        1.0000000        1.0337287        1.0000000        1.2204123        1.0000000        1.3921827 
       1.0000000        1.0000000        1.0000000        1.0000000      0.094000000        8.4575783        8.3959978       0.15733067       0.17045967      0.092597848      0.099425040      0.046091671      0.046722648       0.74105075       0.77300035       0.71107024       0.74204360       0.69811204       0.71082711        1.0000000        2.0836360        1.0000000        2.2470019        1.0000000        2.4027685        1.0000000        1.0323427        1.0000000        1.2216841        1.0000000        1.3927181 
       1.0000000        1.0000000        1.0000000        1.0000000      0.095000000        8.4308110        8.3697984       0.15681357       0.17043676      0.092372306      0.099426888      0.046007503      0.046703410       0.73953188       0.77294098       0.71058273       0.74233523       0.69807993       0.71124285        1.0000000        2.0832811        1.0000000        2.2474639        1.0000000        2.4040632        1.0000000        1.0319878        1.0000000        1.2221461        1.0000000        1.3940128 
       1.0000000        1.0000000        1.0000000        1.0000000      0.096000000        8.4217733        8.3613172       0.15677137       0.17025570      0.092351921      0.099261650      0.045960800      0.046542294       0.73922748       0.77259468       0.71026322       0.74212382       0.69743330       0.71076164        1.0000000        2.0822798        1.0000000        2.2465263        1.0000000        2.4006208        1.0000000        1.0309865        1.0000000        1.2212085        1.0000000        1.3905704 
       1.0000000        1.0000000        1.0000000        1.0000000      0.097000000        8.4121666        8.3522561       0.15674542       0.17009795      0.092369246      0.099168286      0.045989170      0.046538797       0.73879196       0.77246372       0.71023253       0.74207985       0.69724851       0.71081206        1.0000000        2.0817425        1.0000000        2.2460567        1.0000000        2.4011457        1.0000000        1.0304492        1.0000000        1.2207389        1.0000000        1.3910953 
       1.0000000        1.0000000        1.0000000        1.0000000      0.098000000        8.4088250        8.3494492       0.15686896       0.16975528      0.092607058      0.099048593      0.046115774      0.046563114       0.73862199       0.77151560       0.71071031       0.74110334       0.69766573       0.71059524        1.0000000        2.0789947        1.0000000        2.2421402        1.0000000        2.4004143        1.0000000        1.0277014        1.0000000        1.2168224        1.0000000        1.3903640 
       1.0000000        1.0000000        1.0000000        1.0000000      0.099000000        8.3828022        8.3239509       0.15684247       0.16974621      0.092577295      0.098992111      0.046084849      0.046495620       0.73804680       0.77164621       0.71074606       0.74090122       0.69716433       0.71039145        1.0000000        2.0793748        1.0000000        2.2412007        1.0000000        2.3986329        1.0000000        1.0280815        1.0000000        1.2158829        1.0000000        1.3885826 
       1.0000000        1.0000000        1.0000000        1.0000000       0.10000000        8.3658504        8.3075135       0.15690020       0.16985091      0.092734093      0.099005608      0.046230470      0.046487497       0.73804408       0.77191165       0.71105900       0.74109028       0.69774471       0.71041643        1.0000000        2.0801665        1.0000000        2.2422084        1.0000000        2.3990558        1.0000000        1.0288732        1.0000000        1.2168906        1.0000000        1.3890055 
       1.0000000        1.0000000        1.0000000        1.0000000       0.10100000        8.3419240        8.2841416       0.15678151       0.17030680      0.092695614      0.099372535      0.046187127      0.046570581       0.73700838       0.77227418       0.71072419       0.74262505       0.69720450       0.71132356        1.0000000        2.0812213        1.0000000        2.2476154        1.0000000        2.4038381        1.0000000        1.0299280        1.0000000        1.2222976        1.0000000        1.3937877 
       1.0000000        1.0000000        1.0000000        1.0000000       0.10200000        8.3118051        8.2545170       0.15618571       0.17073481      0.092142601      0.099654671      0.045778029      0.046662364       0.73545625       0.77272357       0.70930547       0.74299430       0.69535234       0.71157013        1.0000000        2.0828535        1.0000000        2.2495511        1.0000000        2.4058316        1.0000000        1.0315602        1.0000000        1.2242333        1.0000000        1.3957813 
       1.0000000        1.0000000        1.0000000        1.0000000       0.10300000        8.2946305        8.2378275       0.15623658       0.17026502      0.092261937      0.099687471      0.045849752      0.046992387       0.73530987       0.77169218       0.70949798       0.74251424       0.69558269       0.71283491        1.0000000        2.0791709        1.0000000        2.2459165        1.0000000        2.4127877        1.0000000        1.0278776        1.0000000        1.2205986        1.0000000        1.4027373 
       1.0000000        1.0000000        1.0000000        1.0000000       0.10400000        8.2725748        8.2162479       0.15633466       0.17055659      0.092453744      0.099975436      0.046111502      0.047225416       0.73525553       0.77222073       0.70941164       0.74308382       0.69618820       0.71324000        1.0000000        2.0807071        1.0000000        2.2483656        1.0000000        2.4162731        1.0000000        1.0294138        1.0000000        1.2230478        1.0000000        1.4062227 
       1.0000000        1.0000000        1.0000000        1.0000000       0.10500000        8.2617932        8.2059337       0.15640723       0.17059922      0.092560041      0.099960543      0.046205639      0.047267023       0.73486678       0.77231156       0.70973040       0.74286347       0.69649190       0.71327899        1.0000000        2.0810110        1.0000000        2.2477806        1.0000000        2.4168833        1.0000000        1.0297177        1.0000000        1.2224628        1.0000000        1.4068330 
       1.0000000        1.0000000        1.0000000        1.0000000       0.10600000        8.2717194        8.2163190       0.15651652       0.17082861      0.092670700       0.10015260      0.046292858      0.047389727       0.73493385       0.77265480       0.71010236       0.74307296       0.69690790       0.71351253        1.0000000        2.0821468        1.0000000        2.2489027        1.0000000        2.4184166        1.0000000        1.0308535        1.0000000        1.2235849        1.0000000        1.4083663 
       1.0000000        1.0000000        1.0000000        1.0000000       0.10700000        8.2598480        8.2048985       0.15659720       0.17095413      0.092877862       0.10021244      0.046547387      0.047508156       0.73490100       0.77325169       0.71070512       0.74333478       0.69811033       0.71427820        1.0000000        2.0836621        1.0000000        2.2498156        1.0000000        2.4223701        1.0000000        1.0323688        1.0000000        1.2244978        1.0000000        1.4123198 
       1.0000000        1.0000000        1.0000000        1.0000000       0.10800000        8.2551117        8.2006051       0.15654214       0.17084883      0.092916970       0.10011958      0.046568508      0.047377559       0.73456684       0.77311576       0.71087488       0.74330034       0.69846039       0.71380201        1.0000000        2.0831755        1.0000000        2.2497754        1.0000000        2.4198645        1.0000000        1.0318822        1.0000000        1.2244576        1.0000000        1.4098142 
       1.0000000        1.0000000        1.0000000        1.0000000       0.10900000        8.2377917        8.1837203       0.15648405       0.17086221      0.092888307       0.10013132      0.046511621      0.047430942       0.73385633       0.77324230       0.71041951       0.74347714       0.69783630       0.71413865        1.0000000        2.0835048        1.0000000        2.2503700        1.0000000        2.4213841        1.0000000        1.0322115        1.0000000        1.2250522        1.0000000        1.4113337 
       1.0000000        1.0000000        1.0000000        1.0000000       0.11000000        8.2143267        8.1606829       0.15635852       0.17103781      0.092833860       0.10036536      0.046516610      0.047643522       0.73303447       0.77364601       0.71012089       0.74453762       0.69772434       0.71500202        1.0000000        2.0843933        1.0000000        2.2540467        1.0000000        2.4263500        1.0000000        1.0331000        1.0000000        1.2287289        1.0000000        1.4162997 
       1.0000000        1.0000000        1.0000000        1.0000000       0.11100000        8.1894451        8.1362216       0.15641029       0.17092381      0.092982309       0.10022938      0.046740082      0.047650782       0.73299716       0.77380541       0.71029271       0.74443803       0.69857482       0.71486373        1.0000000        2.0847925        1.0000000        2.2536338        1.0000000        2.4255373        1.0000000        1.0334992        1.0000000        1.2283159        1.0000000        1.4154870 
       1.0000000        1.0000000        1.0000000        1.0000000       0.11200000        8.1736520        8.1208416       0.15642192       0.17095582      0.093007662       0.10022129      0.046755294      0.047551130       0.73283746       0.77395835       0.71068691       0.74456038       0.69888800       0.71489844        1.0000000        2.0852467        1.0000000        2.2538672        1.0000000        2.4249789        1.0000000        1.0339534        1.0000000        1.2285494        1.0000000        1.4149286 
       1.0000000        1.0000000        1.0000000        1.0000000       0.11300000        8.1554939        8.1031299       0.15633490       0.17054481      0.092880743       0.10004152      0.046595442      0.047463993       0.73230289       0.77261085       0.70990699       0.74396887       0.69763566       0.71434977        1.0000000        2.0813264        1.0000000        2.2514247        1.0000000        2.4222457        1.0000000        1.0300331        1.0000000        1.2261069        1.0000000        1.4121954 
       1.0000000        1.0000000        1.0000000        1.0000000       0.11400000        8.1397502        8.0877850       0.15637785       0.17045242      0.092919503      0.099973529      0.046691046      0.047405656       0.73281560       0.77232003       0.71011579       0.74364578       0.69817862       0.71419298        1.0000000        2.0805531        1.0000000        2.2500226        1.0000000        2.4209260        1.0000000        1.0292598        1.0000000        1.2247048        1.0000000        1.4108757 
       1.0000000        1.0000000        1.0000000        1.0000000       0.11500000        8.1460271        8.0944540       0.15641481       0.16978365      0.092990999      0.099545005      0.046732900      0.047279097       0.73296899       0.77061160       0.71035957       0.74170579       0.69824861       0.71322870        1.0000000        2.0755756        1.0000000        2.2427083        1.0000000        2.4153296        1.0000000        1.0242823        1.0000000        1.2173905        1.0000000        1.4052792 
       1.0000000        1.0000000        1.0000000        1.0000000       0.11600000        8.1381137        8.0869263       0.15626286       0.16999864      0.092808287      0.099778194      0.046585320      0.047428348       0.73264273       0.77102295       0.70988021       0.74199646       0.69772664       0.71350169        1.0000000        2.0767884        1.0000000        2.2441151        1.0000000        2.4185800        1.0000000        1.0254951        1.0000000        1.2187973        1.0000000        1.4085297 
       1.0000000        1.0000000        1.0000000        1.0000000       0.11700000        8.1271030        8.0762951       0.15557904       0.16985460      0.092155992      0.099689785      0.046177772      0.047374336       0.73119412       0.77054133       0.70722857       0.74151817       0.69528578       0.71308997        1.0000000        2.0753991        1.0000000        2.2422971        1.0000000        2.4168043        1.0000000        1.0241058        1.0000000        1.2169792        1.0000000        1.4067540 
       1.0000000        1.0000000        1.0000000        1.0000000       0.11800000        8.1189976        8.0685631       0.15561912       0.17015827      0.092208022      0.099865026      0.046228789      0.047447360       0.73116529       0.77135143       0.70751631       0.74177359       0.69566075       0.71323721        1.0000000        2.0779181        1.0000000        2.2435834        1.0000000        2.4180621        1.0000000        1.0266248        1.0000000        1.2182656        1.0000000        1.4080118 
       1.0000000        1.0000000        1.0000000        1.0000000       0.11900000        8.0970143        8.0469472       0.15571926       0.17047916      0.092306846       0.10020722      0.046328623      0.047799156       0.73093673       0.77241005       0.70747280       0.74304066       0.69624506       0.71502256        1.0000000        2.0807612        1.0000000        2.2472256        1.0000000        2.4263535        1.0000000        1.0294679        1.0000000        1.2219078        1.0000000        1.4163031 
       1.0000000        1.0000000        1.0000000        1.0000000       0.12000000        8.0786502        8.0289447       0.15590838       0.17024734      0.092573818       0.10014502      0.046602052      0.047839981       0.73108415       0.77246438       0.70836435       0.74269970       0.69786721       0.71467863        1.0000000        2.0805366        1.0000000        2.2461882        1.0000000        2.4246547        1.0000000        1.0292433        1.0000000        1.2208704        1.0000000        1.4146043 
       1.0000000        1.0000000        1.0000000        1.0000000       0.12100000        8.0557741        8.0064246       0.15597351       0.17036204      0.092615229       0.10021977      0.046597620      0.047825531       0.73092219       0.77235794       0.70859817       0.74269947       0.69781450       0.71459960        1.0000000        2.0803282        1.0000000        2.2464732        1.0000000        2.4245415        1.0000000        1.0290349        1.0000000        1.2211554        1.0000000        1.4144911 
       1.0000000        1.0000000        1.0000000        1.0000000       0.12200000        8.0384922        7.9894932       0.15600465       0.17027071      0.092588740       0.10010204      0.046532838      0.047778818       0.73070510       0.77249929       0.70870794       0.74287962       0.69787157       0.71451177        1.0000000        2.0805556        1.0000000        2.2471672        1.0000000        2.4236508        1.0000000        1.0292623        1.0000000        1.2218494        1.0000000        1.4136004 
       1.0000000        1.0000000        1.0000000        1.0000000       0.12300000        8.0180080        7.9693539       0.15593702       0.17012496      0.092569071       0.10006732      0.046579879      0.047799537       0.73051040       0.77196993       0.70859524       0.74310704       0.69820808       0.71513138        1.0000000        2.0788423        1.0000000        2.2473873        1.0000000        2.4251463        1.0000000        1.0275490        1.0000000        1.2220695        1.0000000        1.4150960 
       1.0000000        1.0000000        1.0000000        1.0000000       0.12400000        8.0089404        7.9606598       0.15594410       0.17017456      0.092570839       0.10018964      0.046586138      0.047880323       0.73032435       0.77202558       0.70846344       0.74324323       0.69803450       0.71555402        1.0000000        2.0790027        1.0000000        2.2479898        1.0000000        2.4267726        1.0000000        1.0277094        1.0000000        1.2226719        1.0000000        1.4167223 
       1.0000000        1.0000000        1.0000000        1.0000000       0.12500000        8.0008666        7.9529201       0.15573433       0.17017497      0.092362750       0.10031827      0.046482702      0.047930861       0.73016250       0.77194854       0.70787220       0.74367058       0.69757522       0.71599032        1.0000000        2.0785955        1.0000000        2.2492362        1.0000000        2.4290756        1.0000000        1.0273022        1.0000000        1.2239184        1.0000000        1.4190252 
       1.0000000        1.0000000        1.0000000        1.0000000       0.12600000        7.9889824        7.9413650       0.15583237       0.16992909      0.092490655       0.10018729      0.046566928      0.047860618       0.73024669       0.77108537       0.70813539       0.74254202       0.69781479       0.71534276        1.0000000        2.0761304        1.0000000        2.2452594        1.0000000        2.4255970        1.0000000        1.0248371        1.0000000        1.2199416        1.0000000        1.4155467 
       1.0000000        1.0000000        1.0000000        1.0000000       0.12700000        7.9817130        7.9344198       0.15537458       0.17010738      0.092108185       0.10012999      0.046424214      0.047749870       0.72950132       0.77133898       0.70709693       0.74255890       0.69701929       0.71511059        1.0000000        2.0769927        1.0000000        2.2454133        1.0000000        2.4233654        1.0000000        1.0256994        1.0000000        1.2200955        1.0000000        1.4133151 
       1.0000000        1.0000000        1.0000000        1.0000000       0.12800000        7.9712371        7.9242633       0.15510190       0.17014306      0.091852862       0.10010102      0.046306597      0.047692886       0.72868190       0.77148945       0.70644714       0.74238209       0.69665857       0.71495459        1.0000000        2.0774911        1.0000000        2.2447238        1.0000000        2.4222085        1.0000000        1.0261978        1.0000000        1.2194060        1.0000000        1.4121582 
       1.0000000        1.0000000        1.0000000        1.0000000       0.12900000        7.9603724        7.9137134       0.15507701       0.17002260      0.091819861       0.10004185      0.046260466      0.047626258       0.72850405       0.77119073       0.70622656       0.74215693       0.69618259       0.71501334        1.0000000        2.0765651        1.0000000        2.2432776        1.0000000        2.4213967        1.0000000        1.0252718        1.0000000        1.2179597        1.0000000        1.4113464 
       1.0000000        1.0000000        1.0000000        1.0000000       0.13000000        7.9543589        7.9080101       0.15511671       0.17023710      0.091854743       0.10024745      0.046146783      0.047767388       0.72808665       0.77155370       0.70570792       0.74261619       0.69518017       0.71529571        1.0000000        2.0776442        1.0000000        2.2452801        1.0000000        2.4242377        1.0000000        1.0263509        1.0000000        1.2199623        1.0000000        1.4141874 
       1.0000000        1.0000000        1.0000000        1.0000000       0.13100000        7.9342531        7.8882100       0.15516293       0.17039976      0.091939285       0.10041597      0.046253765      0.047932335       0.72816016       0.77176066       0.70602942       0.74290108       0.69584499       0.71590677        1.0000000        2.0783055        1.0000000        2.2464391        1.0000000        2.4267831        1.0000000        1.0270122        1.0000000        1.2211213        1.0000000        1.4167327 
       1.0000000        1.0000000        1.0000000        1.0000000       0.13200000        7.9194501        7.8737082       0.15533384       0.17027966      0.092114497       0.10032435      0.046368250      0.047891200       0.72854659       0.77158240       0.70659634       0.74275862       0.69624544       0.71575182        1.0000000        2.0777274        1.0000000        2.2457053        1.0000000        2.4259570        1.0000000        1.0264341        1.0000000        1.2203875        1.0000000        1.4159067 
       1.0000000        1.0000000        1.0000000        1.0000000       0.13300000        7.9165089        7.8710641       0.15559867       0.17035720      0.092240477       0.10032648      0.046399260      0.047851033       0.72876663       0.77152191       0.70690088       0.74229651       0.69623558       0.71496653        1.0000000        2.0778375        1.0000000        2.2446886        1.0000000        2.4232554        1.0000000        1.0265442        1.0000000        1.2193707        1.0000000        1.4132050 
       1.0000000        1.0000000        1.0000000        1.0000000       0.13400000        7.8988644        7.8537125       0.15559743       0.16993525      0.092216321       0.10004398      0.046316799      0.047756370       0.72860889       0.77046230       0.70668934       0.74176645       0.69597251       0.71469043        1.0000000        2.0745215        1.0000000        2.2424023        1.0000000        2.4208884        1.0000000        1.0232282        1.0000000        1.2170845        1.0000000        1.4108380 
       1.0000000        1.0000000        1.0000000        1.0000000       0.13500000        7.8864685        7.8416340       0.15553312       0.16975918      0.092085219      0.099957207      0.046232135      0.047776738       0.72855316       0.77010371       0.70629858       0.74129773       0.69579335       0.71454020        1.0000000        2.0734427        1.0000000        2.2403911        1.0000000        2.4203820        1.0000000        1.0221494        1.0000000        1.2150733        1.0000000        1.4103317 
       1.0000000        1.0000000        1.0000000        1.0000000       0.13600000        7.8662082        7.8216581       0.15563238       0.16970679      0.092199541      0.099928720      0.046323027      0.047847402       0.72854719       0.77002592       0.70656342       0.74108935       0.69628889       0.71443747        1.0000000        2.0733237        1.0000000        2.2397508        1.0000000        2.4206105        1.0000000        1.0220304        1.0000000        1.2144330        1.0000000        1.4105602 
       1.0000000        1.0000000        1.0000000        1.0000000       0.13700000        7.8428929        7.7986233       0.15567499       0.16967274      0.092322052      0.099896618      0.046439624      0.047792730       0.72870149       0.77002615       0.70711460       0.74105021       0.69687216       0.71436015        1.0000000        2.0733043        1.0000000        2.2393672        1.0000000        2.4195666        1.0000000        1.0220110        1.0000000        1.2140494        1.0000000        1.4095163 
       1.0000000        1.0000000        1.0000000        1.0000000       0.13800000        7.8273969        7.7834039       0.15573836       0.16975553      0.092373552       0.10003415      0.046482510      0.047917080       0.72848215       0.77004728       0.70759995       0.74121775       0.69768364       0.71480781        1.0000000        2.0734096        1.0000000        2.2399262        1.0000000        2.4219001        1.0000000        1.0221163        1.0000000        1.2146084        1.0000000        1.4118498 
       1.0000000        1.0000000        1.0000000        1.0000000       0.13900000        7.8165083        7.7727882       0.15583162       0.16970220      0.092464366      0.099978649      0.046492636      0.047906646       0.72843793       0.77022917       0.70768930       0.74146483       0.69753177       0.71500394        1.0000000        2.0738740        1.0000000        2.2404799        1.0000000        2.4223658        1.0000000        1.0225807        1.0000000        1.2151621        1.0000000        1.4123154 
       1.0000000        1.0000000        1.0000000        1.0000000       0.14000000        7.7929418        7.7494910       0.15590000       0.16963467      0.092529727      0.099884905      0.046496397      0.047878566       0.72843488       0.77017220       0.70782879       0.74148394       0.69765637       0.71517481        1.0000000        2.0736241        1.0000000        2.2403791        1.0000000        2.4229194        1.0000000        1.0223308        1.0000000        1.2150613        1.0000000        1.4128691 
       1.0000000        1.0000000        1.0000000        1.0000000       0.14100000        7.7845621        7.7413769       0.15568290       0.16972127      0.092319098      0.099967313      0.046390789      0.047920826       0.72799519       0.77033050       0.70703982       0.74159629       0.69692930       0.71552459        1.0000000        2.0740616        1.0000000        2.2410138        1.0000000        2.4249246        1.0000000        1.0227683        1.0000000        1.2156960        1.0000000        1.4148742 
       1.0000000        1.0000000        1.0000000        1.0000000       0.14200000        7.7785302        7.7356071       0.15569151       0.16970580      0.092331685       0.10003329      0.046432035      0.048044055       0.72770541       0.77034801       0.70685236       0.74203173       0.69710766       0.71653183        1.0000000        2.0739856        1.0000000        2.2422585        1.0000000        2.4289039        1.0000000        1.0226923        1.0000000        1.2169407        1.0000000        1.4188536 
       1.0000000        1.0000000        1.0000000        1.0000000       0.14300000        7.7620565        7.7193922       0.15552497       0.16952663      0.092182858      0.099895521      0.046332369      0.047917217       0.72738332       0.76998072       0.70664191       0.74180493       0.69691825       0.71627621        1.0000000        2.0728324        1.0000000        2.2410625        1.0000000        2.4268252        1.0000000        1.0215391        1.0000000        1.2157447        1.0000000        1.4167749 
       1.0000000        1.0000000        1.0000000        1.0000000       0.14400000        7.7493322        7.7069232       0.15537342       0.16941966      0.092097255      0.099789549      0.046303881      0.047851996       0.72731187       0.76981228       0.70633506       0.74167423       0.69683295       0.71609243        1.0000000        2.0722555        1.0000000        2.2404907        1.0000000        2.4255483        1.0000000        1.0209623        1.0000000        1.2151729        1.0000000        1.4154979 
       1.0000000        1.0000000        1.0000000        1.0000000       0.14500000        7.7324149        7.6902579       0.15527251       0.16927833      0.092051704      0.099681419      0.046273556      0.047800539       0.72711977       0.76958661       0.70605948       0.74152594       0.69671283       0.71596926        1.0000000        2.0714953        1.0000000        2.2397204        1.0000000        2.4248678        1.0000000        1.0202020        1.0000000        1.2144026        1.0000000        1.4148175 
       1.0000000        1.0000000        1.0000000        1.0000000       0.14600000        7.7275054        7.6855971       0.15535765       0.16944833      0.092148766      0.099913639      0.046337044      0.047967901       0.72721014       0.76969616       0.70651936       0.74178233       0.69716487       0.71652737        1.0000000        2.0719294        1.0000000        2.2407504        1.0000000        2.4285650        1.0000000        1.0206361        1.0000000        1.2154326        1.0000000        1.4185147 
       1.0000000        1.0000000        1.0000000        1.0000000       0.14700000        7.7132942        7.6716559       0.15518428       0.16941531      0.091985288      0.099816340      0.046198392      0.047912637       0.72684334       0.76985996       0.70593060       0.74143055       0.69669132       0.71600118        1.0000000        2.0724450        1.0000000        2.2397227        1.0000000        2.4252360        1.0000000        1.0211517        1.0000000        1.2144049        1.0000000        1.4151856 
       1.0000000        1.0000000        1.0000000        1.0000000       0.14800000        7.7010169        7.6596208       0.15504350       0.16924694      0.091846196      0.099590549      0.046118096      0.047767359       0.72676818       0.76975009       0.70577319       0.74106035       0.69647934       0.71560652        1.0000000        2.0720216        1.0000000        2.2380760        1.0000000        2.4222650        1.0000000        1.0207283        1.0000000        1.2127582        1.0000000        1.4122146 
       1.0000000        1.0000000        1.0000000        1.0000000       0.14900000        7.6869516        7.6457946       0.15502095       0.16896669      0.091865047      0.099395360      0.046119504      0.047692483       0.72647579       0.76912421       0.70569226       0.74090704       0.69625662       0.71540015        1.0000000        2.0700540        1.0000000        2.2370161        1.0000000        2.4203147        1.0000000        1.0187607        1.0000000        1.2116983        1.0000000        1.4102643 
       1.0000000        1.0000000        1.0000000        1.0000000       0.15000000        7.6708079        7.6298870       0.15486388       0.16883018      0.091810140      0.099271832      0.046014850      0.047665211       0.72614500       0.76909149       0.70546026       0.74086408       0.69600001       0.71560027        1.0000000        2.0697741        1.0000000        2.2365259        1.0000000        2.4201259        1.0000000        1.0184808        1.0000000        1.2112081        1.0000000        1.4100756 
       1.0000000        1.0000000        1.0000000        1.0000000       0.15100000        7.6631838        7.6224960       0.15484703       0.16877276      0.091828859      0.099221808      0.046048929      0.047620295       0.72603555       0.76906079       0.70550420       0.74080169       0.69616366       0.71534262        1.0000000        2.0697086        1.0000000        2.2363237        1.0000000        2.4187779        1.0000000        1.0184153        1.0000000        1.2110059        1.0000000        1.4087275 
       1.0000000        1.0000000        1.0000000        1.0000000       0.15200000        7.6488643        7.6084068       0.15489087       0.16862877      0.091904657      0.099163822      0.046125881      0.047587483       0.72628455       0.76873429       0.70586841       0.74076739       0.69651112       0.71551579        1.0000000        2.0685722        1.0000000        2.2356915        1.0000000        2.4187614        1.0000000        1.0172789        1.0000000        1.2103737        1.0000000        1.4087111 
       1.0000000        1.0000000        1.0000000        1.0000000       0.15300000        7.6428511        7.6026211       0.15495222       0.16867445      0.091938843      0.099111672      0.046157768      0.047523636       0.72649000       0.76883109       0.70590542       0.74055326       0.69672253       0.71520747        1.0000000        2.0689767        1.0000000        2.2351586        1.0000000        2.4174258        1.0000000        1.0176834        1.0000000        1.2098408        1.0000000        1.4073754 
       1.0000000        1.0000000        1.0000000        1.0000000       0.15400000        7.6377533        7.5977480       0.15467491       0.16850657      0.091757247      0.098922221      0.046052650      0.047317958       0.72589133       0.76849785       0.70521555       0.74021844       0.69622685       0.71488749        1.0000000        2.0678901        1.0000000        2.2334823        1.0000000        2.4143501        1.0000000        1.0165968        1.0000000        1.2081645        1.0000000        1.4042998 
       1.0000000        1.0000000        1.0000000        1.0000000       0.15500000        7.6307539        7.5909706       0.15472799       0.16898508      0.091811886      0.099333340      0.046106885      0.047672514       0.72591775       0.76913834       0.70529046       0.74052679       0.69634968       0.71514161        1.0000000        2.0700382        1.0000000        2.2357246        1.0000000        2.4184860        1.0000000        1.0187449        1.0000000        1.2104068        1.0000000        1.4084357 
       1.0000000        1.0000000        1.0000000        1.0000000       0.15600000        7.6195654        7.5800015       0.15460945       0.16898690      0.091738243      0.099262096      0.046070684      0.047652714       0.72544088       0.76944863       0.70501047       0.74071092       0.69614986       0.71496484        1.0000000        2.0708297        1.0000000        2.2364707        1.0000000        2.4174403        1.0000000        1.0195364        1.0000000        1.2111529        1.0000000        1.4073899 
       1.0000000        1.0000000        1.0000000        1.0000000       0.15700000        7.6040537        7.5647065       0.15476046       0.16900428      0.091920441      0.099251421      0.046184824      0.047645316       0.72548573       0.76966130       0.70543949       0.74079467       0.69667523       0.71493613        1.0000000        2.0714456        1.0000000        2.2366405        1.0000000        2.4171262        1.0000000        1.0201523        1.0000000        1.2113227        1.0000000        1.4070759 
       1.0000000        1.0000000        1.0000000        1.0000000       0.15800000        7.5855126        7.5464007       0.15489133       0.16904429      0.092067901      0.099355261      0.046249663      0.047715489       0.72554506       0.76970279       0.70579074       0.74101245       0.69689752       0.71507357        1.0000000        2.0715196        1.0000000        2.2374308        1.0000000        2.4184055        1.0000000        1.0202263        1.0000000        1.2121130        1.0000000        1.4083551 
       1.0000000        1.0000000        1.0000000        1.0000000       0.15900000        7.5787010        7.5398005       0.15494587       0.16878465      0.092176235      0.099245855      0.046343011      0.047760219       0.72547397       0.76924787       0.70585718       0.74072534       0.69703498       0.71505929        1.0000000        2.0700558        1.0000000        2.2358961        1.0000000        2.4171726        1.0000000        1.0187625        1.0000000        1.2105783        1.0000000        1.4071222 
       1.0000000        1.0000000        1.0000000        1.0000000       0.16000000        7.5624752        7.5237836       0.15506603       0.16872742      0.092302871      0.099174262      0.046411231      0.047585989       0.72575523       0.76880015       0.70613794       0.74032163       0.69715834       0.71432886        1.0000000        2.0688832        1.0000000        2.2346011        1.0000000        2.4132824        1.0000000        1.0175899        1.0000000        1.2092833        1.0000000        1.4032320 
