
       1.0000000        1.0000000        1.0000000        1.0000000      0.035000000        10.218837        10.050769       0.14919062       0.15256292      0.084420388      0.087247858      0.041753441      0.042724105       0.75874739       0.76244383       0.70741039       0.71308257       0.68618283       0.69399747        1.0000000        2.0406781        1.0000000        2.1093862        1.0000000        2.2753108        1.0000000       0.98938485        1.0000000        1.0840684        1.0000000        1.2652604 
       1.0000000        1.0000000        1.0000000        1.0000000      0.036000000        10.131994        9.9685580       0.14881469       0.15203584      0.084290510      0.086964417      0.041622231      0.042427529       0.75612665       0.75910187       0.70560019       0.71086826       0.68561810       0.69234927        1.0000000        2.0314755        1.0000000        2.1031132        1.0000000        2.2678663        1.0000000       0.98018220        1.0000000        1.0777954        1.0000000        1.2578159 
       1.0000000        1.0000000        1.0000000        1.0000000      0.037000000        10.073463        9.9143832       0.14828325       0.15141179      0.084317577      0.086819198      0.041746393      0.042341879       0.75359303       0.75660143       0.70473420       0.70981619       0.68589524       0.69214778        1.0000000        2.0234056        1.0000000        2.0992909        1.0000000        2.2671676        1.0000000       0.97211228        1.0000000        1.0739731        1.0000000        1.2571173 
       1.0000000        1.0000000        1.0000000        1.0000000      0.038000000        10.007871        9.8528966       0.14752972       0.14987635      0.084075955      0.085270069      0.041597158      0.040633529       0.75108434       0.75307726       0.70337285       0.70630289       0.68506469       0.68560795        1.0000000        2.0128375        1.0000000        2.0868254        1.0000000        2.2349667        1.0000000       0.96154423        1.0000000        1.0615076        1.0000000        1.2249164 
       1.0000000        1.0000000        1.0000000        1.0000000      0.039000000        9.9306575        9.7795580       0.14640489       0.14842956      0.083879154      0.084395452      0.042040437      0.040463387       0.74786021       0.75026200       0.70166697       0.70441286       0.68464303       0.68363726        1.0000000        2.0043981        1.0000000        2.0782923        1.0000000        2.2246873        1.0000000       0.95310485        1.0000000        1.0529745        1.0000000        1.2146370 
       1.0000000        1.0000000        1.0000000        1.0000000      0.040000000        9.8319282        9.6844940       0.14569789       0.14844302      0.083409376      0.084654630      0.041712346      0.040785423       0.74539299       0.74870811       0.69963863       0.70371287       0.68239793       0.68423428        1.0000000        1.9996815        1.0000000        2.0766413        1.0000000        2.2292705        1.0000000       0.94838825        1.0000000        1.0513235        1.0000000        1.2192201 
       1.0000000        1.0000000        1.0000000        1.0000000      0.041000000        9.7511936        9.6072320       0.14508358       0.14830944      0.083272911      0.084930861      0.041679254      0.041166574       0.74290511       0.74656136       0.69833978       0.70319670       0.68161365       0.68581123        1.0000000        1.9933930        1.0000000        2.0748772        1.0000000        2.2372924        1.0000000       0.94209973        1.0000000        1.0495594        1.0000000        1.2272420 
       1.0000000        1.0000000        1.0000000        1.0000000      0.042000000        9.7463272        9.6056607       0.14421459       0.14704195      0.082937526      0.084221663      0.041570738      0.040536625       0.74053398       0.74348899       0.69714485       0.70086045       0.68135059       0.68459306        1.0000000        1.9833785        1.0000000        2.0649197        1.0000000        2.2264317        1.0000000       0.93208518        1.0000000        1.0396019        1.0000000        1.2163813 
       1.0000000        1.0000000        1.0000000        1.0000000      0.043000000        9.7296566        9.5921216       0.14348875       0.14698115      0.082677977      0.084469243      0.041594812      0.040584557       0.73782816       0.74160018       0.69531258       0.70055377       0.68082468       0.68515880        1.0000000        1.9775975        1.0000000        2.0641486        1.0000000        2.2299226        1.0000000       0.92630422        1.0000000        1.0388308        1.0000000        1.2198722 
       1.0000000        1.0000000        1.0000000        1.0000000      0.044000000        9.6679107        9.5333560       0.14288068       0.14678772      0.082298753      0.084448213      0.041369503      0.040437150       0.73489480       0.73930460       0.69286394       0.69980281       0.67918289       0.68442361        1.0000000        1.9708645        1.0000000        2.0619868        1.0000000        2.2263249        1.0000000       0.91957122        1.0000000        1.0366690        1.0000000        1.2162745 
       1.0000000        1.0000000        1.0000000        1.0000000      0.045000000        9.5953258        9.4638878       0.14268567       0.14687741      0.082448270      0.084513499      0.041591187      0.040414029       0.73260321       0.73859877       0.69204978       0.70018577       0.67911188       0.68402371        1.0000000        1.9688516        1.0000000        2.0638872        1.0000000        2.2254148        1.0000000       0.91755835        1.0000000        1.0385694        1.0000000        1.2153645 
       1.0000000        1.0000000        1.0000000        1.0000000      0.046000000        9.5693517        9.4406111       0.14222717       0.14665023      0.082422252      0.084514904      0.041944693      0.040374102       0.73055551       0.73706610       0.69042235       0.69973484       0.67861753       0.68400142        1.0000000        1.9639103        1.0000000        2.0620231        1.0000000        2.2250925        1.0000000       0.91261705        1.0000000        1.0367053        1.0000000        1.2150421 
       1.0000000        1.0000000        1.0000000        1.0000000      0.047000000        9.5248433        9.3986799       0.14153843       0.14614618      0.081983276      0.084228885      0.041595431      0.040397155       0.72730441       0.73495245       0.68828623       0.69851330       0.67592613       0.68358451        1.0000000        1.9580369        1.0000000        2.0574337        1.0000000        2.2199454        1.0000000       0.90674358        1.0000000        1.0321159        1.0000000        1.2098950 
       1.0000000        1.0000000        1.0000000        1.0000000      0.048000000        9.4556301        9.3319318       0.14120756       0.14639338      0.081844729      0.084557602      0.041582962      0.040527209       0.72507572       0.73463852       0.68695154       0.69910877       0.67503964       0.68408305        1.0000000        1.9572057        1.0000000        2.0600857        1.0000000        2.2230959        1.0000000       0.90591244        1.0000000        1.0347679        1.0000000        1.2130456 
       1.0000000        1.0000000        1.0000000        1.0000000      0.049000000        9.3724103        9.2510726       0.14082928       0.14604124      0.081579069      0.084300555      0.041283074      0.040478335       0.72340450       0.73297303       0.68504204       0.69785390       0.67258983       0.68349938        1.0000000        1.9529067        1.0000000        2.0560639        1.0000000        2.2215773        1.0000000       0.90161341        1.0000000        1.0307461        1.0000000        1.2115270 
       1.0000000        1.0000000        1.0000000        1.0000000      0.050000000        9.3342067        9.2151317       0.14063972       0.14611735      0.081474315      0.084625024      0.041161646      0.040662329       0.72203496       0.73219027       0.68421962       0.69802523       0.67193906       0.68499052        1.0000000        1.9506260        1.0000000        2.0564195        1.0000000        2.2282214        1.0000000       0.89933272        1.0000000        1.0311017        1.0000000        1.2181711 
       1.0000000        1.0000000        1.0000000        1.0000000      0.051000000        9.2708210        9.1539169       0.14018277       0.14619615      0.081026187      0.084849594      0.040858842      0.041000152       0.72059879       0.73171047       0.68307864       0.69820517       0.67152519       0.68616354        1.0000000        1.9492168        1.0000000        2.0575232        1.0000000        2.2350721        1.0000000       0.89792353        1.0000000        1.0322054        1.0000000        1.2250218 
       1.0000000        1.0000000        1.0000000        1.0000000      0.052000000        9.2291335        9.1143144       0.14002606       0.14598553      0.081026888      0.084866813      0.040832814      0.040928244       0.71951413       0.73016426       0.68284550       0.69780502       0.67178924       0.68643230        1.0000000        1.9446953        1.0000000        2.0565874        1.0000000        2.2355333        1.0000000       0.89340202        1.0000000        1.0312696        1.0000000        1.2254830 
       1.0000000        1.0000000        1.0000000        1.0000000      0.053000000        9.1843430        9.0715281       0.13971147       0.14542681      0.081036831      0.084648599      0.040945537      0.040945271       0.71815045       0.72850517       0.68207284       0.69722826       0.67221125       0.68640901        1.0000000        1.9392664        1.0000000        2.0537271        1.0000000        2.2360338        1.0000000       0.88797313        1.0000000        1.0284093        1.0000000        1.2259834 
       1.0000000        1.0000000        1.0000000        1.0000000      0.054000000        9.1606241        9.0497373       0.13954748       0.14554310      0.081137023      0.084753650      0.041067578      0.040828701       0.71641527       0.72705630       0.68150654       0.69654931       0.67228184       0.68622476        1.0000000        1.9358122        1.0000000        2.0529820        1.0000000        2.2358865        1.0000000       0.88451892        1.0000000        1.0276642        1.0000000        1.2258361 
       1.0000000        1.0000000        1.0000000        1.0000000      0.055000000        9.1009955        8.9919653       0.13930152       0.14552424      0.081035090      0.084959847      0.041012033      0.040895515       0.71510306       0.72590724       0.68023964       0.69658710       0.67143577       0.68693388        1.0000000        1.9325234        1.0000000        2.0531081        1.0000000        2.2395737        1.0000000       0.88123012        1.0000000        1.0277903        1.0000000        1.2295234 
       1.0000000        1.0000000        1.0000000        1.0000000      0.056000000        9.0528193        8.9457533       0.13880012       0.14348845      0.080913514      0.083558440      0.041138293      0.040507946       0.71360349       0.72357856       0.67938995       0.69478973       0.67173428       0.68607178        1.0000000        1.9244758        1.0000000        2.0444510        1.0000000        2.2318173        1.0000000       0.87318248        1.0000000        1.0191332        1.0000000        1.2217670 
       1.0000000        1.0000000        1.0000000        1.0000000      0.057000000        9.0145256        8.9091786       0.13873162       0.14339702      0.080933696      0.083603669      0.041162635      0.040491451       0.71234722       0.72250246       0.67874166       0.69471830       0.67161602       0.68680112        1.0000000        1.9212102        1.0000000        2.0439513        1.0000000        2.2340997        1.0000000       0.86991693        1.0000000        1.0186335        1.0000000        1.2240493 
       1.0000000        1.0000000        1.0000000        1.0000000      0.058000000        8.9713533        8.8676652       0.13856656       0.14291851      0.080915087      0.083220136      0.041172925      0.040259634       0.71116307       0.72178065       0.67850741       0.69470942       0.67167088       0.68530221        1.0000000        1.9187136        1.0000000        2.0431361        1.0000000        2.2258323        1.0000000       0.86742032        1.0000000        1.0178182        1.0000000        1.2157820 
       1.0000000        1.0000000        1.0000000        1.0000000      0.059000000        8.9192091        8.8171232       0.13839496       0.14267992      0.080913504      0.083150436      0.041191707      0.040446269       0.71010412       0.72030162       0.67788525       0.69436334       0.67097036       0.68548303        1.0000000        1.9148471        1.0000000        2.0421223        1.0000000        2.2268767        1.0000000       0.86355385        1.0000000        1.0168044        1.0000000        1.2168263 
       1.0000000        1.0000000        1.0000000        1.0000000      0.060000000        8.8670262        8.7664887       0.13836349       0.14240867      0.080995010      0.082989568      0.041297479      0.040432364       0.70895935       0.71976360       0.67747070       0.69396659       0.67078811       0.68491061        1.0000000        1.9131020        1.0000000        2.0405194        1.0000000        2.2245982        1.0000000       0.86180872        1.0000000        1.0152016        1.0000000        1.2145479 
       1.0000000        1.0000000        1.0000000        1.0000000      0.061000000        8.8268935        8.7278532       0.13806820       0.14243460      0.080870840      0.083150063      0.041275611      0.040528480       0.70777359       0.71927855       0.67685319       0.69422117       0.67121060       0.68543655        1.0000000        1.9114397        1.0000000        2.0415534        1.0000000        2.2268505        1.0000000       0.86014643        1.0000000        1.0162356        1.0000000        1.2168001 
       1.0000000        1.0000000        1.0000000        1.0000000      0.062000000        8.8295976        8.7320062       0.13750122       0.14216715      0.080715247      0.083009419      0.041245002      0.040393015       0.70601987       0.71751298       0.67595753       0.69401021       0.67102100       0.68522275        1.0000000        1.9064679        1.0000000        2.0402956        1.0000000        2.2239934        1.0000000       0.85517461        1.0000000        1.0149778        1.0000000        1.2139430 
       1.0000000        1.0000000        1.0000000        1.0000000      0.063000000        8.7897352        8.6935465       0.13729366       0.14223909      0.080733747      0.083071138      0.041306884      0.040257555       0.70409115       0.71670382       0.67522462       0.69426407       0.67125680       0.68511224        1.0000000        1.9041197        1.0000000        2.0411697        1.0000000        2.2227044        1.0000000       0.85282640        1.0000000        1.0158519        1.0000000        1.2126540 
       1.0000000        1.0000000        1.0000000        1.0000000      0.064000000        8.7432358        8.6484060       0.13689534       0.14207689      0.080488268      0.082975988      0.041220997      0.040187351       0.70254102       0.71612433       0.67377156       0.69375627       0.67073118       0.68505777        1.0000000        1.9023367        1.0000000        2.0394809        1.0000000        2.2219091        1.0000000       0.85104344        1.0000000        1.0141630        1.0000000        1.2118588 
       1.0000000        1.0000000        1.0000000        1.0000000      0.065000000        8.7011484        8.6076358       0.13656970       0.14233058      0.080352886      0.083126694      0.041316890      0.040255916       0.70118648       0.71600925       0.67255029       0.69458412       0.67043277       0.68496165        1.0000000        1.9023314        1.0000000        2.0427951        1.0000000        2.2224626        1.0000000       0.85103806        1.0000000        1.0174773        1.0000000        1.2124123 
       1.0000000        1.0000000        1.0000000        1.0000000      0.066000000        8.6600788        8.5678436       0.13651328       0.14204057      0.080372113      0.082977921      0.041346836      0.040204995       0.70003942       0.71519429       0.67215403       0.69418833       0.67065605       0.68449023        1.0000000        1.8998156        1.0000000        2.0412333        1.0000000        2.2208202        1.0000000       0.84852235        1.0000000        1.0159155        1.0000000        1.2107698 
       1.0000000        1.0000000        1.0000000        1.0000000      0.067000000        8.6105998        8.5197260       0.13652788       0.14215377      0.080463128      0.083170684      0.041388475      0.040407148       0.69944698       0.71472579       0.67222847       0.69448414       0.67079338       0.68498109        1.0000000        1.8987346        1.0000000        2.0426181        1.0000000        2.2250182        1.0000000       0.84744128        1.0000000        1.0173003        1.0000000        1.2149678 
       1.0000000        1.0000000        1.0000000        1.0000000      0.068000000        8.5708678        8.4811937       0.13636353       0.14247332      0.080411342      0.083397859      0.041347274      0.040372337       0.69820332       0.71481693       0.67159777       0.69476089       0.66988324       0.68548843        1.0000000        1.8991054        1.0000000        2.0438950        1.0000000        2.2263763        1.0000000       0.84781209        1.0000000        1.0185772        1.0000000        1.2163259 
       1.0000000        1.0000000        1.0000000        1.0000000      0.069000000        8.5467448        8.4582360       0.13629894       0.14255735      0.080432543      0.083561416      0.041402242      0.040623804       0.69776819       0.71457191       0.67176106       0.69496287       0.67021617       0.68619169        1.0000000        1.8985950        1.0000000        2.0447540        1.0000000        2.2303695        1.0000000       0.84730169        1.0000000        1.0194361        1.0000000        1.2203192 
       1.0000000        1.0000000        1.0000000        1.0000000      0.070000000        8.5183938        8.4310174       0.13631670       0.14254571      0.080588852      0.083568234      0.041595046      0.040592542       0.69716171       0.71433258       0.67182987       0.69470285       0.67134293       0.68605409        1.0000000        1.8978083        1.0000000        2.0441941        1.0000000        2.2294513        1.0000000       0.84651500        1.0000000        1.0188762        1.0000000        1.2194009 
       1.0000000        1.0000000        1.0000000        1.0000000      0.071000000        8.4987199        8.4124444       0.13622351       0.14236602      0.080618616      0.083471545      0.041655462      0.040480322       0.69645473       0.71341238       0.67184120       0.69467091       0.67141883       0.68628112        1.0000000        1.8950540        1.0000000        2.0433156        1.0000000        2.2294676        1.0000000       0.84376067        1.0000000        1.0179978        1.0000000        1.2194172 
       1.0000000        1.0000000        1.0000000        1.0000000      0.072000000        8.4787913        8.3935864       0.13608661       0.14231942      0.080703917      0.083660286      0.041872299      0.040679983       0.69569068       0.71307906       0.67196363       0.69489166       0.67252868       0.68718791        1.0000000        1.8939651        1.0000000        2.0443975        1.0000000        2.2343178        1.0000000       0.84267185        1.0000000        1.0190797        1.0000000        1.2242675 
       1.0000000        1.0000000        1.0000000        1.0000000      0.073000000        8.4397824        8.3556194       0.13601447       0.14225855      0.080799415      0.083787087      0.041977714      0.040730260       0.69500059       0.71240234       0.67203373       0.69483523       0.67322893       0.68747257        1.0000000        1.8918836        1.0000000        2.0439843        1.0000000        2.2361380        1.0000000       0.84059034        1.0000000        1.0186665        1.0000000        1.2260877 
       1.0000000        1.0000000        1.0000000        1.0000000      0.074000000        8.4207977        8.3376489       0.13587983       0.14227079      0.080827520      0.083763652      0.042064041      0.040650320       0.69415459       0.71146854       0.67201700       0.69477288       0.67362200       0.68730271        1.0000000        1.8893594        1.0000000        2.0436520        1.0000000        2.2347318        1.0000000       0.83806610        1.0000000        1.0183342        1.0000000        1.2246815 
       1.0000000        1.0000000        1.0000000        1.0000000      0.075000000        8.4006599        8.3184986       0.13571742       0.14167787      0.080857082      0.083362185      0.042089483      0.040425631       0.69318700       0.71015124       0.67164327       0.69326855       0.67388286       0.68619298        1.0000000        1.8854140        1.0000000        2.0379569        1.0000000        2.2284314        1.0000000       0.83412072        1.0000000        1.0126391        1.0000000        1.2183811 
       1.0000000        1.0000000        1.0000000        1.0000000      0.076000000        8.3845046        8.3033055       0.13558366       0.14186288      0.080697859      0.083496628      0.041913158      0.040537600       0.69238793       0.71012707       0.67138170       0.69350940       0.67370415       0.68604551        1.0000000        1.8855450        1.0000000        2.0392052        1.0000000        2.2291719        1.0000000       0.83425171        1.0000000        1.0138873        1.0000000        1.2191216 
       1.0000000        1.0000000        1.0000000        1.0000000      0.077000000        8.3687448        8.2884833       0.13545946       0.14173705      0.080636325      0.083370330      0.041844060      0.040452925       0.69165045       0.70944166       0.67118044       0.69312609       0.67364029       0.68567375        1.0000000        1.8836900        1.0000000        2.0378920        1.0000000        2.2272062        1.0000000       0.83239668        1.0000000        1.0125741        1.0000000        1.2171559 
       1.0000000        1.0000000        1.0000000        1.0000000      0.078000000        8.3307346        8.2513871       0.13537942       0.14167291      0.080602015      0.083351304      0.041845709      0.040383000       0.69102957       0.70890215       0.67076922       0.69304999       0.67334626       0.68574325        1.0000000        1.8820777        1.0000000        2.0374630        1.0000000        2.2271069        1.0000000       0.83078440        1.0000000        1.0121452        1.0000000        1.2170566 
       1.0000000        1.0000000        1.0000000        1.0000000      0.079000000        8.3027151        8.2243470       0.13527651       0.14130248      0.080627311      0.083143150      0.041874515      0.040239671       0.69043731       0.70750419       0.67069039       0.69247816       0.67378791       0.68547487        1.0000000        1.8779685        1.0000000        2.0349008        1.0000000        2.2242282        1.0000000       0.82667517        1.0000000        1.0095830        1.0000000        1.2141779 
       1.0000000        1.0000000        1.0000000        1.0000000      0.080000000        8.2775826        8.2000821       0.13524954       0.14112228      0.080681640      0.082994595      0.041908549      0.040176201       0.69003494       0.70688964       0.67069629       0.69185198       0.67399020       0.68486240        1.0000000        1.8762628        1.0000000        2.0329183        1.0000000        2.2214497        1.0000000       0.82496946        1.0000000        1.0076005        1.0000000        1.2113994 
       1.0000000        1.0000000        1.0000000        1.0000000      0.081000000        8.2503096        8.1736558       0.13522550       0.14123494      0.080690114      0.083075481      0.041858955      0.040076067       0.68957833       0.70707962       0.67072143       0.69214262       0.67408991       0.68465374        1.0000000        1.8767955        1.0000000        2.0338878        1.0000000        2.2208369        1.0000000       0.82550224        1.0000000        1.0085700        1.0000000        1.2107865 
       1.0000000        1.0000000        1.0000000        1.0000000      0.082000000        8.2257382        8.1499109       0.13503639       0.14140438      0.080578521      0.083163993      0.041852778      0.040076064       0.68877418       0.70708581       0.67031501       0.69314326       0.67387204       0.68455719        1.0000000        1.8767629        1.0000000        2.0371485        1.0000000        2.2207395        1.0000000       0.82546957        1.0000000        1.0118307        1.0000000        1.2106892 
       1.0000000        1.0000000        1.0000000        1.0000000      0.083000000        8.1952717        8.1202516       0.13491976       0.14147086      0.080484591      0.083199764      0.041750999      0.040083459       0.68820723       0.70718685       0.66991129       0.69325204       0.67355030       0.68456624        1.0000000        1.8771490        1.0000000        2.0379534        1.0000000        2.2210428        1.0000000       0.82585566        1.0000000        1.0126356        1.0000000        1.2109924 
       1.0000000        1.0000000        1.0000000        1.0000000      0.084000000        8.1627924        8.0885608       0.13489644       0.14152461      0.080512253      0.083256618      0.041772928      0.040076432       0.68777751       0.70702745       0.67000764       0.69356141       0.67364938       0.68531310        1.0000000        1.8767186        1.0000000        2.0387578        1.0000000        2.2229374        1.0000000       0.82542535        1.0000000        1.0134400        1.0000000        1.2128871 
       1.0000000        1.0000000        1.0000000        1.0000000      0.085000000        8.1423067        8.0688457       0.13488943       0.14167778      0.080530601      0.083388288      0.041744115      0.040100071       0.68734420       0.70676181       0.67008495       0.69390172       0.67356288       0.68557814        1.0000000        1.8761281        1.0000000        2.0400725        1.0000000        2.2247029        1.0000000       0.82483480        1.0000000        1.0147547        1.0000000        1.2146526 
       1.0000000        1.0000000        1.0000000        1.0000000      0.086000000        8.1248802        8.0521723       0.13470747       0.14180227      0.080364431      0.083425614      0.041583864      0.040069446       0.68674956       0.70672300       0.66962546       0.69405004       0.67278065       0.68477981        1.0000000        1.8761398        1.0000000        2.0409584        1.0000000        2.2219549        1.0000000       0.82484650        1.0000000        1.0156406        1.0000000        1.2119046 
       1.0000000        1.0000000        1.0000000        1.0000000      0.087000000        8.1057528        8.0337813       0.13462891       0.14178213      0.080379423      0.083432536      0.041618756      0.040045206       0.68624091       0.70689110       0.66973591       0.69424265       0.67296447       0.68465898        1.0000000        1.8765366        1.0000000        2.0417746        1.0000000        2.2219336        1.0000000       0.82524329        1.0000000        1.0164568        1.0000000        1.2118833 
       1.0000000        1.0000000        1.0000000        1.0000000      0.088000000        8.0975284        8.0262772       0.13461150       0.14218587      0.080463546      0.083759992      0.041741034      0.040280006       0.68569739       0.70748585       0.66972836       0.69545662       0.67308675       0.68641432        1.0000000        1.8782317        1.0000000        2.0457001        1.0000000        2.2281567        1.0000000       0.82693838        1.0000000        1.0203823        1.0000000        1.2181064 
       1.0000000        1.0000000        1.0000000        1.0000000      0.089000000        8.0779680        8.0074213       0.13464840       0.14234769      0.080588612      0.083946110      0.041866869      0.040378028       0.68562939       0.70739649       0.66995044       0.69579551       0.67339542       0.68673520        1.0000000        1.8780314        1.0000000        2.0470051        1.0000000        2.2306546        1.0000000       0.82673814        1.0000000        1.0216873        1.0000000        1.2206043 
       1.0000000        1.0000000        1.0000000        1.0000000      0.090000000        8.0593458        7.9895566       0.13467204       0.14257533      0.080650630      0.084123904      0.041894973      0.040511515       0.68536169       0.70797036       0.66999055       0.69639234       0.67335053       0.68722538        1.0000000        1.8796490        1.0000000        2.0492191        1.0000000        2.2336383        1.0000000       0.82835571        1.0000000        1.0239013        1.0000000        1.2235880 
       1.0000000        1.0000000        1.0000000        1.0000000      0.091000000        8.0215583        7.9524424       0.13468990       0.14270561      0.080706516      0.084322466      0.041929038      0.040626345       0.68485683       0.70801239       0.67011783       0.69699634       0.67350734       0.68766181        1.0000000        1.8798157        1.0000000        2.0516899        1.0000000        2.2361467        1.0000000       0.82852244        1.0000000        1.0263721        1.0000000        1.2260964 
       1.0000000        1.0000000        1.0000000        1.0000000      0.092000000        8.0102432        7.9417865       0.13453332       0.14256815      0.080570924      0.084292289      0.041833291      0.040606677       0.68442383       0.70727739       0.66982961       0.69703090       0.67339832       0.68810440        1.0000000        1.8775039        1.0000000        2.0513381        1.0000000        2.2374460        1.0000000       0.82621065        1.0000000        1.0260203        1.0000000        1.2273957 
       1.0000000        1.0000000        1.0000000        1.0000000      0.093000000        7.9966544        7.9288433       0.13457332       0.14256531      0.080780414      0.084370384      0.042112009      0.040681603       0.68400079       0.70707974       0.66995999       0.69729163       0.67407905       0.68847712        1.0000000        1.8768984        1.0000000        2.0519718        1.0000000        2.2390307        1.0000000       0.82560512        1.0000000        1.0266540        1.0000000        1.2289803 
       1.0000000        1.0000000        1.0000000        1.0000000      0.094000000        7.9701928        7.9030140       0.13457986       0.14259695      0.080846204      0.084423751      0.042147646      0.040711365       0.68378424       0.70685159       0.67011279       0.69735816       0.67413099       0.68836519        1.0000000        1.8762764        1.0000000        2.0524955        1.0000000        2.2392490        1.0000000       0.82498311        1.0000000        1.0271776        1.0000000        1.2291987 
       1.0000000        1.0000000        1.0000000        1.0000000      0.095000000        7.9548017        7.8882425       0.13456880       0.14254442      0.080900857      0.084421738      0.042202905      0.040752591       0.68334987       0.70649802       0.67035306       0.69747699       0.67407582       0.68849335        1.0000000        1.8751609        1.0000000        2.0527570        1.0000000        2.2397313        1.0000000       0.82386760        1.0000000        1.0274392        1.0000000        1.2296809 
       1.0000000        1.0000000        1.0000000        1.0000000      0.096000000        7.9324444        7.8664923       0.13459653       0.14241235      0.080964392      0.084361111      0.042277849      0.040766655       0.68291274       0.70624761       0.67057622       0.69763210       0.67415384       0.68877248        1.0000000        1.8743741        1.0000000        2.0529391        1.0000000        2.2402081        1.0000000       0.82308085        1.0000000        1.0276213        1.0000000        1.2301578 
       1.0000000        1.0000000        1.0000000        1.0000000      0.097000000        7.9191581        7.8538011       0.13464759       0.14231072      0.080962334      0.084281735      0.042186872      0.040843623       0.68299959       0.70527737       0.67067450       0.69764867       0.67419211       0.68818664        1.0000000        1.8717782        1.0000000        2.0527105        1.0000000        2.2392496        1.0000000       0.82048487        1.0000000        1.0273927        1.0000000        1.2291992 
       1.0000000        1.0000000        1.0000000        1.0000000      0.098000000        7.9090208        7.8442473       0.13455725       0.14233652      0.080929319      0.084262868      0.042192886      0.040798804       0.68255754       0.70490769       0.67050643       0.69778704       0.67413538       0.68836208        1.0000000        1.8708564        1.0000000        2.0529220        1.0000000        2.2377432        1.0000000       0.81956311        1.0000000        1.0276042        1.0000000        1.2276929 
       1.0000000        1.0000000        1.0000000        1.0000000      0.099000000        7.8841185        7.8199171       0.13459216       0.14204500      0.080977748      0.083994031      0.042178984      0.040676789       0.68225391       0.70437654       0.67080403       0.69687689       0.67416127       0.68784403        1.0000000        1.8693251        1.0000000        2.0496106        1.0000000        2.2340799        1.0000000       0.81803183        1.0000000        1.0242928        1.0000000        1.2240296 
       1.0000000        1.0000000        1.0000000        1.0000000       0.10000000        7.8536655        7.7900252       0.13455089       0.14203337      0.080937547      0.084020531      0.042109960      0.040645828       0.68195267       0.70433451       0.67076206       0.69711054       0.67408181       0.68791983        1.0000000        1.8691023        1.0000000        2.0501180        1.0000000        2.2342093        1.0000000       0.81780899        1.0000000        1.0248002        1.0000000        1.2241589 
       1.0000000        1.0000000        1.0000000        1.0000000       0.10100000        7.8383311        7.7752959       0.13444175       0.14204754      0.080892832      0.084026186      0.042121720      0.040768102       0.68130273       0.70480680       0.67032166       0.69726974       0.67432931       0.68898542        1.0000000        1.8703461        1.0000000        2.0501919        1.0000000        2.2378539        1.0000000       0.81905282        1.0000000        1.0248741        1.0000000        1.2278036 
       1.0000000        1.0000000        1.0000000        1.0000000       0.10200000        7.8319640        7.7694679       0.13436938       0.14211190      0.080857823      0.084117597      0.042146494      0.040776610       0.68107514       0.70519571       0.67044770       0.69750767       0.67431743       0.68919072        1.0000000        1.8713292        1.0000000        2.0506935        1.0000000        2.2392982        1.0000000       0.82003595        1.0000000        1.0253757        1.0000000        1.2292479 
       1.0000000        1.0000000        1.0000000        1.0000000       0.10300000        7.8138305        7.7518636       0.13438677       0.14220372      0.080865970      0.084207828      0.042113698      0.040816742       0.68104273       0.70539184       0.67056161       0.69760338       0.67421885       0.68944762        1.0000000        1.8719690        1.0000000        2.0511941        1.0000000        2.2401488        1.0000000       0.82067566        1.0000000        1.0258763        1.0000000        1.2300984 
       1.0000000        1.0000000        1.0000000        1.0000000       0.10400000        7.8109590        7.7495114       0.13441812       0.14232603      0.080869557      0.084328055      0.042057886      0.040872506       0.68098104       0.70580592       0.67075171       0.69796889       0.67407816       0.68995877        1.0000000        1.8730761        1.0000000        2.0523853        1.0000000        2.2425781        1.0000000       0.82178285        1.0000000        1.0270675        1.0000000        1.2325278 
       1.0000000        1.0000000        1.0000000        1.0000000       0.10500000        7.7991394        7.7382019       0.13437982       0.14252988      0.080885227      0.084558846      0.042080215      0.040856991       0.68061926       0.70609165       0.67088291       0.69838703       0.67406703       0.69014893        1.0000000        1.8739111        1.0000000        2.0542279        1.0000000        2.2445969        1.0000000       0.82261782        1.0000000        1.0289101        1.0000000        1.2345465 
       1.0000000        1.0000000        1.0000000        1.0000000       0.10600000        7.7800560        7.7196193       0.13441911       0.14260075      0.080956916      0.084655916      0.042162123      0.040964915       0.68043656       0.70606588       0.67109774       0.69822203       0.67440535       0.69071642        1.0000000        1.8738943        1.0000000        2.0539067        1.0000000        2.2471888        1.0000000       0.82260096        1.0000000        1.0285889        1.0000000        1.2371385 
       1.0000000        1.0000000        1.0000000        1.0000000       0.10700000        7.7580298        7.6980848       0.13442085       0.14245128      0.081021378      0.084554076      0.042267246      0.040904334       0.68008620       0.70563194       0.67088786       0.69795840       0.67429082       0.69043662        1.0000000        1.8726539        1.0000000        2.0530226        1.0000000        2.2456243        1.0000000       0.82136057        1.0000000        1.0277048        1.0000000        1.2355739 
       1.0000000        1.0000000        1.0000000        1.0000000       0.10800000        7.7353837        7.6759220       0.13441644       0.14261797      0.081083529      0.084643762      0.042367680      0.040866693       0.67981029       0.70582911       0.67086702       0.69816674       0.67480662       0.69051367        1.0000000        1.8732986        1.0000000        2.0538908        1.0000000        2.2457851        1.0000000       0.82200532        1.0000000        1.0285730        1.0000000        1.2357348 
       1.0000000        1.0000000        1.0000000        1.0000000       0.10900000        7.7255031        7.6665161       0.13448648       0.14266692      0.081143802      0.084662034      0.042421723      0.040856453       0.67981340       0.70549610       0.67100334       0.69826548       0.67515596       0.69051764        1.0000000        1.8724195        1.0000000        2.0545608        1.0000000        2.2452590        1.0000000       0.82112620        1.0000000        1.0292430        1.0000000        1.2352087 
       1.0000000        1.0000000        1.0000000        1.0000000       0.11000000        7.7049380        7.6464175       0.13454200       0.14278563      0.081188457      0.084843981      0.042467438      0.041024788       0.67973300       0.70576503       0.67103936       0.69915774       0.67530568       0.69148851        1.0000000        1.8730335        1.0000000        2.0574274        1.0000000        2.2507420        1.0000000       0.82174021        1.0000000        1.0321096        1.0000000        1.2406917 
       1.0000000        1.0000000        1.0000000        1.0000000       0.11100000        7.6788192        7.6207571       0.13440872       0.14277972      0.081156971      0.084942413      0.042474919      0.041084516       0.67931561       0.70549026       0.67103827       0.69914807       0.67553068       0.69200815        1.0000000        1.8723540        1.0000000        2.0574657        1.0000000        2.2527999        1.0000000       0.82106072        1.0000000        1.0321479        1.0000000        1.2427495 
       1.0000000        1.0000000        1.0000000        1.0000000       0.11200000        7.6641885        7.6065772       0.13437967       0.14292394      0.081246800      0.085147309      0.042680580      0.041376313       0.67898626       0.70566967       0.67052005       0.69958428       0.67556843       0.69284849        1.0000000        1.8728318        1.0000000        2.0589254        1.0000000        2.2583995        1.0000000       0.82153855        1.0000000        1.0336076        1.0000000        1.2483492 
       1.0000000        1.0000000        1.0000000        1.0000000       0.11300000        7.6378587        7.5807344       0.13436880       0.14297931      0.081279981      0.085270207      0.042704944      0.041483265       0.67874995       0.70569142       0.67077869       0.69997578       0.67582631       0.69328353        1.0000000        1.8727050        1.0000000        2.0600585        1.0000000        2.2605184        1.0000000       0.82141173        1.0000000        1.0347407        1.0000000        1.2504681 
       1.0000000        1.0000000        1.0000000        1.0000000       0.11400000        7.6213606        7.5646713       0.13428268       0.14285259      0.081125601      0.085205095      0.042460472      0.041465004       0.67850083       0.70557410       0.67049269       0.69980698       0.67451236       0.69333905        1.0000000        1.8722815        1.0000000        2.0593690        1.0000000        2.2611521        1.0000000       0.82098816        1.0000000        1.0340512        1.0000000        1.2511018 
       1.0000000        1.0000000        1.0000000        1.0000000       0.11500000        7.5991139        7.5428524       0.13434572       0.14291164      0.081142651      0.085195459      0.042452727      0.041424492       0.67859760       0.70568196       0.67071964       0.69921669       0.67460153       0.69251191        1.0000000        1.8726771        1.0000000        2.0579757        1.0000000        2.2587062        1.0000000       0.82138385        1.0000000        1.0326579        1.0000000        1.2486559 
       1.0000000        1.0000000        1.0000000        1.0000000       0.11600000        7.5831852        7.5273445       0.13439388       0.14317898      0.081191747      0.085459043      0.042521077      0.041647460       0.67860994       0.70604656       0.67084414       0.69995586       0.67503725       0.69333674        1.0000000        1.8736689        1.0000000        2.0606383        1.0000000        2.2633065        1.0000000       0.82237563        1.0000000        1.0353205        1.0000000        1.2532561 
       1.0000000        1.0000000        1.0000000        1.0000000       0.11700000        7.5689539        7.5135272       0.13442110       0.14323338      0.081192803      0.085503267      0.042485386      0.041632906       0.67869700       0.70614467       0.67092816       0.70010896       0.67489840       0.69338124        1.0000000        1.8739711        1.0000000        2.0611015        1.0000000        2.2635207        1.0000000       0.82267776        1.0000000        1.0357837        1.0000000        1.2534704 
       1.0000000        1.0000000        1.0000000        1.0000000       0.11800000        7.5454468        7.4904274       0.13440944       0.14336338      0.081120532      0.085581969      0.042325845      0.041653515       0.67833805       0.70623850       0.67052832       0.70034693       0.67396628       0.69360813        1.0000000        1.8743434        1.0000000        2.0620974        1.0000000        2.2649387        1.0000000       0.82305008        1.0000000        1.0367796        1.0000000        1.2548883 
       1.0000000        1.0000000        1.0000000        1.0000000       0.11900000        7.5140379        7.4594192       0.13448929       0.14279971      0.081208853      0.085161823      0.042458355      0.041490605       0.67842679       0.70512167       0.67073380       0.69940716       0.67409972       0.69288712        1.0000000        1.8709490        1.0000000        2.0582642        1.0000000        2.2605854        1.0000000       0.81965567        1.0000000        1.0329463        1.0000000        1.2505350 
       1.0000000        1.0000000        1.0000000        1.0000000       0.12000000        7.4989040        7.4446798       0.13454097       0.14287451      0.081296797      0.085344107      0.042506916      0.041777269       0.67834454       0.70519871       0.67095684       0.69984778       0.67435613       0.69351285        1.0000000        1.8710473        1.0000000        2.0597543        1.0000000        2.2643570        1.0000000       0.81975400        1.0000000        1.0344365        1.0000000        1.2543067 
       1.0000000        1.0000000        1.0000000        1.0000000       0.12100000        7.4842933        7.4304574       0.13457057       0.14284110      0.081340973      0.085280146      0.042546623      0.041812724       0.67827443       0.70509730       0.67112820       0.69948617       0.67454023       0.69336553        1.0000000        1.8708269        1.0000000        2.0587134        1.0000000        2.2633391        1.0000000       0.81953359        1.0000000        1.0333956        1.0000000        1.2532888 
       1.0000000        1.0000000        1.0000000        1.0000000       0.12200000        7.4768850        7.4234314       0.13449956       0.14298444      0.081269768      0.085457511      0.042491375      0.041920277       0.67791293       0.70515712       0.67071095       0.69973086       0.67398914       0.69342582        1.0000000        1.8711003        1.0000000        2.0600846        1.0000000        2.2652119        1.0000000       0.81980702        1.0000000        1.0347668        1.0000000        1.2551616 
       1.0000000        1.0000000        1.0000000        1.0000000       0.12300000        7.4569100        7.4038329       0.13462144       0.14303398      0.081318785      0.085545455      0.042470903      0.042023684       0.67805817       0.70492851       0.67075271       0.70002940       0.67350593       0.69360713        1.0000000        1.8703895        1.0000000        2.0613373        1.0000000        2.2664362        1.0000000       0.81909616        1.0000000        1.0360195        1.0000000        1.2563859 
       1.0000000        1.0000000        1.0000000        1.0000000       0.12400000        7.4278349        7.3751652       0.13461809       0.14311589      0.081328387      0.085634017      0.042525547      0.041999169       0.67804553       0.70507134       0.67078344       0.70015396       0.67369694       0.69371907        1.0000000        1.8708269        1.0000000        2.0618288        1.0000000        2.2674888        1.0000000       0.81953361        1.0000000        1.0365110        1.0000000        1.2574385 
       1.0000000        1.0000000        1.0000000        1.0000000       0.12500000        7.4087381        7.3564328       0.13452520       0.14300166      0.081269994      0.085600006      0.042499441      0.042041300       0.67769228       0.70476924       0.67041734       0.70009450       0.67358243       0.69396441        1.0000000        1.8698640        1.0000000        2.0611285        1.0000000        2.2681902        1.0000000       0.81857071        1.0000000        1.0358107        1.0000000        1.2581399 
       1.0000000        1.0000000        1.0000000        1.0000000       0.12600000        7.3890052        7.3370589       0.13453592       0.14318149      0.081350265      0.085737523      0.042609641      0.042056910       0.67771745       0.70501474       0.67068006       0.70040525       0.67426445       0.69405627        1.0000000        1.8706152        1.0000000        2.0623812        1.0000000        2.2687572        1.0000000       0.81932189        1.0000000        1.0370634        1.0000000        1.2587068 
       1.0000000        1.0000000        1.0000000        1.0000000       0.12700000        7.3712863        7.3196937       0.13459158       0.14309609      0.081402617      0.085623604      0.042634035      0.041996281       0.67786600       0.70478615       0.67086282       0.69990529       0.67422582       0.69339909        1.0000000        1.8700696        1.0000000        2.0609611        1.0000000        2.2662621        1.0000000       0.81877631        1.0000000        1.0356433        1.0000000        1.2562118 
       1.0000000        1.0000000        1.0000000        1.0000000       0.12800000        7.3539544        7.3027103       0.13464990       0.14315924      0.081430092      0.085711583      0.042619005      0.042083998       0.67792422       0.70481302       0.67091498       0.70016848       0.67422269       0.69384174        1.0000000        1.8700526        1.0000000        2.0616191        1.0000000        2.2684082        1.0000000       0.81875928        1.0000000        1.0363013        1.0000000        1.2583578 
       1.0000000        1.0000000        1.0000000        1.0000000       0.12900000        7.3384396        7.2875388       0.13468231       0.14334346      0.081466236      0.085808737      0.042649639      0.042125313       0.67798834       0.70526995       0.67096622       0.70043202       0.67418666       0.69376289        1.0000000        1.8714121        1.0000000        2.0629376        1.0000000        2.2694058        1.0000000       0.82011877        1.0000000        1.0376198        1.0000000        1.2593555 
       1.0000000        1.0000000        1.0000000        1.0000000       0.13000000        7.3175391        7.2669767       0.13461063       0.14335409      0.081431938      0.085822209      0.042665947      0.042058740       0.67777284       0.70514254       0.67070486       0.70049022       0.67419188       0.69385105        1.0000000        1.8711170        1.0000000        2.0631135        1.0000000        2.2692358        1.0000000       0.81982370        1.0000000        1.0377956        1.0000000        1.2591855 
       1.0000000        1.0000000        1.0000000        1.0000000       0.13100000        7.3055121        7.2552832       0.13466564       0.14357188      0.081563806      0.085992289      0.042760980      0.042120001       0.67762288       0.70542348       0.67087573       0.70083372       0.67474206       0.69400847        1.0000000        1.8720585        1.0000000        2.0645560        1.0000000        2.2712480        1.0000000       0.82076517        1.0000000        1.0392382        1.0000000        1.2611977 
       1.0000000        1.0000000        1.0000000        1.0000000       0.13200000        7.2876701        7.2377699       0.13457453       0.14358692      0.081538210      0.086059023      0.042768661      0.042153658       0.67752753       0.70530678       0.67084458       0.70071930       0.67499368       0.69402032        1.0000000        1.8718202        1.0000000        2.0641445        1.0000000        2.2720213        1.0000000       0.82052686        1.0000000        1.0388267        1.0000000        1.2619710 
       1.0000000        1.0000000        1.0000000        1.0000000       0.13300000        7.2741785        7.2246023       0.13456577       0.14361408      0.081559964      0.086079205      0.042807635      0.042125718       0.67754213       0.70523583       0.67077428       0.70064141       0.67516286       0.69393305        1.0000000        1.8716505        1.0000000        2.0639494        1.0000000        2.2719366        1.0000000       0.82035716        1.0000000        1.0386316        1.0000000        1.2618863 
       1.0000000        1.0000000        1.0000000        1.0000000       0.13400000        7.2506503        7.2013936       0.13452398       0.14383386      0.081490109      0.086280942      0.042682844      0.042216180       0.67731821       0.70559655       0.67043170       0.70124407       0.67444383       0.69434906        1.0000000        1.8727002        1.0000000        2.0661392        1.0000000        2.2751129        1.0000000       0.82140694        1.0000000        1.0408214        1.0000000        1.2650626 
       1.0000000        1.0000000        1.0000000        1.0000000       0.13500000        7.2244392        7.1755288       0.13458512       0.14397666      0.081553426      0.086509490      0.042718240      0.042367626       0.67760766       0.70597281       0.67067990       0.70203951       0.67474288       0.69545285        1.0000000        1.8736780        1.0000000        2.0685025        1.0000000        2.2798558        1.0000000       0.82238474        1.0000000        1.0431847        1.0000000        1.2698055 
       1.0000000        1.0000000        1.0000000        1.0000000       0.13600000        7.2094811        7.1608810       0.13438876       0.14410483      0.081394385      0.086613425      0.042627794      0.042427121       0.67714781       0.70617649       0.67033674       0.70239350       0.67462337       0.69571670        1.0000000        1.8743003        1.0000000        2.0698599        1.0000000        2.2815274        1.0000000       0.82300702        1.0000000        1.0445421        1.0000000        1.2714771 
       1.0000000        1.0000000        1.0000000        1.0000000       0.13700000        7.1952790        7.1469848       0.13443419       0.14412108      0.081447053      0.086583573      0.042687687      0.042326510       0.67713214       0.70582569       0.67029002       0.70196716       0.67462549       0.69530948        1.0000000        1.8734983        1.0000000        2.0687817        1.0000000        2.2792590        1.0000000       0.82220501        1.0000000        1.0434639        1.0000000        1.2692087 
       1.0000000        1.0000000        1.0000000        1.0000000       0.13800000        7.1814131        7.1334208       0.13441018       0.14398001      0.081502478      0.086554550      0.042733644      0.042414790       0.67693207       0.70523665       0.67033730       0.70188602       0.67517115       0.69651494        1.0000000        1.8718540        1.0000000        2.0679170        1.0000000        2.2816379        1.0000000       0.82056074        1.0000000        1.0425992        1.0000000        1.2715875 
       1.0000000        1.0000000        1.0000000        1.0000000       0.13900000        7.1642063        7.1165117       0.13444615       0.14404330      0.081510930      0.086672919      0.042689893      0.042455006       0.67683024       0.70514105       0.67012370       0.70205044       0.67428453       0.69681586        1.0000000        1.8715947        1.0000000        2.0684387        1.0000000        2.2828388        1.0000000       0.82030137        1.0000000        1.0431209        1.0000000        1.2727885 
       1.0000000        1.0000000        1.0000000        1.0000000       0.14000000        7.1537576        7.1063567       0.13436502       0.14411005      0.081373407      0.086650697      0.042563760      0.042366354       0.67654081       0.70514197       0.66968376       0.70182169       0.67369111       0.69632875        1.0000000        1.8717565        1.0000000        2.0678627        1.0000000        2.2811243        1.0000000       0.82046316        1.0000000        1.0425449        1.0000000        1.2710740 
       1.0000000        1.0000000        1.0000000        1.0000000       0.14100000        7.1534779        7.1063668       0.13413987       0.14443687      0.081074384      0.086850879      0.042214345      0.042418276       0.67562511       0.70553634       0.66837101       0.70260754       0.67241664       0.69666792        1.0000000        1.8729874        1.0000000        2.0710400        1.0000000        2.2827718        1.0000000       0.82169414        1.0000000        1.0457222        1.0000000        1.2727214 
       1.0000000        1.0000000        1.0000000        1.0000000       0.14200000        7.1373497        7.0905246       0.13415920       0.14414563      0.081100514      0.086604400      0.042276724      0.042360028       0.67584065       0.70480566       0.66861742       0.70114923       0.67276378       0.69582816        1.0000000        1.8708732        1.0000000        2.0662505        1.0000000        2.2794783        1.0000000       0.81957987        1.0000000        1.0409326        1.0000000        1.2694280 
       1.0000000        1.0000000        1.0000000        1.0000000       0.14300000        7.1233829        7.0768400       0.13432968       0.14383174      0.081245658      0.086493107      0.042426199      0.042352524       0.67634075       0.70366543       0.66914623       0.70064275       0.67343304       0.69565147        1.0000000        1.8675769        1.0000000        2.0644148        1.0000000        2.2781879        1.0000000       0.81628360        1.0000000        1.0390970        1.0000000        1.2681376 
       1.0000000        1.0000000        1.0000000        1.0000000       0.14400000        7.1019996        7.0557352       0.13434233       0.14355357      0.081284377      0.086219621      0.042519269      0.042157447       0.67640208       0.70272132       0.66925691       0.69952863       0.67387063       0.69455229        1.0000000        1.8650318        1.0000000        2.0609062        1.0000000        2.2725132        1.0000000       0.81373848        1.0000000        1.0355884        1.0000000        1.2624629 
       1.0000000        1.0000000        1.0000000        1.0000000       0.14500000        7.0857974        7.0398079       0.13428767       0.14362423      0.081156893      0.086221843      0.042336833      0.042135853       0.67618455       0.70257989       0.66897577       0.69941215       0.67336203       0.69473216        1.0000000        1.8648119        1.0000000        2.0608128        1.0000000        2.2723630        1.0000000       0.81351859        1.0000000        1.0354950        1.0000000        1.2623127 
       1.0000000        1.0000000        1.0000000        1.0000000       0.14600000        7.0795072        7.0337891       0.13430223       0.14375447      0.081210226      0.086285505      0.042448569      0.042083188       0.67610807       0.70285693       0.66913490       0.69954896       0.67392586       0.69427732        1.0000000        1.8656098        1.0000000        2.0615246        1.0000000        2.2714931        1.0000000       0.81431654        1.0000000        1.0362068        1.0000000        1.2614427 
       1.0000000        1.0000000        1.0000000        1.0000000       0.14700000        7.0648191        7.0193955       0.13431122       0.14366280      0.081264701      0.086185372      0.042516999      0.042016442       0.67620108       0.70274591       0.66943558       0.69927472       0.67405812       0.69408325        1.0000000        1.8652795        1.0000000        2.0603188        1.0000000        2.2699893        1.0000000       0.81398624        1.0000000        1.0350010        1.0000000        1.2599390 
       1.0000000        1.0000000        1.0000000        1.0000000       0.14800000        7.0620465        7.0168871       0.13428340       0.14373211      0.081229924      0.086340740      0.042476506      0.042045354       0.67591926       0.70263197       0.66890303       0.69949905       0.67364257       0.69419806        1.0000000        1.8649601        1.0000000        2.0611730        1.0000000        2.2712850        1.0000000       0.81366680        1.0000000        1.0358552        1.0000000        1.2612347 
       1.0000000        1.0000000        1.0000000        1.0000000       0.14900000        7.0479407        7.0030421       0.13417351       0.14369908      0.081154147      0.086464009      0.042466823      0.042221597       0.67588916       0.70255709       0.66882451       0.69967438       0.67366643       0.69523065        1.0000000        1.8646285        1.0000000        2.0612043        1.0000000        2.2763195        1.0000000       0.81333524        1.0000000        1.0358865        1.0000000        1.2662692 
       1.0000000        1.0000000        1.0000000        1.0000000       0.15000000        7.0302671        6.9856261       0.13424090       0.14425590      0.081228968      0.086833712      0.042504280      0.042379554       0.67594747       0.70398656       0.66903017       0.70052643       0.67371078       0.69589578        1.0000000        1.8689426        1.0000000        2.0649274        1.0000000        2.2815006        1.0000000       0.81764932        1.0000000        1.0396096        1.0000000        1.2714503 
       1.0000000        1.0000000        1.0000000        1.0000000       0.15100000        7.0188420        6.9744553       0.13424773       0.14441834      0.081303330      0.086989688      0.042603509      0.042449706       0.67569834       0.70407474       0.66900979       0.70063560       0.67391805       0.69590780        1.0000000        1.8692925        1.0000000        2.0657060        1.0000000        2.2823865        1.0000000       0.81799922        1.0000000        1.0403882        1.0000000        1.2723361 
       1.0000000        1.0000000        1.0000000        1.0000000       0.15200000        6.9970531        6.9529177       0.13423791       0.14446567      0.081287699      0.086995111      0.042574794      0.042451787       0.67549737       0.70438333       0.66867694       0.70074276       0.67362693       0.69581375        1.0000000        1.8700856        1.0000000        2.0660754        1.0000000        2.2819520        1.0000000       0.81879226        1.0000000        1.0407576        1.0000000        1.2719016 
       1.0000000        1.0000000        1.0000000        1.0000000       0.15300000        6.9816702        6.9377829       0.13424119       0.14430692      0.081322622      0.086777388      0.042572280      0.042369944       0.67541617       0.70416033       0.66881366       0.70014090       0.67374195       0.69470106        1.0000000        1.8693757        1.0000000        2.0640905        1.0000000        2.2767328        1.0000000       0.81808236        1.0000000        1.0387727        1.0000000        1.2666824 
       1.0000000        1.0000000        1.0000000        1.0000000       0.15400000        6.9625965        6.9189544       0.13422272       0.14455015      0.081335307      0.086946339      0.042634252      0.042483747       0.67515471       0.70442173       0.66866584       0.70059940       0.67396127       0.69539232        1.0000000        1.8702891        1.0000000        2.0660005        1.0000000        2.2800861        1.0000000       0.81899579        1.0000000        1.0406827        1.0000000        1.2700357 
       1.0000000        1.0000000        1.0000000        1.0000000       0.15500000        6.9418084        6.8984085       0.13423856       0.14485114      0.081358119      0.087137799      0.042614113      0.042631921       0.67504992       0.70508971       0.66857516       0.70115261       0.67365684       0.69578445        1.0000000        1.8722388        1.0000000        2.0685935        1.0000000        2.2830360        1.0000000       0.82094547        1.0000000        1.0432756        1.0000000        1.2729856 
       1.0000000        1.0000000        1.0000000        1.0000000       0.15600000        6.9204668        6.8773061       0.13422236       0.14502118      0.081344614      0.087257618      0.042601803      0.042620755       0.67512763       0.70529263       0.66872135       0.70131116       0.67401609       0.69585979        1.0000000        1.8729494        1.0000000        2.0693580        1.0000000        2.2835199        1.0000000       0.82165614        1.0000000        1.0440402        1.0000000        1.2734695 
       1.0000000        1.0000000        1.0000000        1.0000000       0.15700000        6.8994859        6.8565616       0.13422279       0.14504848      0.081324132      0.087280214      0.042625427      0.042632467       0.67509903       0.70538484       0.66850059       0.70147376       0.67374410       0.69604001        1.0000000        1.8732364        1.0000000        2.0700425        1.0000000        2.2848677        1.0000000       0.82194308        1.0000000        1.0447247        1.0000000        1.2748174 
       1.0000000        1.0000000        1.0000000        1.0000000       0.15800000        6.8851805        6.8425130       0.13416685       0.14503604      0.081243999      0.087240217      0.042481291      0.042621279       0.67493084       0.70561600       0.66828944       0.70145015       0.67332367       0.69555089        1.0000000        1.8738063        1.0000000        2.0699765        1.0000000        2.2833604        1.0000000       0.82251306        1.0000000        1.0446587        1.0000000        1.2733101 
       1.0000000        1.0000000        1.0000000        1.0000000       0.15900000        6.8670957        6.8246588       0.13421400       0.14512317      0.081268833      0.087327544      0.042522974      0.042655430       0.67515852       0.70574819       0.66854294       0.70165128       0.67380640       0.69577685        1.0000000        1.8742673        1.0000000        2.0708145        1.0000000        2.2842935        1.0000000       0.82297396        1.0000000        1.0454967        1.0000000        1.2742432 
       1.0000000        1.0000000        1.0000000        1.0000000       0.16000000        6.8519268        6.8097178       0.13420224       0.14479041      0.081318626      0.087132529      0.042615638      0.042625003       0.67508414       0.70536556       0.66872143       0.70165623       0.67436611       0.69587298        1.0000000        1.8727165        1.0000000        2.0704522        1.0000000        2.2841180        1.0000000       0.82142318        1.0000000        1.0451344        1.0000000        1.2740676 
