
       1.0000000        1.0000000        1.0000000        1.0000000      0.035000000        10.500874        10.332806       0.14697231       0.14733578      0.084670823      0.084591586      0.042331924      0.042121335       0.74839477       0.74807387       0.70172805       0.70035981       0.68410309       0.68579455        1.0000000        1.9941338        1.0000000        2.0594947        1.0000000        2.2350713        1.0000000       0.94284052        1.0000000        1.0341769        1.0000000        1.2250210 
       1.0000000        1.0000000        1.0000000        1.0000000      0.036000000        10.410058        10.246623       0.14587820       0.14610951      0.084290661      0.084078730      0.042378457      0.042411224       0.74600152       0.74321919       0.70059026       0.69837880       0.68391281       0.68704725        1.0000000        1.9808870        1.0000000        2.0520995        1.0000000        2.2401629        1.0000000       0.92959370        1.0000000        1.0267817        1.0000000        1.2301125 
       1.0000000        1.0000000        1.0000000        1.0000000      0.037000000        10.304155        10.145076       0.14569425       0.14505263      0.084213398      0.083280483      0.042351462      0.041694746       0.74386120       0.74214709       0.69955355       0.69721615       0.68326999       0.68481770        1.0000000        1.9760977        1.0000000        2.0461583        1.0000000        2.2302210        1.0000000       0.92480438        1.0000000        1.0208405        1.0000000        1.2201707 
       1.0000000        1.0000000        1.0000000        1.0000000      0.038000000        10.189229        10.034254       0.14532366       0.14441966      0.084329206      0.083163162      0.042743085      0.041807563       0.74182673       0.74017979       0.69856829       0.69621803       0.68410516       0.68526766        1.0000000        1.9700416        1.0000000        2.0433470        1.0000000        2.2316430        1.0000000       0.91874828        1.0000000        1.0180292        1.0000000        1.2215927 
       1.0000000        1.0000000        1.0000000        1.0000000      0.039000000        10.132834        9.9817349       0.14449049       0.14389524      0.084116329      0.082820716      0.042840683      0.041355946       0.73900115       0.73817940       0.69745931       0.69515782       0.68352809       0.68377289        1.0000000        1.9634937        1.0000000        2.0390564        1.0000000        2.2242819        1.0000000       0.91220038        1.0000000        1.0137386        1.0000000        1.2142316 
       1.0000000        1.0000000        1.0000000        1.0000000      0.040000000        10.092462        9.9450276       0.14369511       0.14398862      0.084041218      0.083430936      0.043241628      0.041974801       0.73599929       0.73618335       0.69545069       0.69562292       0.68288077       0.68565086        1.0000000        1.9576416        1.0000000        2.0416349        1.0000000        2.2364666        1.0000000       0.90634835        1.0000000        1.0163171        1.0000000        1.2264163 
       1.0000000        1.0000000        1.0000000        1.0000000      0.041000000        9.9986510        9.8546894       0.14348046       0.14354379      0.084030806      0.083228680      0.043278032      0.041819556       0.73434446       0.73482835       0.69468113       0.69509171       0.68280593       0.68506597        1.0000000        1.9535189        1.0000000        2.0399578        1.0000000        2.2309344        1.0000000       0.90222560        1.0000000        1.0146400        1.0000000        1.2208840 
       1.0000000        1.0000000        1.0000000        1.0000000      0.042000000        9.9410427        9.8003761       0.14282329       0.14307534      0.083674962      0.082968335      0.042884177      0.041661708       0.73166811       0.73258125       0.69324251       0.69416516       0.68113700       0.68494967        1.0000000        1.9473099        1.0000000        2.0370481        1.0000000        2.2299349        1.0000000       0.89601661        1.0000000        1.0117302        1.0000000        1.2198846 
       1.0000000        1.0000000        1.0000000        1.0000000      0.043000000        9.8693632        9.7318282       0.14241305       0.14284783      0.083560708      0.082868974      0.042888186      0.041573774       0.73010424       0.73104223       0.69209548       0.69350140       0.68167735       0.68448946        1.0000000        1.9427182        1.0000000        2.0344787        1.0000000        2.2268536        1.0000000       0.89142490        1.0000000        1.0091609        1.0000000        1.2168032 
       1.0000000        1.0000000        1.0000000        1.0000000      0.044000000        9.8084825        9.6739278       0.14209249       0.14246364      0.083359213      0.082673570      0.042635282      0.041360424       0.72804002       0.72916463       0.69064241       0.69265170       0.68058389       0.68323276        1.0000000        1.9373765        1.0000000        2.0321890        1.0000000        2.2212913        1.0000000       0.88608318        1.0000000        1.0068712        1.0000000        1.2112410 
       1.0000000        1.0000000        1.0000000        1.0000000      0.045000000        9.7220706        9.5906326       0.14183546       0.14273841      0.082869404      0.082915241      0.042364603      0.041073291       0.72505280       0.72893975       0.68734639       0.69204633       0.67820979       0.68082594        1.0000000        1.9370768        1.0000000        2.0320197        1.0000000        2.2135038        1.0000000       0.88578348        1.0000000        1.0067019        1.0000000        1.2034534 
       1.0000000        1.0000000        1.0000000        1.0000000      0.046000000        9.6558142        9.5270736       0.14098173       0.14202121      0.082453590      0.082352066      0.041936832      0.040663354       0.72309859       0.72583633       0.68586588       0.68987189       0.67761507       0.67949813        1.0000000        1.9283531        1.0000000        2.0237188        1.0000000        2.2052703        1.0000000       0.87705985        1.0000000       0.99840097        1.0000000        1.1952199 
       1.0000000        1.0000000        1.0000000        1.0000000      0.047000000        9.6122913        9.4861279       0.14049059       0.14198461      0.082191228      0.082485308      0.041727249      0.040763790       0.72117808       0.72399620       0.68465914       0.68922383       0.67744932       0.67970078        1.0000000        1.9235849        1.0000000        2.0224773        1.0000000        2.2065473        1.0000000       0.87229160        1.0000000       0.99715947        1.0000000        1.1964970 
       1.0000000        1.0000000        1.0000000        1.0000000      0.048000000        9.5356031        9.4119048       0.14028927       0.14210922      0.082182086      0.082629636      0.041719456      0.040694186       0.71995510       0.72385491       0.68408306       0.68976074       0.67736541       0.67888530        1.0000000        1.9225763        1.0000000        2.0236314        1.0000000        2.2045061        1.0000000       0.87128298        1.0000000       0.99831355        1.0000000        1.1944557 
       1.0000000        1.0000000        1.0000000        1.0000000      0.049000000        9.5083076        9.3869699       0.13982740       0.14193370      0.082166390      0.082699575      0.041830835      0.040766994       0.71786623       0.72156843       0.68339616       0.68915354       0.67765064       0.67955275        1.0000000        1.9165676        1.0000000        2.0224135        1.0000000        2.2067671        1.0000000       0.86527429        1.0000000       0.99709568        1.0000000        1.1967168 
       1.0000000        1.0000000        1.0000000        1.0000000      0.050000000        9.5126065        9.3935315       0.13923448       0.14198284      0.081782228      0.082852889      0.041699258      0.040700304       0.71585908       0.71951296       0.68232353       0.68939930       0.67705544       0.68085668        1.0000000        1.9109383        1.0000000        2.0230878        1.0000000        2.2106873        1.0000000       0.85964498        1.0000000       0.99776999        1.0000000        1.2006370 
       1.0000000        1.0000000        1.0000000        1.0000000      0.051000000        9.4660315        9.3491275       0.13880389       0.14150782      0.081583975      0.082840571      0.041568866      0.040825550       0.71368922       0.71786272       0.68123892       0.68890056       0.67648625       0.68122888        1.0000000        1.9056419        1.0000000        2.0208867        1.0000000        2.2122167        1.0000000       0.85434865        1.0000000       0.99556887        1.0000000        1.2021664 
       1.0000000        1.0000000        1.0000000        1.0000000      0.052000000        9.4414420        9.3266229       0.13840707       0.14137223      0.081535310      0.082885915      0.041736025      0.040850142       0.71184814       0.71578161       0.68036637       0.68812845       0.67667025       0.68098270        1.0000000        1.8999936        1.0000000        2.0189908        1.0000000        2.2121900        1.0000000       0.84870029        1.0000000       0.99367296        1.0000000        1.2021396 
       1.0000000        1.0000000        1.0000000        1.0000000      0.053000000        9.4506969        9.3378820       0.13809423       0.14102035      0.081627489      0.082799120      0.041903245      0.040767949       0.70950672       0.71382460       0.67970260       0.68800363       0.67694658       0.68151306        1.0000000        1.8941411        1.0000000        2.0181096        1.0000000        2.2123938        1.0000000       0.84284776        1.0000000       0.99279183        1.0000000        1.2023435 
       1.0000000        1.0000000        1.0000000        1.0000000      0.054000000        9.4248140        9.3139273       0.13770452       0.14060906      0.081515508      0.082612641      0.041748540      0.040700384       0.70788709       0.71274726       0.67921400       0.68789989       0.67722235       0.68156454        1.0000000        1.8908762        1.0000000        2.0171081        1.0000000        2.2125860        1.0000000       0.83958294        1.0000000       0.99179028        1.0000000        1.2025356 
       1.0000000        1.0000000        1.0000000        1.0000000      0.055000000        9.3766800        9.2676497       0.13738920       0.14032958      0.081254624      0.082533929      0.041466100      0.040691123       0.70648023       0.71173227       0.67791733       0.68739983       0.67692291       0.68146427        1.0000000        1.8880403        1.0000000        2.0154208        1.0000000        2.2122494        1.0000000       0.83674696        1.0000000       0.99010300        1.0000000        1.2021991 
       1.0000000        1.0000000        1.0000000        1.0000000      0.056000000        9.3039095        9.1968436       0.13736003       0.14032809      0.081361607      0.082618853      0.041623116      0.040715794       0.70560563       0.71080238       0.67764672       0.68753246       0.67705696       0.68160051        1.0000000        1.8854244        1.0000000        2.0162072        1.0000000        2.2126926        1.0000000       0.83413111        1.0000000       0.99088936        1.0000000        1.2026423 
       1.0000000        1.0000000        1.0000000        1.0000000      0.057000000        9.2408586        9.1355116       0.13711391       0.14023472      0.081347709      0.082655347      0.041567246      0.040772380       0.70493833       0.70997581       0.67767777       0.68769420       0.67746930       0.68160060        1.0000000        1.8830037        1.0000000        2.0169329        1.0000000        2.2121259        1.0000000       0.83171038        1.0000000       0.99161511        1.0000000        1.2020755 
       1.0000000        1.0000000        1.0000000        1.0000000      0.058000000        9.2156549        9.1119669       0.13702141       0.14024135      0.081375344      0.082744979      0.041507014      0.040864698       0.70411285       0.70944166       0.67747804       0.68849297       0.67776736       0.68150338        1.0000000        1.8816151        1.0000000        2.0197835        1.0000000        2.2118084        1.0000000       0.83032179        1.0000000       0.99446571        1.0000000        1.2017580 
       1.0000000        1.0000000        1.0000000        1.0000000      0.059000000        9.1493358        9.0472499       0.13688894       0.14028581      0.081385202      0.082865213      0.041550390      0.040958398       0.70300435       0.70872635       0.67700664       0.68855595       0.67741382       0.68176552        1.0000000        1.8797219        1.0000000        2.0203829        1.0000000        2.2137909        1.0000000       0.82842864        1.0000000       0.99506505        1.0000000        1.2037406 
       1.0000000        1.0000000        1.0000000        1.0000000      0.060000000        9.1162631        9.0157255       0.13675264       0.14044028      0.081248218      0.083071834      0.041409592      0.041294093       0.70216749       0.70833784       0.67616361       0.68907262       0.67646440       0.68320956        1.0000000        1.8786320        1.0000000        2.0217882        1.0000000        2.2200749        1.0000000       0.82733871        1.0000000       0.99647043        1.0000000        1.2100246 
       1.0000000        1.0000000        1.0000000        1.0000000      0.061000000        9.0806902        8.9816500       0.13668895       0.14040345      0.081334788      0.083178811      0.041529627      0.041362455       0.70128030       0.70754456       0.67571034       0.68906481       0.67675496       0.68337037        1.0000000        1.8765751        1.0000000        2.0220587        1.0000000        2.2216507        1.0000000       0.82528180        1.0000000       0.99674085        1.0000000        1.2116003 
       1.0000000        1.0000000        1.0000000        1.0000000      0.062000000        9.0139427        8.9163513       0.13647017       0.13977517      0.081202219      0.082893709      0.041404536      0.041403763       0.70021082       0.70606698       0.67484466       0.68824922       0.67590441       0.68323400        1.0000000        1.8721921        1.0000000        2.0186401        1.0000000        2.2217911        1.0000000       0.82089880        1.0000000       0.99332224        1.0000000        1.2117408 
       1.0000000        1.0000000        1.0000000        1.0000000      0.063000000        8.9686031        8.8724144       0.13636783       0.13906859      0.081103840      0.082244726      0.041263045      0.040929351       0.69927841       0.70434964       0.67412870       0.68565532       0.67531229       0.68121815        1.0000000        1.8671527        1.0000000        2.0093818        1.0000000        2.2107584        1.0000000       0.81585936        1.0000000       0.98406400        1.0000000        1.2007080 
       1.0000000        1.0000000        1.0000000        1.0000000      0.064000000        8.9371987        8.8423689       0.13627200       0.13905131      0.081197644      0.082427248      0.041283173      0.041090494       0.69822749       0.70387848       0.67399159       0.68632355       0.67545998       0.68243885        1.0000000        1.8656675        1.0000000        2.0115838        1.0000000        2.2169719        1.0000000       0.81437419        1.0000000       0.98626601        1.0000000        1.2069215 
       1.0000000        1.0000000        1.0000000        1.0000000      0.065000000        8.9017832        8.8082706       0.13589855       0.13911844      0.080998490      0.082426333      0.041277928      0.041173635       0.69681043       0.70398825       0.67333146       0.68687230       0.67472018       0.68396033        1.0000000        1.8658727        1.0000000        2.0130064        1.0000000        2.2215074        1.0000000       0.81457942        1.0000000       0.98768858        1.0000000        1.2114571 
       1.0000000        1.0000000        1.0000000        1.0000000      0.066000000        8.8661879        8.7739527       0.13569365       0.13908851      0.080933423      0.082407784      0.041396175      0.041000349       0.69597911       0.70328653       0.67304355       0.68700743       0.67469998       0.68361847        1.0000000        1.8637556        1.0000000        2.0132206        1.0000000        2.2184505        1.0000000       0.81246233        1.0000000       0.98790276        1.0000000        1.2084002 
       1.0000000        1.0000000        1.0000000        1.0000000      0.067000000        8.8495635        8.7586897       0.13577241       0.13951394      0.081172747      0.082767254      0.041883018      0.041099686       0.69560369       0.70318256       0.67275222       0.68769374       0.67494564       0.68375399        1.0000000        1.8635402        1.0000000        2.0159404        1.0000000        2.2200632        1.0000000       0.81224694        1.0000000       0.99062261        1.0000000        1.2100129 
       1.0000000        1.0000000        1.0000000        1.0000000      0.068000000        8.8094702        8.7197961       0.13575100       0.13979990      0.081331948      0.083017508      0.042063796      0.041381782       0.69484450       0.70372161       0.67301083       0.68856276       0.67624308       0.68597877        1.0000000        1.8647829        1.0000000        2.0187581        1.0000000        2.2300707        1.0000000       0.81348963        1.0000000       0.99344026        1.0000000        1.2200203 
       1.0000000        1.0000000        1.0000000        1.0000000      0.069000000        8.7945411        8.7060323       0.13570996       0.14015375      0.081355498      0.083268345      0.042074921      0.041440107       0.69434781       0.70403998       0.67310434       0.68939849       0.67645743       0.68685245        1.0000000        1.8656320        1.0000000        2.0213730        1.0000000        2.2323076        1.0000000       0.81433867        1.0000000       0.99605523        1.0000000        1.2222573 
       1.0000000        1.0000000        1.0000000        1.0000000      0.070000000        8.7641984        8.6768220       0.13574065       0.14064708      0.081603852      0.083717335      0.042470481      0.041642357       0.69364616       0.70420560       0.67319489       0.69044420       0.67676453       0.68758517        1.0000000        1.8662840        1.0000000        2.0254410        1.0000000        2.2361148        1.0000000       0.81499069        1.0000000        1.0001232        1.0000000        1.2260644 
       1.0000000        1.0000000        1.0000000        1.0000000      0.071000000        8.7186897        8.6324141       0.13573408       0.14050361      0.081796932      0.083784802      0.042687373      0.041767335       0.69306008       0.70335445       0.67365962       0.68977475       0.67755117       0.68721898        1.0000000        1.8637027        1.0000000        2.0231183        1.0000000        2.2367748        1.0000000       0.81240938        1.0000000       0.99780052        1.0000000        1.2267245 
       1.0000000        1.0000000        1.0000000        1.0000000      0.072000000        8.6783919        8.5931870       0.13558466       0.14030904      0.081650897      0.083663995      0.042608137      0.041719130       0.69228818       0.70289022       0.67336664       0.68955350       0.67752958       0.68678309        1.0000000        1.8623431        1.0000000        2.0224129        1.0000000        2.2347055        1.0000000       0.81104982        1.0000000       0.99709510        1.0000000        1.2246551 
       1.0000000        1.0000000        1.0000000        1.0000000      0.073000000        8.6347701        8.5506071       0.13513292       0.14064789      0.081263725      0.084004536      0.042283200      0.041902315       0.69116507       0.70300079       0.67274988       0.69072420       0.67701002       0.68767721        1.0000000        1.8628690        1.0000000        2.0269140        1.0000000        2.2392208        1.0000000       0.81157571        1.0000000        1.0015962        1.0000000        1.2291705 
       1.0000000        1.0000000        1.0000000        1.0000000      0.074000000        8.6018052        8.5186563       0.13506477       0.14076828      0.081300730      0.084180896      0.042326016      0.041952859       0.69079998       0.70277366       0.67289315       0.69072891       0.67704516       0.68795623        1.0000000        1.8621194        1.0000000        2.0269012        1.0000000        2.2416234        1.0000000       0.81082615        1.0000000        1.0015834        1.0000000        1.2315731 
       1.0000000        1.0000000        1.0000000        1.0000000      0.075000000        8.5733845        8.4912233       0.13498237       0.14104947      0.081333457      0.084425411      0.042316013      0.042032530       0.69002765       0.70250641       0.67287284       0.69117783       0.67705532       0.68820056        1.0000000        1.8614866        1.0000000        2.0285969        1.0000000        2.2431690        1.0000000       0.81019335        1.0000000        1.0032790        1.0000000        1.2331186 
       1.0000000        1.0000000        1.0000000        1.0000000      0.076000000        8.5221553        8.4409562       0.13481896       0.14053931      0.081244841      0.084085589      0.042325344      0.041868806       0.68956816       0.70118124       0.67283747       0.69088688       0.67713211       0.68856940        1.0000000        1.8574877        1.0000000        2.0266186        1.0000000        2.2422197        1.0000000       0.80619440        1.0000000        1.0013008        1.0000000        1.2321694 
       1.0000000        1.0000000        1.0000000        1.0000000      0.077000000        8.5012349        8.4209733       0.13441625       0.13999945      0.080815841      0.083831896      0.041989931      0.041753049       0.68859205       0.70025724       0.67171398       0.69073140       0.67602615       0.68870831        1.0000000        1.8543090        1.0000000        2.0255494        1.0000000        2.2416539        1.0000000       0.80301566        1.0000000        1.0002316        1.0000000        1.2316036 
       1.0000000        1.0000000        1.0000000        1.0000000      0.078000000        8.4719686        8.3926211       0.13448625       0.14000648      0.080942724      0.083861836      0.042030330      0.041705269       0.68823952       0.69966140       0.67189900       0.69022591       0.67628549       0.68868360        1.0000000        1.8526843        1.0000000        2.0236703        1.0000000        2.2412778        1.0000000       0.80139101        1.0000000       0.99835246        1.0000000        1.2312275 
       1.0000000        1.0000000        1.0000000        1.0000000      0.079000000        8.4198118        8.3414437       0.13429949       0.14010363      0.080590003      0.083914040      0.041584898      0.041678910       0.68764762       0.69961319       0.67163185       0.69033265       0.67590563       0.68892370        1.0000000        1.8526645        1.0000000        2.0243790        1.0000000        2.2415332        1.0000000       0.80137119        1.0000000       0.99906121        1.0000000        1.2314828 
       1.0000000        1.0000000        1.0000000        1.0000000      0.080000000        8.4030323        8.3255318       0.13439772       0.13985628      0.080766104      0.083677845      0.041672138      0.041351212       0.68729017       0.69969007       0.67215255       0.68895872       0.67636166       0.68577663        1.0000000        1.8528262        1.0000000        2.0198825        1.0000000        2.2316715        1.0000000       0.80153293        1.0000000       0.99456465        1.0000000        1.2216211 
       1.0000000        1.0000000        1.0000000        1.0000000      0.081000000        8.3980785        8.3214247       0.13428442       0.13982983      0.080696164      0.083656992      0.041603468      0.041418758       0.68641572       0.69968563       0.67165885       0.68913248       0.67581206       0.68634331        1.0000000        1.8526151        1.0000000        2.0202139        1.0000000        2.2339164        1.0000000       0.80132181        1.0000000       0.99489611        1.0000000        1.2238661 
       1.0000000        1.0000000        1.0000000        1.0000000      0.082000000        8.3736558        8.2978285       0.13415761       0.13967599      0.080865879      0.083585153      0.041852159      0.041402154       0.68563057       0.69928185       0.67146564       0.68892827       0.67607217       0.68627925        1.0000000        1.8513645        1.0000000        2.0188432        1.0000000        2.2324995        1.0000000       0.80007117        1.0000000       0.99352543        1.0000000        1.2224492 
       1.0000000        1.0000000        1.0000000        1.0000000      0.083000000        8.3417041        8.2666841       0.13370990       0.13993101      0.080545410      0.083834908      0.041527229      0.041590759       0.68497836       0.70010777       0.67125723       0.69017756       0.67595902       0.68687157        1.0000000        1.8535116        1.0000000        2.0232462        1.0000000        2.2359738        1.0000000       0.80221826        1.0000000       0.99792834        1.0000000        1.2259235 
       1.0000000        1.0000000        1.0000000        1.0000000      0.084000000        8.2959776        8.2217461       0.13378948       0.14009430      0.080610707      0.083984914      0.041517359      0.041747691       0.68466335       0.70060224       0.67182651       0.69117209       0.67611737       0.68749186        1.0000000        1.8547814        1.0000000        2.0265778        1.0000000        2.2388160        1.0000000       0.80348812        1.0000000        1.0012600        1.0000000        1.2287656 
       1.0000000        1.0000000        1.0000000        1.0000000      0.085000000        8.2737117        8.2002507       0.13369455       0.14041984      0.080561296      0.084277363      0.041549899      0.041888962       0.68418746       0.70061282       0.67176757       0.69137006       0.67553535       0.68805523        1.0000000        1.8550210        1.0000000        2.0275623        1.0000000        2.2422310        1.0000000       0.80372772        1.0000000        1.0022444        1.0000000        1.2321806 
       1.0000000        1.0000000        1.0000000        1.0000000      0.086000000        8.2673249        8.1946171       0.13365841       0.14040428      0.080592243      0.084258525      0.041566113      0.041838826       0.68376363       0.70043723       0.67156581       0.69142325       0.67550047       0.68799519        1.0000000        1.8544995        1.0000000        2.0277092        1.0000000        2.2414065        1.0000000       0.80320620        1.0000000        1.0023914        1.0000000        1.2313562 
       1.0000000        1.0000000        1.0000000        1.0000000      0.087000000        8.2344871        8.1625157       0.13375266       0.14054953      0.080661534      0.084394725      0.041531515      0.041891268       0.68363227       0.70069903       0.67168762       0.69186132       0.67530229       0.68804666        1.0000000        1.8552790        1.0000000        2.0294538        1.0000000        2.2422226        1.0000000       0.80398573        1.0000000        1.0041360        1.0000000        1.2321723 
       1.0000000        1.0000000        1.0000000        1.0000000      0.088000000        8.2104446        8.1391934       0.13372912       0.14052811      0.080675542      0.084327751      0.041549573      0.041902326       0.68335748       0.70137033       0.67160986       0.69261526       0.67534613       0.68854751        1.0000000        1.8569015        1.0000000        2.0317815        1.0000000        2.2441178        1.0000000       0.80560825        1.0000000        1.0064637        1.0000000        1.2340674 
       1.0000000        1.0000000        1.0000000        1.0000000      0.089000000        8.1773926        8.1068459       0.13397870       0.14042494      0.080936933      0.084366560      0.041742125      0.041990945       0.68347387       0.70102818       0.67201906       0.69271259       0.67501520       0.68920128        1.0000000        1.8558057        1.0000000        2.0319796        1.0000000        2.2467990        1.0000000       0.80451243        1.0000000        1.0066618        1.0000000        1.2367487 
       1.0000000        1.0000000        1.0000000        1.0000000      0.090000000        8.1645372        8.0947480       0.13382907       0.14042057      0.080747368      0.084461700      0.041528681      0.042042156       0.68285681       0.70075195       0.67172565       0.69283846       0.67464419       0.68937211        1.0000000        1.8549949        1.0000000        2.0322177        1.0000000        2.2480316        1.0000000       0.80370159        1.0000000        1.0068999        1.0000000        1.2379812 
       1.0000000        1.0000000        1.0000000        1.0000000      0.091000000        8.1634812        8.0943654       0.13387091       0.14045176      0.080783056      0.084472939      0.041487551      0.041980135       0.68272879       0.70047694       0.67172913       0.69321765       0.67451026       0.68904714        1.0000000        1.8542003        1.0000000        2.0333544        1.0000000        2.2465145        1.0000000       0.80290699        1.0000000        1.0080365        1.0000000        1.2364641 
       1.0000000        1.0000000        1.0000000        1.0000000      0.092000000        8.1475603        8.0791037       0.13380161       0.13999475      0.080754326      0.084160064      0.041450527      0.041831775       0.68223682       0.69939559       0.67155101       0.69262868       0.67447874       0.68856310        1.0000000        1.8510253        1.0000000        2.0304052        1.0000000        2.2424304        1.0000000       0.79973205        1.0000000        1.0050874        1.0000000        1.2323801 
       1.0000000        1.0000000        1.0000000        1.0000000      0.093000000        8.1285746        8.0607635       0.13383610       0.14032807      0.080802746      0.084419224      0.041516745      0.041909895       0.68181713       0.69981013       0.67150887       0.69314520       0.67448074       0.68911386        1.0000000        1.8522544        1.0000000        2.0324393        1.0000000        2.2466946        1.0000000       0.80096112        1.0000000        1.0071215        1.0000000        1.2366443 
       1.0000000        1.0000000        1.0000000        1.0000000      0.094000000        8.1076740        8.0404952       0.13389137       0.14030556      0.080861299      0.084360114      0.041549889      0.041887651       0.68141931       0.69987017       0.67192599       0.69331081       0.67417764       0.68920898        1.0000000        1.8522871        1.0000000        2.0328610        1.0000000        2.2466050        1.0000000       0.80099379        1.0000000        1.0075432        1.0000000        1.2365547 
       1.0000000        1.0000000        1.0000000        1.0000000      0.095000000        8.0768613        8.0103021       0.13388958       0.14026587      0.080872126      0.084298517      0.041552498      0.041856911       0.68111772       0.69967862       0.67216533       0.69330242       0.67432643       0.68897725        1.0000000        1.8517311        1.0000000        2.0327057        1.0000000        2.2451690        1.0000000       0.80043783        1.0000000        1.0073878        1.0000000        1.2351186 
       1.0000000        1.0000000        1.0000000        1.0000000      0.096000000        8.0558867        7.9899346       0.13397294       0.14011484      0.080908456      0.084287424      0.041448559      0.041946784       0.68102763       0.69931941       0.67242451       0.69349621       0.67417282       0.68985786        1.0000000        1.8505761        1.0000000        2.0325462        1.0000000        2.2472256        1.0000000       0.79928280        1.0000000        1.0072284        1.0000000        1.2371752 
       1.0000000        1.0000000        1.0000000        1.0000000      0.097000000        8.0309885        7.9656315       0.13401025       0.14019001      0.081040242      0.084378055      0.041676266      0.041954948       0.68067957       0.69924363       0.67217528       0.69373926       0.67448310       0.69000687        1.0000000        1.8503408        1.0000000        2.0333968        1.0000000        2.2481681        1.0000000       0.79904754        1.0000000        1.0080790        1.0000000        1.2381177 
       1.0000000        1.0000000        1.0000000        1.0000000      0.098000000        8.0073862        7.9426127       0.13403229       0.14015727      0.081102475      0.084371812      0.041793425      0.042034182       0.68059085       0.69926510       0.67220794       0.69376927       0.67468772       0.69047785        1.0000000        1.8503815        1.0000000        2.0337634        1.0000000        2.2501517        1.0000000       0.79908817        1.0000000        1.0084456        1.0000000        1.2401013 
       1.0000000        1.0000000        1.0000000        1.0000000      0.099000000        7.9996357        7.9354343       0.13405959       0.14013550      0.081195820      0.084319457      0.041893732      0.041881679       0.68056144       0.69900264       0.67254434       0.69348041       0.67548891       0.68988759        1.0000000        1.8497540        1.0000000        2.0330151        1.0000000        2.2473641        1.0000000       0.79846067        1.0000000        1.0076973        1.0000000        1.2373138 
       1.0000000        1.0000000        1.0000000        1.0000000       0.10000000        7.9808850        7.9172448       0.13407945       0.14019389      0.081332724      0.084260161      0.042062299      0.041837421       0.68014859       0.69940869       0.67359296       0.69314247       0.67651654       0.68969775        1.0000000        1.8510305        1.0000000        2.0324398        1.0000000        2.2465829        1.0000000       0.79973717        1.0000000        1.0071220        1.0000000        1.2365326 
       1.0000000        1.0000000        1.0000000        1.0000000       0.10100000        7.9460198        7.8829846       0.13403960       0.14034082      0.081293883      0.084505390      0.042003143      0.042084266       0.67974247       0.69946411       0.67315970       0.69393252       0.67600171       0.69134788        1.0000000        1.8510368        1.0000000        2.0347708        1.0000000        2.2530871        1.0000000       0.79974347        1.0000000        1.0094530        1.0000000        1.2430368 
       1.0000000        1.0000000        1.0000000        1.0000000       0.10200000        7.9359128        7.8734167       0.13414544       0.14052579      0.081403084      0.084640726      0.042123462      0.042089815       0.67972557       0.69964087       0.67367323       0.69416816       0.67627392       0.69157500        1.0000000        1.8515912        1.0000000        2.0357184        1.0000000        2.2538735        1.0000000       0.80029786        1.0000000        1.0104006        1.0000000        1.2438231 
       1.0000000        1.0000000        1.0000000        1.0000000       0.10300000        7.9144989        7.8525319       0.13426622       0.14060222      0.081462611      0.084703477      0.042040371      0.042080730       0.67978908       0.69968281       0.67405227       0.69468319       0.67617180       0.69151807        1.0000000        1.8517195        1.0000000        2.0374725        1.0000000        2.2538171        1.0000000       0.80042616        1.0000000        1.0121547        1.0000000        1.2437668 
       1.0000000        1.0000000        1.0000000        1.0000000       0.10400000        7.8852649        7.8238173       0.13440854       0.14050062      0.081601199      0.084644677      0.042131583      0.042067204       0.67992530       0.69928378       0.67422185       0.69520085       0.67634633       0.69138109        1.0000000        1.8504557        1.0000000        2.0386433        1.0000000        2.2526291        1.0000000       0.79916238        1.0000000        1.0133255        1.0000000        1.2425788 
       1.0000000        1.0000000        1.0000000        1.0000000       0.10500000        7.8587892        7.7978516       0.13440671       0.14042640      0.081629091      0.084600427      0.042193087      0.042055978       0.67991067       0.69904418       0.67409235       0.69506861       0.67649806       0.69182287        1.0000000        1.8497580        1.0000000        2.0379978        1.0000000        2.2527791        1.0000000       0.79846474        1.0000000        1.0126799        1.0000000        1.2427288 
       1.0000000        1.0000000        1.0000000        1.0000000       0.10600000        7.8488914        7.7884546       0.13431435       0.14038139      0.081510362      0.084504771      0.042117047      0.042056955       0.67956058       0.69897012       0.67375598       0.69506011       0.67636135       0.69149616        1.0000000        1.8495392        1.0000000        2.0379225        1.0000000        2.2508941        1.0000000       0.79824591        1.0000000        1.0126047        1.0000000        1.2408438 
       1.0000000        1.0000000        1.0000000        1.0000000       0.10700000        7.8269212        7.7669763       0.13419379       0.14057756      0.081404817      0.084671619      0.042058126      0.042126897       0.67926659       0.69923697       0.67347642       0.69547458       0.67642221       0.69212745        1.0000000        1.8503771        1.0000000        2.0393150        1.0000000        2.2538616        1.0000000       0.79908378        1.0000000        1.0139972        1.0000000        1.2438113 
       1.0000000        1.0000000        1.0000000        1.0000000       0.10800000        7.8167523        7.7572905       0.13416217       0.14054560      0.081429972      0.084653895      0.042117236      0.042106670       0.67906570       0.69932633       0.67335236       0.69507180       0.67631883       0.69194878        1.0000000        1.8507847        1.0000000        2.0384251        1.0000000        2.2537516        1.0000000       0.79949145        1.0000000        1.0131073        1.0000000        1.2437013 
       1.0000000        1.0000000        1.0000000        1.0000000       0.10900000        7.7997531        7.7407661       0.13415922       0.14088030      0.081422380      0.084844413      0.042121314      0.042173584       0.67914588       0.69998820       0.67357722       0.69558763       0.67682558       0.69238822        1.0000000        1.8528271        1.0000000        2.0407777        1.0000000        2.2562450        1.0000000       0.80153377        1.0000000        1.0154599        1.0000000        1.2461946 
       1.0000000        1.0000000        1.0000000        1.0000000       0.11000000        7.7707331        7.7122125       0.13414564       0.14114837      0.081492608      0.085061190      0.042213581      0.042414691       0.67899612       0.70069837       0.67380930       0.69640664       0.67711960       0.69275487        1.0000000        1.8546895        1.0000000        2.0438460        1.0000000        2.2599002        1.0000000       0.80339617        1.0000000        1.0185282        1.0000000        1.2498498 
       1.0000000        1.0000000        1.0000000        1.0000000       0.11100000        7.7388900        7.6808280       0.13416219       0.14138783      0.081496435      0.085258070      0.042170567      0.042494528       0.67887070       0.70080371       0.67373813       0.69669168       0.67657714       0.69267224        1.0000000        1.8551848        1.0000000        2.0449342        1.0000000        2.2604430        1.0000000       0.80389146        1.0000000        1.0196164        1.0000000        1.2503926 
       1.0000000        1.0000000        1.0000000        1.0000000       0.11200000        7.7099566        7.6523452       0.13401034       0.14146691      0.081424578      0.085331939      0.042103749      0.042530744       0.67839125       0.70096634       0.67333088       0.69724208       0.67607085       0.69307425        1.0000000        1.8556337        1.0000000        2.0469360        1.0000000        2.2616058        1.0000000       0.80434042        1.0000000        1.0216182        1.0000000        1.2515555 
       1.0000000        1.0000000        1.0000000        1.0000000       0.11300000        7.6826428        7.6255184       0.13401961       0.14143958      0.081426662      0.085259206      0.042114029      0.042476988       0.67848780       0.70110192       0.67334960       0.69741772       0.67601494       0.69264757        1.0000000        1.8560529        1.0000000        2.0475360        1.0000000        2.2595669        1.0000000       0.80475959        1.0000000        1.0222182        1.0000000        1.2495166 
       1.0000000        1.0000000        1.0000000        1.0000000       0.11400000        7.6646915        7.6080022       0.13404356       0.14166590      0.081507891      0.085572529      0.042250641      0.042759833       0.67825383       0.70171092       0.67332653       0.69842811       0.67614480       0.69464352        1.0000000        1.8575937        1.0000000        2.0508490        1.0000000        2.2690704        1.0000000       0.80630036        1.0000000        1.0255312        1.0000000        1.2590200 
       1.0000000        1.0000000        1.0000000        1.0000000       0.11500000        7.6425346        7.5862730       0.13408341       0.14163012      0.081508718      0.085521071      0.042260705      0.042702015       0.67834487       0.70128521       0.67319308       0.69792798       0.67585956       0.69452584        1.0000000        1.8564431        1.0000000        2.0491691        1.0000000        2.2680875        1.0000000       0.80514980        1.0000000        1.0238513        1.0000000        1.2580371 
       1.0000000        1.0000000        1.0000000        1.0000000       0.11600000        7.6265668        7.5707260       0.13384092       0.14157984      0.081171237      0.085462876      0.041912313      0.042690453       0.67782624       0.70092415       0.67242682       0.69816145       0.67471710       0.69368649        1.0000000        1.8555123        1.0000000        2.0498600        1.0000000        2.2657957        1.0000000       0.80421901        1.0000000        1.0245422        1.0000000        1.2557454 
       1.0000000        1.0000000        1.0000000        1.0000000       0.11700000        7.6067915        7.5513647       0.13385869       0.14124892      0.081199130      0.085143280      0.041903475      0.042436709       0.67764933       0.70009041       0.67232347       0.69712679       0.67438056       0.69217209        1.0000000        1.8532005        1.0000000        2.0464851        1.0000000        2.2585425        1.0000000       0.80190720        1.0000000        1.0211673        1.0000000        1.2484922 
       1.0000000        1.0000000        1.0000000        1.0000000       0.11800000        7.5836902        7.5286708       0.13389757       0.14109187      0.081208463      0.085110189      0.041870368      0.042411933       0.67774668       0.69913364       0.67238897       0.69666788       0.67432873       0.69163698        1.0000000        1.8504539        1.0000000        2.0440167        1.0000000        2.2553487        1.0000000       0.79916058        1.0000000        1.0186989        1.0000000        1.2452984 
       1.0000000        1.0000000        1.0000000        1.0000000       0.11900000        7.5739430        7.5193244       0.13370862       0.14088884      0.081045691      0.084579984      0.041739130      0.041499428       0.67725351       0.69831310       0.67219017       0.69547750       0.67392515       0.68971576        1.0000000        1.8483548        1.0000000        2.0392373        1.0000000        2.2409578        1.0000000       0.79706150        1.0000000        1.0139195        1.0000000        1.2309074 
       1.0000000        1.0000000        1.0000000        1.0000000       0.12000000        7.5501466        7.4959225       0.13366491       0.14094102      0.081088908      0.084634367      0.041862450      0.041505225       0.67732196       0.69798941       0.67270303       0.69527027       0.67466793       0.68984284        1.0000000        1.8475143        1.0000000        2.0384316        1.0000000        2.2416125        1.0000000       0.79622104        1.0000000        1.0131138        1.0000000        1.2315622 
       1.0000000        1.0000000        1.0000000        1.0000000       0.12100000        7.5400017        7.4861658       0.13380910       0.14099242      0.081240070      0.084688590      0.042001198      0.041552260       0.67754989       0.69828087       0.67343658       0.69539841       0.67506491       0.69028914        1.0000000        1.8483316        1.0000000        2.0387797        1.0000000        2.2436364        1.0000000       0.79703827        1.0000000        1.0134619        1.0000000        1.2335860 
       1.0000000        1.0000000        1.0000000        1.0000000       0.12200000        7.5194626        7.4660091       0.13384622       0.14109940      0.081244934      0.084810117      0.041933297      0.041554783       0.67758409       0.69854970       0.67347813       0.69572620       0.67485437       0.69057725        1.0000000        1.8490746        1.0000000        2.0397929        1.0000000        2.2451218        1.0000000       0.79778135        1.0000000        1.0144751        1.0000000        1.2350715 
       1.0000000        1.0000000        1.0000000        1.0000000       0.12300000        7.5058565        7.4527794       0.13369995       0.14117157      0.081086389      0.084945048      0.041930083      0.041622266       0.67751132       0.69861760       0.67311256       0.69626788       0.67476498       0.69086394        1.0000000        1.8490914        1.0000000        2.0417505        1.0000000        2.2465849        1.0000000       0.79779807        1.0000000        1.0164327        1.0000000        1.2365345 
       1.0000000        1.0000000        1.0000000        1.0000000       0.12400000        7.4867488        7.4340791       0.13366015       0.14141616      0.081086320      0.085094064      0.042056203      0.041687961       0.67744766       0.69888038       0.67278206       0.69667029       0.67481975       0.69092164        1.0000000        1.8497832        1.0000000        2.0438295        1.0000000        2.2484491        1.0000000       0.79848987        1.0000000        1.0185117        1.0000000        1.2383988 
       1.0000000        1.0000000        1.0000000        1.0000000       0.12500000        7.4679381        7.4156329       0.13380876       0.14160990      0.081213429      0.085309993      0.042089345      0.041837231       0.67770634       0.69928702       0.67317896       0.69732117       0.67496010       0.69166991        1.0000000        1.8509275        1.0000000        2.0465829        1.0000000        2.2525051        1.0000000       0.79963420        1.0000000        1.0212651        1.0000000        1.2424547 
       1.0000000        1.0000000        1.0000000        1.0000000       0.12600000        7.4546321        7.4026858       0.13391385       0.14145828      0.081302770      0.085207041      0.042178377      0.041820651       0.67798881       0.69880411       0.67359710       0.69716448       0.67561060       0.69188594        1.0000000        1.8494922        1.0000000        2.0456940        1.0000000        2.2524471        1.0000000       0.79819887        1.0000000        1.0203762        1.0000000        1.2423968 
       1.0000000        1.0000000        1.0000000        1.0000000       0.12700000        7.4374381        7.3858456       0.13393954       0.13972758      0.081328810      0.083780261      0.042213260      0.041065168       0.67810887       0.69759171       0.67389821       0.69623707       0.67606730       0.69101965        1.0000000        1.8447050        1.0000000        2.0396171        1.0000000        2.2429117        1.0000000       0.79341170        1.0000000        1.0142993        1.0000000        1.2328614 
       1.0000000        1.0000000        1.0000000        1.0000000       0.12800000        7.4193943        7.3681502       0.13408371       0.13986072      0.081399236      0.083879075      0.042185231      0.041141773       0.67842764       0.69784014       0.67408671       0.69661998       0.67559373       0.69127646        1.0000000        1.8454579        1.0000000        2.0409849        1.0000000        2.2447452        1.0000000       0.79416460        1.0000000        1.0156671        1.0000000        1.2346948 
       1.0000000        1.0000000        1.0000000        1.0000000       0.12900000        7.3980914        7.3471906       0.13412833       0.13986286      0.081422385      0.083936882      0.042174441      0.041250272       0.67850376       0.69777827       0.67421812       0.69690958       0.67558661       0.69205697        1.0000000        1.8453829        1.0000000        2.0420400        1.0000000        2.2479316        1.0000000       0.79408957        1.0000000        1.0167222        1.0000000        1.2378813 
       1.0000000        1.0000000        1.0000000        1.0000000       0.13000000        7.3795195        7.3289571       0.13415690       0.14009251      0.081473705      0.084063929      0.042183891      0.041306994       0.67854636       0.69858310       0.67419828       0.69729546       0.67565209       0.69225289        1.0000000        1.8476391        1.0000000        2.0433542        1.0000000        2.2490204        1.0000000       0.79634582        1.0000000        1.0180364        1.0000000        1.2389700 
       1.0000000        1.0000000        1.0000000        1.0000000       0.13100000        7.3742997        7.3240708       0.13416667       0.13987812      0.081496739      0.083933311      0.042229824      0.041316075       0.67861886       0.69814277       0.67383610       0.69695885       0.67520121       0.69258730        1.0000000        1.8462804        1.0000000        2.0419152        1.0000000        2.2490834        1.0000000       0.79498706        1.0000000        1.0165974        1.0000000        1.2390330 
       1.0000000        1.0000000        1.0000000        1.0000000       0.13200000        7.3634818        7.3135816       0.13424057       0.13987089      0.081556102      0.083942274      0.042312455      0.041367208       0.67891919       0.69830986       0.67397709       0.69708847       0.67552298       0.69279377        1.0000000        1.8467266        1.0000000        2.0424079        1.0000000        2.2505244        1.0000000       0.79543332        1.0000000        1.0170901        1.0000000        1.2404740 
       1.0000000        1.0000000        1.0000000        1.0000000       0.13300000        7.3460295        7.2964534       0.13428794       0.13985720      0.081580795      0.083919737      0.042305255      0.041362832       0.67891867       0.69826840       0.67398652       0.69709712       0.67552387       0.69249601        1.0000000        1.8466353        1.0000000        2.0424867        1.0000000        2.2499741        1.0000000       0.79534203        1.0000000        1.0171689        1.0000000        1.2399238 
       1.0000000        1.0000000        1.0000000        1.0000000       0.13400000        7.3197302        7.2704736       0.13439154       0.13982045      0.081679342      0.083984429      0.042376456      0.041498088       0.67927108       0.69819041       0.67423519       0.69741391       0.67585491       0.69366220        1.0000000        1.8462808        1.0000000        2.0432047        1.0000000        2.2538545        1.0000000       0.79498747        1.0000000        1.0178869        1.0000000        1.2438041 
       1.0000000        1.0000000        1.0000000        1.0000000       0.13500000        7.2953611        7.2464508       0.13446435       0.14000421      0.081782136      0.084100168      0.042458372      0.041428820       0.67946869       0.69835261       0.67447585       0.69773880       0.67608357       0.69346789        1.0000000        1.8468769        1.0000000        2.0443156        1.0000000        2.2530093        1.0000000       0.79558357        1.0000000        1.0189978        1.0000000        1.2429590 
       1.0000000        1.0000000        1.0000000        1.0000000       0.13600000        7.2841667        7.2355666       0.13442511       0.14005896      0.081731382      0.084168987      0.042466834      0.041512333       0.67957340       0.69846789       0.67394181       0.69775621       0.67589531       0.69397275        1.0000000        1.8472317        1.0000000        2.0445606        1.0000000        2.2550712        1.0000000       0.79593844        1.0000000        1.0192428        1.0000000        1.2450209 
       1.0000000        1.0000000        1.0000000        1.0000000       0.13700000        7.2604346        7.2121405       0.13440239       0.13999955      0.081809623      0.084122280      0.042610498      0.041503135       0.67950420       0.69856503       0.67414571       0.69760904       0.67665912       0.69387585        1.0000000        1.8474057        1.0000000        2.0437573        1.0000000        2.2539369        1.0000000       0.79611237        1.0000000        1.0184395        1.0000000        1.2438865 
       1.0000000        1.0000000        1.0000000        1.0000000       0.13800000        7.2500159        7.2020236       0.13441980       0.13999455      0.081815715      0.084171800      0.042581401      0.041534904       0.67946839       0.69869372       0.67445325       0.69819602       0.67652039       0.69460477        1.0000000        1.8476363        1.0000000        2.0451276        1.0000000        2.2559915        1.0000000       0.79634301        1.0000000        1.0198098        1.0000000        1.2459412 
       1.0000000        1.0000000        1.0000000        1.0000000       0.13900000        7.2356004        7.1879058       0.13439919       0.14016691      0.081806236      0.084376050      0.042540322      0.041726991       0.67929853       0.69920218       0.67428835       0.69899681       0.67655209       0.69521574        1.0000000        1.8490936        1.0000000        2.0480696        1.0000000        2.2598862        1.0000000       0.79780034        1.0000000        1.0227518        1.0000000        1.2498359 
       1.0000000        1.0000000        1.0000000        1.0000000       0.14000000        7.2162181        7.1688172       0.13451046       0.14009424      0.081955309      0.084164740      0.042687199      0.041592222       0.67942200       0.69908723       0.67457208       0.69820428       0.67700158       0.69356915        1.0000000        1.8488831        1.0000000        2.0460339        1.0000000        2.2527044        1.0000000       0.79758978        1.0000000        1.0207161        1.0000000        1.2426541 
       1.0000000        1.0000000        1.0000000        1.0000000       0.14100000        7.2032753        7.1561642       0.13447442       0.14021289      0.081907676      0.084249688      0.042632480      0.041611849       0.67930558       0.69927642       0.67467398       0.69847800       0.67694219       0.69387025        1.0000000        1.8494644        1.0000000        2.0468232        1.0000000        2.2539801        1.0000000       0.79817110        1.0000000        1.0215054        1.0000000        1.2439298 
       1.0000000        1.0000000        1.0000000        1.0000000       0.14200000        7.1911289        7.1443038       0.13454527       0.14027417      0.082017984      0.084262472      0.042731990      0.041572639       0.67952072       0.69909890       0.67504871       0.69812918       0.67739792       0.69340571        1.0000000        1.8490700        1.0000000        2.0461404        1.0000000        2.2529054        1.0000000       0.79777673        1.0000000        1.0208226        1.0000000        1.2428551 
       1.0000000        1.0000000        1.0000000        1.0000000       0.14300000        7.1761227        7.1295797       0.13458129       0.14022078      0.082048158      0.084243508      0.042749464      0.041638952       0.67955808       0.69926316       0.67499145       0.69815214       0.67737707       0.69325780        1.0000000        1.8495397        1.0000000        2.0463805        1.0000000        2.2530914        1.0000000       0.79824642        1.0000000        1.0210627        1.0000000        1.2430411 
       1.0000000        1.0000000        1.0000000        1.0000000       0.14400000        7.1637870        7.1175226       0.13450160       0.14036347      0.081929931      0.084336805      0.042635675      0.041715552       0.67952160       0.69981020       0.67495122       0.69856001       0.67754498       0.69325138        1.0000000        1.8511025        1.0000000        2.0481298        1.0000000        2.2540184        1.0000000       0.79980923        1.0000000        1.0228120        1.0000000        1.2439681 
       1.0000000        1.0000000        1.0000000        1.0000000       0.14500000        7.1427787        7.0967892       0.13459471       0.14034687      0.081997283      0.084347054      0.042624107      0.041688282       0.67958539       0.69976246       0.67500364       0.69892402       0.67726229       0.69370967        1.0000000        1.8508669        1.0000000        2.0488617        1.0000000        2.2544489        1.0000000       0.79957356        1.0000000        1.0235439        1.0000000        1.2443986 
       1.0000000        1.0000000        1.0000000        1.0000000       0.14600000        7.1237780        7.0780599       0.13458101       0.14005228      0.081979160      0.084062147      0.042613339      0.041408575       0.67953214       0.69903193       0.67495447       0.69816977       0.67722731       0.69289046        1.0000000        1.8489290        1.0000000        2.0462137        1.0000000        2.2492861        1.0000000       0.79763568        1.0000000        1.0208959        1.0000000        1.2392358 
       1.0000000        1.0000000        1.0000000        1.0000000       0.14700000        7.1085495        7.0631259       0.13447868       0.14054833      0.081891816      0.084318238      0.042593068      0.041428759       0.67953650       0.70031868       0.67514243       0.69896693       0.67800247       0.69283916        1.0000000        1.8527174        1.0000000        2.0492943        1.0000000        2.2502359        1.0000000       0.80142408        1.0000000        1.0239765        1.0000000        1.2401855 
       1.0000000        1.0000000        1.0000000        1.0000000       0.14800000        7.0943588        7.0491993       0.13456666       0.14022658      0.082001395      0.084067759      0.042700775      0.041326144       0.67979727       0.69973720       0.67549616       0.69823820       0.67836380       0.69185313        1.0000000        1.8511378        1.0000000        2.0468856        1.0000000        2.2452696        1.0000000       0.79984450        1.0000000        1.0215678        1.0000000        1.2352193 
       1.0000000        1.0000000        1.0000000        1.0000000       0.14900000        7.0887880        7.0438894       0.13465199       0.14029924      0.082065759      0.084139626      0.042730223      0.041388439       0.67998134       0.69975020       0.67553985       0.69848330       0.67817179       0.69254660        1.0000000        1.8512580        1.0000000        2.0476690        1.0000000        2.2465904        1.0000000       0.79996469        1.0000000        1.0223512        1.0000000        1.2365400 
       1.0000000        1.0000000        1.0000000        1.0000000       0.15000000        7.0680971        7.0234560       0.13464850       0.14028195      0.082040146      0.084127425      0.042687325      0.041395410       0.68001908       0.69977645       0.67566683       0.69854146       0.67808533       0.69272145        1.0000000        1.8512983        1.0000000        2.0478016        1.0000000        2.2467840        1.0000000       0.80000505        1.0000000        1.0224838        1.0000000        1.2367336 
       1.0000000        1.0000000        1.0000000        1.0000000       0.15100000        7.0521558        7.0077692       0.13461118       0.14030737      0.082018505      0.084084336      0.042708886      0.041430982       0.67984395       0.70005101       0.67548338       0.69879375       0.67830922       0.69320095        1.0000000        1.8521276        1.0000000        2.0483209        1.0000000        2.2471125        1.0000000       0.80083433        1.0000000        1.0230031        1.0000000        1.2370621 
       1.0000000        1.0000000        1.0000000        1.0000000       0.15200000        7.0453021        7.0011667       0.13459691       0.14047185      0.081914176      0.084176759      0.042600093      0.041431208       0.68013518       0.70061733       0.67555440       0.69881064       0.67840309       0.69335754        1.0000000        1.8537255        1.0000000        2.0486215        1.0000000        2.2485934        1.0000000       0.80243223        1.0000000        1.0233037        1.0000000        1.2385430 
       1.0000000        1.0000000        1.0000000        1.0000000       0.15300000        7.0254322        6.9815449       0.13447061       0.14029083      0.081905100      0.084046225      0.042644929      0.041359810       0.67959886       0.70024735       0.67487708       0.69837819       0.67809283       0.69316386        1.0000000        1.8526514        1.0000000        2.0469691        1.0000000        2.2475388        1.0000000       0.80135815        1.0000000        1.0216513        1.0000000        1.2374885 
       1.0000000        1.0000000        1.0000000        1.0000000       0.15400000        7.0074243        6.9637821       0.13449168       0.14022886      0.081910234      0.083992056      0.042666353      0.041334723       0.67950884       0.69974690       0.67469771       0.69789310       0.67804534       0.69322904        1.0000000        1.8513471        1.0000000        2.0453748        1.0000000        2.2478171        1.0000000       0.80005376        1.0000000        1.0200570        1.0000000        1.2377667 
       1.0000000        1.0000000        1.0000000        1.0000000       0.15500000        6.9929870        6.9495870       0.13459158       0.14033142      0.082018789      0.084049977      0.042782603      0.041267108       0.67969658       0.70007732       0.67501346       0.69821889       0.67889858       0.69301416        1.0000000        1.8522875        1.0000000        2.0464480        1.0000000        2.2468113        1.0000000       0.80099417        1.0000000        1.0211301        1.0000000        1.2367609 
       1.0000000        1.0000000        1.0000000        1.0000000       0.15600000        6.9868247        6.9436640       0.13446162       0.14040206      0.081760863      0.084089795      0.042566307      0.041253088       0.67942879       0.69999928       0.67402031       0.69815402       0.67772793       0.69290665        1.0000000        1.8521639        1.0000000        2.0463941        1.0000000        2.2467078        1.0000000       0.80087057        1.0000000        1.0210763        1.0000000        1.2366574 
       1.0000000        1.0000000        1.0000000        1.0000000       0.15700000        6.9768858        6.9339615       0.13439000       0.14034799      0.081703587      0.084020386      0.042592914      0.041228900       0.67930554       0.69984012       0.67358023       0.69790080       0.67814656       0.69264003        1.0000000        1.8517848        1.0000000        2.0455955        1.0000000        2.2454862        1.0000000       0.80049147        1.0000000        1.0202777        1.0000000        1.2354359 
       1.0000000        1.0000000        1.0000000        1.0000000       0.15800000        6.9573798        6.9147123       0.13438269       0.14039714      0.081670227      0.084089771      0.042559695      0.041264717       0.67933908       0.70001257       0.67349999       0.69811986       0.67792966       0.69289987        1.0000000        1.8522021        1.0000000        2.0462714        1.0000000        2.2463839        1.0000000       0.80090878        1.0000000        1.0209535        1.0000000        1.2363335 
       1.0000000        1.0000000        1.0000000        1.0000000       0.15900000        6.9357131        6.8932762       0.13443936       0.14030002      0.081730874      0.084038252      0.042608685      0.041210390       0.67953383       0.69971462       0.67373642       0.69802806       0.67837869       0.69260579        1.0000000        1.8513612        1.0000000        2.0459810        1.0000000        2.2454628        1.0000000       0.80006786        1.0000000        1.0206632        1.0000000        1.2354125 
       1.0000000        1.0000000        1.0000000        1.0000000       0.16000000        6.9231642        6.8809552       0.13441477       0.14038276      0.081719878      0.084132052      0.042623860      0.041255912       0.67955383       0.69995840       0.67402386       0.69825559       0.67872429       0.69251409        1.0000000        1.8520716        1.0000000        2.0471501        1.0000000        2.2460874        1.0000000       0.80077833        1.0000000        1.0218323        1.0000000        1.2360370 
