
       1.0000000        1.0000000        1.0000000        1.0000000      0.035000000        10.351939        10.183871       0.14616875       0.14635766      0.083717822      0.083973403      0.041284452      0.042313532       0.74815722       0.74731466       0.70135940       0.69914589       0.68292590       0.68451922        1.0000000        1.9915424        1.0000000        2.0523235        1.0000000        2.2260608        1.0000000       0.94024910        1.0000000        1.0270057        1.0000000        1.2160105 
       1.0000000        1.0000000        1.0000000        1.0000000      0.036000000        10.275452        10.112016       0.14522025       0.14521570      0.083519574      0.083455633      0.041504802      0.042447580       0.74579253       0.74314290       0.70027712       0.69666439       0.68290172       0.68479810        1.0000000        1.9802000        1.0000000        2.0435444        1.0000000        2.2277727        1.0000000       0.92890666        1.0000000        1.0182266        1.0000000        1.2177223 
       1.0000000        1.0000000        1.0000000        1.0000000      0.037000000        10.169178        10.010099       0.14484597       0.14404576      0.083185708      0.082572746      0.041360999      0.041650114       0.74365760       0.74167038       0.69897232       0.69599042       0.68153283       0.68261388        1.0000000        1.9743703        1.0000000        2.0395991        1.0000000        2.2142282        1.0000000       0.92307703        1.0000000        1.0142813        1.0000000        1.2041779 
       1.0000000        1.0000000        1.0000000        1.0000000      0.038000000        10.057314        9.9023390       0.14444965       0.14331805      0.083267286      0.082418337      0.041639722      0.041451805       0.74171595       0.73939323       0.69794821       0.69495882       0.68245097       0.68276254        1.0000000        1.9675395        1.0000000        2.0363853        1.0000000        2.2139968        1.0000000       0.91624624        1.0000000        1.0110675        1.0000000        1.2039465 
       1.0000000        1.0000000        1.0000000        1.0000000      0.039000000        10.001659        9.8505592       0.14383601       0.14296887      0.083278429      0.082238364      0.041923357      0.040999000       0.73912648       0.73747995       0.69678744       0.69391977       0.68208308       0.68218201        1.0000000        1.9612805        1.0000000        2.0328856        1.0000000        2.2107048        1.0000000       0.90998716        1.0000000        1.0075678        1.0000000        1.2006544 
       1.0000000        1.0000000        1.0000000        1.0000000      0.040000000        9.9594883        9.8120541       0.14328417       0.14318815      0.083378032      0.082816466      0.042465824      0.041579316       0.73625777       0.73571998       0.69465277       0.69437525       0.68118810       0.68372787        1.0000000        1.9562876        1.0000000        2.0353765        1.0000000        2.2219393        1.0000000       0.90499431        1.0000000        1.0100587        1.0000000        1.2118889 
       1.0000000        1.0000000        1.0000000        1.0000000      0.041000000        9.8598701        9.7159084       0.14304886       0.14267312      0.083353865      0.082467080      0.042503758      0.041421875       0.73461048       0.73407722       0.69380118       0.69326931       0.68128938       0.68344457        1.0000000        1.9512817        1.0000000        2.0313452        1.0000000        2.2197648        1.0000000       0.89998844        1.0000000        1.0060274        1.0000000        1.2097145 
       1.0000000        1.0000000        1.0000000        1.0000000      0.042000000        9.8012931        9.6606266       0.14248384       0.14199215      0.083131086      0.082056973      0.042260467      0.041167442       0.73180991       0.73176625       0.69211422       0.69219742       0.67988981       0.68283535        1.0000000        1.9448497        1.0000000        2.0269522        1.0000000        2.2173625        1.0000000       0.89355643        1.0000000        1.0016344        1.0000000        1.2073122 
       1.0000000        1.0000000        1.0000000        1.0000000      0.043000000        9.7427492        9.6052142       0.14207297       0.14181086      0.083029292      0.082056253      0.042266141      0.041157847       0.73028449       0.73035328       0.69116300       0.69147055       0.68032026       0.68281283        1.0000000        1.9406521        1.0000000        2.0240771        1.0000000        2.2159553        1.0000000       0.88935876        1.0000000       0.99875932        1.0000000        1.2059050 
       1.0000000        1.0000000        1.0000000        1.0000000      0.044000000        9.6799956        9.5454408       0.14181469       0.14141656      0.082846698      0.081905812      0.042024348      0.040955595       0.72830128       0.72845018       0.68984814       0.69058246       0.67926049       0.68133087        1.0000000        1.9351565        1.0000000        2.0214961        1.0000000        2.2095952        1.0000000       0.88386322        1.0000000       0.99617828        1.0000000        1.1995449 
       1.0000000        1.0000000        1.0000000        1.0000000      0.045000000        9.5907918        9.4593538       0.14122987       0.14107770      0.082162746      0.081571393      0.041279421      0.040280830       0.72527319       0.72681284       0.68662593       0.68812741       0.67684600       0.67822389        1.0000000        1.9308568        1.0000000        2.0136602        1.0000000        2.1950458        1.0000000       0.87956350        1.0000000       0.98834240        1.0000000        1.1849955 
       1.0000000        1.0000000        1.0000000        1.0000000      0.046000000        9.5216251        9.3928845       0.14080874       0.14099218      0.081978496      0.081558538      0.041269949      0.040094438       0.72333170       0.72491903       0.68541673       0.68709414       0.67626069       0.67699360        1.0000000        1.9257155        1.0000000        2.0110824        1.0000000        2.1907016        1.0000000       0.87442224        1.0000000       0.98576455        1.0000000        1.1806512 
       1.0000000        1.0000000        1.0000000        1.0000000      0.047000000        9.4785903        9.3524270       0.14031009       0.14098071      0.081746888      0.081677265      0.041146687      0.040240484       0.72124638       0.72319938       0.68415415       0.68644618       0.67600401       0.67774310        1.0000000        1.9213042        1.0000000        2.0097039        1.0000000        2.1940886        1.0000000       0.87001087        1.0000000       0.98438607        1.0000000        1.1840383 
       1.0000000        1.0000000        1.0000000        1.0000000      0.048000000        9.4084077        9.2847095       0.14006476       0.14111855      0.081694560      0.081961624      0.041141179      0.040158263       0.72003190       0.72280081       0.68345770       0.68694607       0.67583500       0.67684318        1.0000000        1.9194719        1.0000000        2.0111847        1.0000000        2.1914337        1.0000000       0.86817859        1.0000000       0.98586693        1.0000000        1.1813834 
       1.0000000        1.0000000        1.0000000        1.0000000      0.049000000        9.3807647        9.2594270       0.13958529       0.14083966      0.081682303      0.081974310      0.041282218      0.040220869       0.71794019       0.72038139       0.68266286       0.68603528       0.67598614       0.67694051        1.0000000        1.9130270        1.0000000        2.0087890        1.0000000        2.1915657        1.0000000       0.86173373        1.0000000       0.98347119        1.0000000        1.1815154 
       1.0000000        1.0000000        1.0000000        1.0000000      0.050000000        9.3834165        9.2643415       0.13895848       0.14098044      0.081235849      0.082204926      0.041156442      0.040302152       0.71579981       0.71833447       0.68131432       0.68620451       0.67498965       0.67787766        1.0000000        1.9075060        1.0000000        2.0099238        1.0000000        2.1959022        1.0000000       0.85621271        1.0000000       0.98460603        1.0000000        1.1858518 
       1.0000000        1.0000000        1.0000000        1.0000000      0.051000000        9.3413791        9.2244751       0.13859298       0.14061814      0.081062537      0.082274555      0.041092622      0.040464525       0.71377350       0.71683019       0.68029865       0.68584229       0.67444517       0.67828718        1.0000000        1.9026891        1.0000000        2.0086651        1.0000000        2.1981501        1.0000000       0.85139581        1.0000000       0.98334728        1.0000000        1.1880997 
       1.0000000        1.0000000        1.0000000        1.0000000      0.052000000        9.3167769        9.2019579       0.13823028       0.14041528      0.081070158      0.082250343      0.041244865      0.040452603       0.71202875       0.71453875       0.67956567       0.68500688       0.67449998       0.67863690        1.0000000        1.8963698        1.0000000        2.0066461        1.0000000        2.1998259        1.0000000       0.84507651        1.0000000       0.98132830        1.0000000        1.1897755 
       1.0000000        1.0000000        1.0000000        1.0000000      0.053000000        9.3293907        9.2165758       0.13787880       0.14006837      0.081149343      0.082182541      0.041401570      0.040280307       0.70968154       0.71251322       0.67880688       0.68515917       0.67484296       0.67794883        1.0000000        1.8903440        1.0000000        2.0066293        1.0000000        2.1967617        1.0000000       0.83905073        1.0000000       0.98131151        1.0000000        1.1867114 
       1.0000000        1.0000000        1.0000000        1.0000000      0.054000000        9.3101197        9.1992329       0.13748348       0.13943962      0.081038256      0.081804505      0.041268963      0.040094593       0.70797613       0.71135873       0.67829138       0.68478783       0.67520064       0.67735835        1.0000000        1.8868093        1.0000000        2.0042147        1.0000000        2.1929514        1.0000000       0.83551600        1.0000000       0.97889690        1.0000000        1.1829010 
       1.0000000        1.0000000        1.0000000        1.0000000      0.055000000        9.2592124        9.1501822       0.13725314       0.13924622      0.080794279      0.081769786      0.041055119      0.040063744       0.70670347       0.71032724       0.67741555       0.68427258       0.67551065       0.67712914        1.0000000        1.8839838        1.0000000        2.0026636        1.0000000        2.1917269        1.0000000       0.83269055        1.0000000       0.97734579        1.0000000        1.1816765 
       1.0000000        1.0000000        1.0000000        1.0000000      0.056000000        9.1813078        9.0742418       0.13717470       0.13918250      0.080886163      0.081771937      0.041196205      0.040071667       0.70574206       0.70938290       0.67703262       0.68408196       0.67551962       0.67748949        1.0000000        1.8813452        1.0000000        2.0021747        1.0000000        2.1929028        1.0000000       0.83005191        1.0000000       0.97685686        1.0000000        1.1828524 
       1.0000000        1.0000000        1.0000000        1.0000000      0.057000000        9.1230105        9.0176635       0.13687381       0.13911047      0.080832633      0.081705927      0.041129771      0.039969258       0.70503674       0.70860069       0.67684592       0.68420515       0.67601591       0.67698122        1.0000000        1.8790159        1.0000000        2.0026586        1.0000000        2.1904608        1.0000000       0.82772262        1.0000000       0.97734082        1.0000000        1.1804104 
       1.0000000        1.0000000        1.0000000        1.0000000      0.058000000        9.1019556        8.9982676       0.13676771       0.13910601      0.080867605      0.081714687      0.041086818      0.039953028       0.70413821       0.70775667       0.67666004       0.68496522       0.67642383       0.67655688        1.0000000        1.8766442        1.0000000        2.0053992        1.0000000        2.1890930        1.0000000       0.82535095        1.0000000       0.98008135        1.0000000        1.1790426 
       1.0000000        1.0000000        1.0000000        1.0000000      0.059000000        9.0437526        8.9416667       0.13670654       0.13917432      0.080987055      0.081833734      0.041253948      0.040037546       0.70300984       0.70707364       0.67644561       0.68505510       0.67663665       0.67699421        1.0000000        1.8749016        1.0000000        2.0062881        1.0000000        2.1918895        1.0000000       0.82360827        1.0000000       0.98097027        1.0000000        1.1818391 
       1.0000000        1.0000000        1.0000000        1.0000000      0.060000000        9.0132353        8.9126978       0.13661064       0.13948731      0.080905402      0.082133399      0.041168647      0.040372899       0.70209862       0.70701573       0.67588378       0.68590048       0.67546954       0.67854602        1.0000000        1.8748145        1.0000000        2.0092807        1.0000000        2.1994514        1.0000000       0.82352119        1.0000000       0.98396289        1.0000000        1.1894010 
       1.0000000        1.0000000        1.0000000        1.0000000      0.061000000        8.9781688        8.8791286       0.13653345       0.13953119      0.081007817      0.082275445      0.041292551      0.040503318       0.70098087       0.70649840       0.67543656       0.68593717       0.67587019       0.67930692        1.0000000        1.8735918        1.0000000        2.0098814        1.0000000        2.2033364        1.0000000       0.82229852        1.0000000       0.98456361        1.0000000        1.1932861 
       1.0000000        1.0000000        1.0000000        1.0000000      0.062000000        8.9132021        8.8156107       0.13635795       0.13881967      0.080914407      0.081935193      0.041189329      0.040531067       0.70002156       0.70441377       0.67477358       0.68473085       0.67508108       0.67900667        1.0000000        1.8672691        1.0000000        2.0051092        1.0000000        2.2023901        1.0000000       0.81597581        1.0000000       0.97979143        1.0000000        1.1923397 
       1.0000000        1.0000000        1.0000000        1.0000000      0.063000000        8.8711474        8.7749587       0.13625785       0.13809448      0.080805511      0.081338835      0.041041736      0.040122782       0.69914391       0.70253743       0.67411451       0.68244207       0.67451576       0.67669990        1.0000000        1.8617158        1.0000000        1.9963938        1.0000000        2.1892408        1.0000000       0.81042255        1.0000000       0.97107603        1.0000000        1.1791904 
       1.0000000        1.0000000        1.0000000        1.0000000      0.064000000        8.8376557        8.7428260       0.13614916       0.13817845      0.080897506      0.081512603      0.041053902      0.040296687       0.69805783       0.70229931       0.67400481       0.68299823       0.67467645       0.67779656        1.0000000        1.8609802        1.0000000        1.9986487        1.0000000        2.1950044        1.0000000       0.80968691        1.0000000       0.97333085        1.0000000        1.1849540 
       1.0000000        1.0000000        1.0000000        1.0000000      0.065000000        8.8012239        8.7077114       0.13576443       0.13815093      0.080647263      0.081521436      0.041053274      0.040411254       0.69681535       0.70203223       0.67285050       0.68314067       0.67408394       0.67852190        1.0000000        1.8600400        1.0000000        1.9989308        1.0000000        2.1978139        1.0000000       0.80874671        1.0000000       0.97361303        1.0000000        1.1877636 
       1.0000000        1.0000000        1.0000000        1.0000000      0.066000000        8.7626747        8.6704395       0.13558072       0.13816971      0.080615593      0.081517548      0.041176821      0.040212038       0.69609280       0.70133315       0.67242696       0.68341610       0.67421281       0.67767297        1.0000000        1.8580487        1.0000000        1.9998293        1.0000000        2.1935460        1.0000000       0.80675542        1.0000000       0.97451145        1.0000000        1.1834957 
       1.0000000        1.0000000        1.0000000        1.0000000      0.067000000        8.7449795        8.6541057       0.13566531       0.13856415      0.080848729      0.081815767      0.041640139      0.040264857       0.69566397       0.70108952       0.67213950       0.68388571       0.67439579       0.67789396        1.0000000        1.8575111        1.0000000        2.0019536        1.0000000        2.1955477        1.0000000       0.80621782        1.0000000       0.97663577        1.0000000        1.1854974 
       1.0000000        1.0000000        1.0000000        1.0000000      0.068000000        8.7067135        8.6170394       0.13562946       0.13871757      0.080973178      0.082007892      0.041803408      0.040513902       0.69491520       0.70167417       0.67225856       0.68475442       0.67553709       0.67939357        1.0000000        1.8588438        1.0000000        2.0048584        1.0000000        2.2021396        1.0000000       0.80755047        1.0000000       0.97954057        1.0000000        1.1920892 
       1.0000000        1.0000000        1.0000000        1.0000000      0.069000000        8.6836076        8.5950988       0.13553529       0.13909380      0.080971605      0.082229341      0.041821357      0.040616234       0.69427807       0.70198516       0.67212081       0.68527520       0.67570186       0.68009607        1.0000000        1.8597877        1.0000000        2.0067198        1.0000000        2.2047243        1.0000000       0.80849444        1.0000000       0.98140198        1.0000000        1.1946740 
       1.0000000        1.0000000        1.0000000        1.0000000      0.070000000        8.6516683        8.5642919       0.13552847       0.13951636      0.081186643      0.082642640      0.042193150      0.040829846       0.69348661       0.70196887       0.67207092       0.68579781       0.67606204       0.68096247        1.0000000        1.8600095        1.0000000        2.0092185        1.0000000        2.2095315        1.0000000       0.80871619        1.0000000       0.98390071        1.0000000        1.1994811 
       1.0000000        1.0000000        1.0000000        1.0000000      0.071000000        8.6083492        8.5220737       0.13547169       0.13948559      0.081347159      0.082894661      0.042362774      0.041071488       0.69289915       0.70091658       0.67233813       0.68568107       0.67661910       0.68162885        1.0000000        1.8568107        1.0000000        2.0087684        1.0000000        2.2140312        1.0000000       0.80551742        1.0000000       0.98345060        1.0000000        1.2039808 
       1.0000000        1.0000000        1.0000000        1.0000000      0.072000000        8.5636127        8.4784079       0.13532925       0.13915199      0.081215604      0.082619554      0.042300075      0.040890841       0.69217011       0.70020074       0.67187073       0.68496727       0.67665649       0.68064906        1.0000000        1.8547618        1.0000000        2.0063522        1.0000000        2.2087743        1.0000000       0.80346847        1.0000000       0.98103437        1.0000000        1.1987240 
       1.0000000        1.0000000        1.0000000        1.0000000      0.073000000        8.5228443        8.4386813       0.13493824       0.13949060      0.080875597      0.082983116      0.041995427      0.041072835       0.69111403       0.70003652       0.67127503       0.68608359       0.67624634       0.68134726        1.0000000        1.8545437        1.0000000        2.0108675        1.0000000        2.2129903        1.0000000       0.80325038        1.0000000       0.98554965        1.0000000        1.2029400 
       1.0000000        1.0000000        1.0000000        1.0000000      0.074000000        8.4914467        8.4082979       0.13488227       0.13961641      0.080887428      0.083190189      0.042044685      0.041161523       0.69082009       0.69985167       0.67123857       0.68618545       0.67606678       0.68176917        1.0000000        1.8538887        1.0000000        2.0112500        1.0000000        2.2158142        1.0000000       0.80259543        1.0000000       0.98593222        1.0000000        1.2057638 
       1.0000000        1.0000000        1.0000000        1.0000000      0.075000000        8.4584546        8.3762933       0.13482946       0.13991164      0.080924667      0.083440963      0.042034348      0.041279197       0.69001881       0.69942967       0.67128176       0.68654963       0.67612163       0.68227770        1.0000000        1.8529000        1.0000000        2.0129564        1.0000000        2.2187344        1.0000000       0.80160667        1.0000000       0.98763856        1.0000000        1.2086841 
       1.0000000        1.0000000        1.0000000        1.0000000      0.076000000        8.4058426        8.3246435       0.13466195       0.13944880      0.080843071      0.083163906      0.042095479      0.041188233       0.68959993       0.69817635       0.67120292       0.68606300       0.67629876       0.68286215        1.0000000        1.8490681        1.0000000        2.0102041        1.0000000        2.2193177        1.0000000       0.79777481        1.0000000       0.98488631        1.0000000        1.2092674 
       1.0000000        1.0000000        1.0000000        1.0000000      0.077000000        8.3800946        8.2998330       0.13430888       0.13886433      0.080466080      0.082855429      0.041775475      0.040996848       0.68870875       0.69704937       0.67022558       0.68576180       0.67529243       0.68239928        1.0000000        1.8453204        1.0000000        2.0086990        1.0000000        2.2164870        1.0000000       0.79402710        1.0000000       0.98338123        1.0000000        1.2064367 
       1.0000000        1.0000000        1.0000000        1.0000000      0.078000000        8.3489048        8.2695574       0.13434638       0.13888400      0.080554380      0.082899176      0.041808493      0.040985021       0.68833985       0.69640613       0.67029482       0.68549570       0.67559830       0.68237040        1.0000000        1.8436177        1.0000000        2.0074954        1.0000000        2.2160465        1.0000000       0.79232438        1.0000000       0.98217758        1.0000000        1.2059961 
       1.0000000        1.0000000        1.0000000        1.0000000      0.079000000        8.2956099        8.2172418       0.13417750       0.13896552      0.080211109      0.082972961      0.041387456      0.041002781       0.68796269       0.69624389       0.67019792       0.68563095       0.67540080       0.68242496        1.0000000        1.8432671        1.0000000        2.0083327        1.0000000        2.2158346        1.0000000       0.79197385        1.0000000       0.98301491        1.0000000        1.2057842 
       1.0000000        1.0000000        1.0000000        1.0000000      0.080000000        8.2807134        8.2032128       0.13421024       0.13867780      0.080334918      0.082665060      0.041466771      0.040643421       0.68756541       0.69570099       0.67032189       0.68468444       0.67563523       0.67909606        1.0000000        1.8417777        1.0000000        2.0052562        1.0000000        2.2035796        1.0000000       0.79048441        1.0000000       0.97993840        1.0000000        1.1935293 
       1.0000000        1.0000000        1.0000000        1.0000000      0.081000000        8.2720227        8.1953688       0.13412819       0.13838859      0.080323195      0.082555596      0.041420930      0.040679982       0.68661132       0.69521203       0.67013996       0.68418676       0.67536249       0.67950267        1.0000000        1.8401851        1.0000000        2.0029947        1.0000000        2.2057347        1.0000000       0.78889180        1.0000000       0.97767690        1.0000000        1.1956843 
       1.0000000        1.0000000        1.0000000        1.0000000      0.082000000        8.2416545        8.1658272       0.13398179       0.13818829      0.080446149      0.082462269      0.041611830      0.040671449       0.68565884       0.69452428       0.66992082       0.68383302       0.67556026       0.67995566        1.0000000        1.8381056        1.0000000        2.0011709        1.0000000        2.2055517        1.0000000       0.78681233        1.0000000       0.97585306        1.0000000        1.1955014 
       1.0000000        1.0000000        1.0000000        1.0000000      0.083000000        8.2112549        8.1362349       0.13350687       0.13843889      0.080102142      0.082747842      0.041288725      0.040883829       0.68479785       0.69511376       0.66952042       0.68523154       0.67549684       0.68091880        1.0000000        1.8396694        1.0000000        2.0061846        1.0000000        2.2107955        1.0000000       0.78837606        1.0000000       0.98086684        1.0000000        1.2007451 
       1.0000000        1.0000000        1.0000000        1.0000000      0.084000000        8.1632642        8.0890327       0.13354536       0.13837318      0.080180684      0.082750460      0.041274549      0.041026500       0.68430819       0.69521945       0.66998926       0.68580391       0.67580553       0.68135533        1.0000000        1.8398359        1.0000000        2.0076976        1.0000000        2.2124645        1.0000000       0.78854259        1.0000000       0.98237978        1.0000000        1.2024141 
       1.0000000        1.0000000        1.0000000        1.0000000      0.085000000        8.1425372        8.0690762       0.13343929       0.13864172      0.080121608      0.083022280      0.041338211      0.041199175       0.68376689       0.69510688       0.66999289       0.68598598       0.67577522       0.68172346        1.0000000        1.8397397        1.0000000        2.0084305        1.0000000        2.2145162        1.0000000       0.78844640        1.0000000       0.98311265        1.0000000        1.2044659 
       1.0000000        1.0000000        1.0000000        1.0000000      0.086000000        8.1334182        8.0607104       0.13344608       0.13857715      0.080168105      0.082964285      0.041351325      0.041123205       0.68329133       0.69482703       0.66997232       0.68585036       0.67569156       0.68147740        1.0000000        1.8388970        1.0000000        2.0078787        1.0000000        2.2132682        1.0000000       0.78760366        1.0000000       0.98256084        1.0000000        1.2032179 
       1.0000000        1.0000000        1.0000000        1.0000000      0.087000000        8.0985528        8.0265814       0.13351803       0.13867053      0.080211885      0.083048066      0.041313683      0.041143956       0.68317072       0.69492266       0.67022342       0.68581522       0.67553581       0.68122204        1.0000000        1.8391676        1.0000000        2.0080912        1.0000000        2.2128323        1.0000000       0.78787430        1.0000000       0.98277338        1.0000000        1.2027819 
       1.0000000        1.0000000        1.0000000        1.0000000      0.088000000        8.0725811        8.0013298       0.13354096       0.13847737      0.080251808      0.082967782      0.041332014      0.041149959       0.68295506       0.69465231       0.67035875       0.68612192       0.67503901       0.68208236        1.0000000        1.8379769        1.0000000        2.0085118        1.0000000        2.2162937        1.0000000       0.78668361        1.0000000       0.98319400        1.0000000        1.2062434 
       1.0000000        1.0000000        1.0000000        1.0000000      0.089000000        8.0398655        7.9693188       0.13374885       0.13835429      0.080485264      0.082999910      0.041510342      0.041235757       0.68311522       0.69415861       0.67070473       0.68633243       0.67453104       0.68257790        1.0000000        1.8364111        1.0000000        2.0090501        1.0000000        2.2182220        1.0000000       0.78511777        1.0000000       0.98373227        1.0000000        1.2081717 
       1.0000000        1.0000000        1.0000000        1.0000000      0.090000000        8.0299568        7.9601676       0.13362139       0.13830566      0.080282176      0.083054691      0.041289795      0.041289873       0.68260751       0.69359496       0.67036016       0.68627661       0.67412113       0.68280850        1.0000000        1.8348020        1.0000000        2.0088168        1.0000000        2.2194752        1.0000000       0.78350866        1.0000000       0.98349902        1.0000000        1.2094249 
       1.0000000        1.0000000        1.0000000        1.0000000      0.091000000        8.0277396        7.9586237       0.13364066       0.13821640      0.080300755      0.083031115      0.041229574      0.041330059       0.68248467       0.69321595       0.67045409       0.68550982       0.67403393       0.68314190        1.0000000        1.8337483        1.0000000        2.0061279        1.0000000        2.2196115        1.0000000       0.78245500        1.0000000       0.98081011        1.0000000        1.2095611 
       1.0000000        1.0000000        1.0000000        1.0000000      0.092000000        8.0129797        7.9445231       0.13359962       0.13782223      0.080315378      0.082671313      0.041198723      0.041098816       0.68209873       0.69207159       0.67050450       0.68438209       0.67401784       0.68221986        1.0000000        1.8306203        1.0000000        2.0020455        1.0000000        2.2142073        1.0000000       0.77932698        1.0000000       0.97672770        1.0000000        1.2041569 
       1.0000000        1.0000000        1.0000000        1.0000000      0.093000000        7.9947927        7.9269816       0.13362913       0.13819853      0.080374091      0.082973005      0.041275950      0.041208980       0.68179934       0.69245557       0.67061378       0.68514781       0.67423944       0.68284224        1.0000000        1.8317203        1.0000000        2.0050501        1.0000000        2.2185426        1.0000000       0.78042704        1.0000000       0.97973234        1.0000000        1.2084923 
       1.0000000        1.0000000        1.0000000        1.0000000      0.094000000        7.9752571        7.9080783       0.13369028       0.13811758      0.080430904      0.082881279      0.041344876      0.041137614       0.68147209       0.69224227       0.67074617       0.68510494       0.67460772       0.68270900        1.0000000        1.8310313        1.0000000        2.0048764        1.0000000        2.2176393        1.0000000       0.77973804        1.0000000       0.97955864        1.0000000        1.2075889 
       1.0000000        1.0000000        1.0000000        1.0000000      0.095000000        7.9459131        7.8793539       0.13370044       0.13801280      0.080455613      0.082785251      0.041343570      0.041078249       0.68115678       0.69186344       0.67104059       0.68458878       0.67472230       0.68221395        1.0000000        1.8299113        1.0000000        2.0032775        1.0000000        2.2155189        1.0000000       0.77861798        1.0000000       0.97795969        1.0000000        1.2054685 
       1.0000000        1.0000000        1.0000000        1.0000000      0.096000000        7.9231328        7.8571807       0.13375532       0.13786731      0.080485203      0.082745309      0.041256095      0.041125537       0.68111955       0.69140633       0.67118162       0.68459114       0.67476433       0.68280981        1.0000000        1.8285052        1.0000000        2.0027255        1.0000000        2.2163653        1.0000000       0.77721190        1.0000000       0.97740772        1.0000000        1.2063149 
       1.0000000        1.0000000        1.0000000        1.0000000      0.097000000        7.8945508        7.8291938       0.13377195       0.13796014      0.080597014      0.082842627      0.041429399      0.041141433       0.68067301       0.69128002       0.67116598       0.68468591       0.67458216       0.68283436        1.0000000        1.8282151        1.0000000        2.0032684        1.0000000        2.2164171        1.0000000       0.77692183        1.0000000       0.97795055        1.0000000        1.2063668 
       1.0000000        1.0000000        1.0000000        1.0000000      0.098000000        7.8716054        7.8068319       0.13365446       0.13799817      0.080608442      0.082876313      0.041541661      0.041189594       0.68005981       0.69139196       0.67085624       0.68510728       0.67478422       0.68316604        1.0000000        1.8285705        1.0000000        2.0049863        1.0000000        2.2179228        1.0000000       0.77727720        1.0000000       0.97966847        1.0000000        1.2078724 
       1.0000000        1.0000000        1.0000000        1.0000000      0.099000000        7.8656519        7.8014505       0.13360713       0.13798505      0.080648728      0.082817096      0.041638416      0.041026315       0.67979600       0.69099731       0.67089979       0.68482106       0.67546891       0.68236227        1.0000000        1.8276044        1.0000000        2.0042787        1.0000000        2.2144011        1.0000000       0.77631114        1.0000000       0.97896094        1.0000000        1.2043508 
       1.0000000        1.0000000        1.0000000        1.0000000       0.10000000        7.8504329        7.7867926       0.13359015       0.13812109      0.080663724      0.082818701      0.041736051      0.040993131       0.67953110       0.69132145       0.67090114       0.68509371       0.67565874       0.68221540        1.0000000        1.8286602        1.0000000        2.0054791        1.0000000        2.2142643        1.0000000       0.77736686        1.0000000       0.98016127        1.0000000        1.2042140 
       1.0000000        1.0000000        1.0000000        1.0000000       0.10100000        7.8147693        7.7517340       0.13349940       0.13827195      0.080601951      0.083047765      0.041710751      0.041233290       0.67899738       0.69145253       0.67043100       0.68550220       0.67521089       0.68357945        1.0000000        1.8289409        1.0000000        2.0066477        1.0000000        2.2200396        1.0000000       0.77764759        1.0000000       0.98132987        1.0000000        1.2099893 
       1.0000000        1.0000000        1.0000000        1.0000000       0.10200000        7.8026278        7.7401317       0.13361160       0.13844347      0.080731138      0.083165804      0.041834164      0.041240966       0.67894803       0.69149924       0.67095913       0.68572010       0.67551228       0.68352286        1.0000000        1.8291024        1.0000000        2.0073772        1.0000000        2.2198122        1.0000000       0.77780907        1.0000000       0.98205943        1.0000000        1.2097619 
       1.0000000        1.0000000        1.0000000        1.0000000       0.10300000        7.7777833        7.7158164       0.13371094       0.13856363      0.080766812      0.083253071      0.041758385      0.041231881       0.67910987       0.69164981       0.67125085       0.68597329       0.67532599       0.68368211        1.0000000        1.8296319        1.0000000        2.0085167        1.0000000        2.2207111        1.0000000       0.77833864        1.0000000       0.98319892        1.0000000        1.2106607 
       1.0000000        1.0000000        1.0000000        1.0000000       0.10400000        7.7519272        7.6904796       0.13382117       0.13854110      0.080901351      0.083280475      0.041838897      0.041279940       0.67912589       0.69143740       0.67142031       0.68634186       0.67554559       0.68395493        1.0000000        1.8289119        1.0000000        2.0094525        1.0000000        2.2219246        1.0000000       0.77761863        1.0000000       0.98413470        1.0000000        1.2118743 
       1.0000000        1.0000000        1.0000000        1.0000000       0.10500000        7.7275992        7.6666617       0.13377537       0.13843141      0.080885927      0.083193749      0.041865812      0.041234556       0.67901336       0.69132771       0.67098756       0.68621273       0.67521655       0.68407170        1.0000000        1.8285440        1.0000000        2.0088118        1.0000000        2.2211638        1.0000000       0.77725074        1.0000000       0.98349399        1.0000000        1.2111134 
       1.0000000        1.0000000        1.0000000        1.0000000       0.10600000        7.7173652        7.6569284       0.13369872       0.13821730      0.080789490      0.082998544      0.041786010      0.041183517       0.67874837       0.69079056       0.67074830       0.68553410       0.67519783       0.68342340        1.0000000        1.8269735        1.0000000        2.0062924        1.0000000        2.2177188        1.0000000       0.77568025        1.0000000       0.98097462        1.0000000        1.2076685 
       1.0000000        1.0000000        1.0000000        1.0000000       0.10700000        7.6950951        7.6351501       0.13362336       0.13859731      0.080723118      0.083316099      0.041755707      0.041336252       0.67835932       0.69130645       0.67067481       0.68642996       0.67552558       0.68414866        1.0000000        1.8286271        1.0000000        2.0095503        1.0000000        2.2215268        1.0000000       0.77733385        1.0000000       0.98423247        1.0000000        1.2114765 
       1.0000000        1.0000000        1.0000000        1.0000000       0.10800000        7.6860772        7.6266155       0.13359381       0.13862924      0.080758040      0.083338449      0.041806975      0.041310091       0.67809055       0.69144187       0.67059064       0.68631747       0.67543216       0.68393001        1.0000000        1.8290899        1.0000000        2.0097211        1.0000000        2.2220135        1.0000000       0.77779660        1.0000000       0.98440332        1.0000000        1.2119631 
       1.0000000        1.0000000        1.0000000        1.0000000       0.10900000        7.6706469        7.6116599       0.13356057       0.13892610      0.080745856      0.083490241      0.041829740      0.041343131       0.67810164       0.69208588       0.67058297       0.68670161       0.67602400       0.68410116        1.0000000        1.8310842        1.0000000        2.0115105        1.0000000        2.2231444        1.0000000       0.77979091        1.0000000       0.98619269        1.0000000        1.2130940 
       1.0000000        1.0000000        1.0000000        1.0000000       0.11000000        7.6413676        7.5828470       0.13355021       0.13898856      0.080808602      0.083529174      0.041909284      0.041415342       0.67800353       0.69215272       0.67073657       0.68687505       0.67621431       0.68397292        1.0000000        1.8311218        1.0000000        2.0121334        1.0000000        2.2242672        1.0000000       0.77982848        1.0000000       0.98681558        1.0000000        1.2142168 
       1.0000000        1.0000000        1.0000000        1.0000000       0.11100000        7.6093843        7.5513222       0.13354397       0.13922445      0.080803947      0.083711699      0.041862466      0.041520038       0.67794889       0.69232536       0.67065882       0.68688500       0.67569134       0.68399701        1.0000000        1.8318358        1.0000000        2.0124739        1.0000000        2.2252585        1.0000000       0.78054247        1.0000000       0.98715605        1.0000000        1.2152082 
       1.0000000        1.0000000        1.0000000        1.0000000       0.11200000        7.5805903        7.5229790       0.13338099       0.13948555      0.080716298      0.083883319      0.041805830      0.041596654       0.67741561       0.69312752       0.66998390       0.68758363       0.67496475       0.68436645        1.0000000        1.8342458        1.0000000        2.0152569        1.0000000        2.2271101        1.0000000       0.78295255        1.0000000       0.98993906        1.0000000        1.2170597 
       1.0000000        1.0000000        1.0000000        1.0000000       0.11300000        7.5554140        7.4982896       0.13339336       0.13937558      0.080726684      0.083767166      0.041827024      0.041518423       0.67745838       0.69298361       0.67005780       0.68751645       0.67491709       0.68397329        1.0000000        1.8337886        1.0000000        2.0149576        1.0000000        2.2251944        1.0000000       0.78249529        1.0000000       0.98963982        1.0000000        1.2151440 
       1.0000000        1.0000000        1.0000000        1.0000000       0.11400000        7.5369242        7.4802349       0.13339270       0.13958279      0.080810841      0.084026036      0.041946507      0.041754557       0.67722831       0.69373085       0.66995518       0.68859797       0.67506314       0.68556236        1.0000000        1.8357241        1.0000000        2.0184232        1.0000000        2.2327309        1.0000000       0.78443077        1.0000000       0.99310536        1.0000000        1.2226806 
       1.0000000        1.0000000        1.0000000        1.0000000       0.11500000        7.5145027        7.4582412       0.13342016       0.13956441      0.080819854      0.083975676      0.041980571      0.041719292       0.67710472       0.69326571       0.66992945       0.68819038       0.67497425       0.68532515        1.0000000        1.8344752        1.0000000        2.0170699        1.0000000        2.2315256        1.0000000       0.78318188        1.0000000       0.99175210        1.0000000        1.2214753 
       1.0000000        1.0000000        1.0000000        1.0000000       0.11600000        7.4957393        7.4398986       0.13317077       0.13957662      0.080472509      0.084017050      0.041670865      0.041784277       0.67654881       0.69321321       0.66913780       0.68805215       0.67379083       0.68526353        1.0000000        1.8343860        1.0000000        2.0169085        1.0000000        2.2316606        1.0000000       0.78309269        1.0000000       0.99159064        1.0000000        1.2216103 
       1.0000000        1.0000000        1.0000000        1.0000000       0.11700000        7.4779354        7.4225087       0.13317244       0.13916056      0.080476557      0.083625956      0.041651967      0.041522825       0.67632386       0.69228021       0.66904206       0.68666170       0.67351896       0.68350501        1.0000000        1.8317588        1.0000000        2.0122060        1.0000000        2.2228093        1.0000000       0.78046548        1.0000000       0.98688817        1.0000000        1.2127590 
       1.0000000        1.0000000        1.0000000        1.0000000       0.11800000        7.4532007        7.3981813       0.13318320       0.13884306      0.080493817      0.083419043      0.041631696      0.041467600       0.67627564       0.69126124       0.66906374       0.68534436       0.67337172       0.68190785        1.0000000        1.8289708        1.0000000        2.0074278        1.0000000        2.2150959        1.0000000       0.77767752        1.0000000       0.98211004        1.0000000        1.2050456 
       1.0000000        1.0000000        1.0000000        1.0000000       0.11900000        7.4391918        7.3845731       0.13300346       0.13846616      0.080339005      0.082752428      0.041509226      0.040425506       0.67586721       0.69011623       0.66884764       0.68414689       0.67307332       0.68014517        1.0000000        1.8256487        1.0000000        2.0021346        1.0000000        2.1999909        1.0000000       0.77435537        1.0000000       0.97681676        1.0000000        1.1899406 
       1.0000000        1.0000000        1.0000000        1.0000000       0.12000000        7.4149670        7.3607428       0.13295690       0.13847191      0.080365511      0.082749267      0.041625079      0.040424662       0.67592079       0.68999553       0.66921558       0.68373167       0.67369808       0.68020227        1.0000000        1.8253778        1.0000000        2.0007033        1.0000000        2.2001193        1.0000000       0.77408450        1.0000000       0.97538552        1.0000000        1.1900689 
       1.0000000        1.0000000        1.0000000        1.0000000       0.12100000        7.4049032        7.3510674       0.13304351       0.13843674      0.080482540      0.082751296      0.041761932      0.040436814       0.67601418       0.68984667       0.66942176       0.68374729       0.67412423       0.68011957        1.0000000        1.8249058        1.0000000        2.0006618        1.0000000        2.1999881        1.0000000       0.77361256        1.0000000       0.97534403        1.0000000        1.1899377 
       1.0000000        1.0000000        1.0000000        1.0000000       0.12200000        7.3856125        7.3321590       0.13302498       0.13851630      0.080439168      0.082854726      0.041663381      0.040449719       0.67583334       0.68993902       0.66919105       0.68403679       0.67379303       0.68034810        1.0000000        1.8251519        1.0000000        2.0015641        1.0000000        2.2015140        1.0000000       0.77385862        1.0000000       0.97624625        1.0000000        1.1914637 
       1.0000000        1.0000000        1.0000000        1.0000000       0.12300000        7.3745196        7.3214425       0.13290608       0.13860303      0.080309020      0.082996009      0.041670944      0.040528211       0.67578521       0.68997109       0.66898694       0.68470040       0.67392369       0.68067359        1.0000000        1.8250231        1.0000000        2.0040640        1.0000000        2.2032040        1.0000000       0.77372979        1.0000000       0.97874616        1.0000000        1.1931537 
       1.0000000        1.0000000        1.0000000        1.0000000       0.12400000        7.3589176        7.3062478       0.13288241       0.13889967      0.080352967      0.083141153      0.041793555      0.040576807       0.67558922       0.69048611       0.66885910       0.68511475       0.67392271       0.68069500        1.0000000        1.8265912        1.0000000        2.0062372        1.0000000        2.2046739        1.0000000       0.77529789        1.0000000       0.98091944        1.0000000        1.1946236 
       1.0000000        1.0000000        1.0000000        1.0000000       0.12500000        7.3403780        7.2880727       0.13296471       0.13909536      0.080419779      0.083326772      0.041814529      0.040693269       0.67564061       0.69067496       0.66893758       0.68568081       0.67395673       0.68117203        1.0000000        1.8271274        1.0000000        2.0086117        1.0000000        2.2077380        1.0000000       0.77583411        1.0000000       0.98329385        1.0000000        1.1976877 
       1.0000000        1.0000000        1.0000000        1.0000000       0.12600000        7.3232318        7.2712856       0.13304341       0.13896488      0.080488793      0.083226579      0.041891967      0.040664740       0.67579718       0.69039982       0.66923161       0.68556570       0.67453656       0.68143807        1.0000000        1.8262273        1.0000000        2.0079039        1.0000000        2.2078634        1.0000000       0.77493403        1.0000000       0.98258605        1.0000000        1.1978131 
       1.0000000        1.0000000        1.0000000        1.0000000       0.12700000        7.3063397        7.2547471       0.13305823       0.13701716      0.080495466      0.081606906      0.041913933      0.039798955       0.67582272       0.68896849       0.66939486       0.68406416       0.67481093       0.68064344        1.0000000        1.8205963        1.0000000        1.9996677        1.0000000        2.1972954        1.0000000       0.76930296        1.0000000       0.97434988        1.0000000        1.1872451 
       1.0000000        1.0000000        1.0000000        1.0000000       0.12800000        7.2884682        7.2372240       0.13315093       0.13713807      0.080509918      0.081705820      0.041857433      0.039857255       0.67602194       0.68919244       0.66933545       0.68421669       0.67389596       0.68079748        1.0000000        1.8212319        1.0000000        2.0004535        1.0000000        2.1985018        1.0000000       0.76993856        1.0000000       0.97513567        1.0000000        1.1884514 
       1.0000000        1.0000000        1.0000000        1.0000000       0.12900000        7.2682156        7.2173148       0.13319838       0.13716991      0.080552329      0.081754404      0.041856527      0.039941410       0.67614217       0.68922443       0.66960986       0.68435758       0.67399272       0.68117142        1.0000000        1.8213870        1.0000000        2.0010622        1.0000000        2.1999369        1.0000000       0.77009370        1.0000000       0.97574438        1.0000000        1.1898866 
       1.0000000        1.0000000        1.0000000        1.0000000       0.13000000        7.2512416        7.2006792       0.13322794       0.13726538      0.080603788      0.081864685      0.041873988      0.040005164       0.67615102       0.68915872       0.66972989       0.68451235       0.67414414       0.68136542        1.0000000        1.8211792        1.0000000        2.0015667        1.0000000        2.2006822        1.0000000       0.76988594        1.0000000       0.97624890        1.0000000        1.1906318 
       1.0000000        1.0000000        1.0000000        1.0000000       0.13100000        7.2445293        7.1943004       0.13323187       0.13709683      0.080680613      0.081778065      0.041940805      0.040042928       0.67590216       0.68870537       0.66958691       0.68427075       0.67431583       0.68157423        1.0000000        1.8197323        1.0000000        2.0004650        1.0000000        2.2014796        1.0000000       0.76843899        1.0000000       0.97514719        1.0000000        1.1914293 
       1.0000000        1.0000000        1.0000000        1.0000000       0.13200000        7.2339821        7.1840819       0.13333792       0.13718577      0.080757219      0.081846122      0.042019800      0.040077422       0.67626789       0.68896866       0.66987759       0.68446126       0.67466030       0.68159955        1.0000000        1.8204519        1.0000000        2.0013726        1.0000000        2.2022612        1.0000000       0.76915856        1.0000000       0.97605477        1.0000000        1.1922109 
       1.0000000        1.0000000        1.0000000        1.0000000       0.13300000        7.2172687        7.1676926       0.13339321       0.13713325      0.080803170      0.081785856      0.042026708      0.040053430       0.67626504       0.68886110       0.67006928       0.68442572       0.67481681       0.68132181        1.0000000        1.8201580        1.0000000        2.0013449        1.0000000        2.2012038        1.0000000       0.76886475        1.0000000       0.97602705        1.0000000        1.1911535 
       1.0000000        1.0000000        1.0000000        1.0000000       0.13400000        7.1913917        7.1421351       0.13348285       0.13712368      0.080890531      0.081854105      0.042087262      0.040164243       0.67640779       0.68891120       0.67030046       0.68490875       0.67509566       0.68222748        1.0000000        1.8202003        1.0000000        2.0026872        1.0000000        2.2042227        1.0000000       0.76890700        1.0000000       0.97736944        1.0000000        1.1941723 
       1.0000000        1.0000000        1.0000000        1.0000000       0.13500000        7.1677717        7.1188613       0.13351566       0.13736947      0.080942307      0.081954678      0.042134213      0.040072201       0.67634883       0.68952094       0.67025910       0.68514923       0.67497210       0.68194391        1.0000000        1.8219752        1.0000000        2.0038440        1.0000000        2.2032711        1.0000000       0.77068187        1.0000000       0.97852617        1.0000000        1.1932207 
       1.0000000        1.0000000        1.0000000        1.0000000       0.13600000        7.1560888        7.1074887       0.13345878       0.13751999      0.080886666      0.082092905      0.042140950      0.040166736       0.67609343       0.68961885       0.66976416       0.68556727       0.67465909       0.68252754        1.0000000        1.8223083        1.0000000        2.0053234        1.0000000        2.2060177        1.0000000       0.77101496        1.0000000       0.98000560        1.0000000        1.1959674 
       1.0000000        1.0000000        1.0000000        1.0000000       0.13700000        7.1338579        7.0855638       0.13341895       0.13745912      0.080948463      0.082072564      0.042271934      0.040164808       0.67596778       0.68975903       0.66983006       0.68565753       0.67542650       0.68262766        1.0000000        1.8225843        1.0000000        2.0053022        1.0000000        2.2060805        1.0000000       0.77129101        1.0000000       0.97998436        1.0000000        1.1960301 
       1.0000000        1.0000000        1.0000000        1.0000000       0.13800000        7.1244425        7.0764502       0.13332731       0.13754038      0.080914552      0.082201387      0.042240874      0.040241663       0.67560530       0.69023680       0.66948568       0.68646256       0.67519504       0.68349847        1.0000000        1.8237635        1.0000000        2.0075134        1.0000000        2.2093968        1.0000000       0.77247021        1.0000000       0.98219562        1.0000000        1.1993464 
       1.0000000        1.0000000        1.0000000        1.0000000       0.13900000        7.1129977        7.0653031       0.13334106       0.13774082      0.080907173      0.082389573      0.042186836      0.040404656       0.67550331       0.69070168       0.66928938       0.68706687       0.67499551       0.68380871        1.0000000        1.8251192        1.0000000        2.0098521        1.0000000        2.2121111        1.0000000       0.77382589        1.0000000       0.98453429        1.0000000        1.2020608 
       1.0000000        1.0000000        1.0000000        1.0000000       0.14000000        7.0940298        7.0466289       0.13346944       0.13734786      0.081047854      0.082066196      0.042326305      0.040345167       0.67588530       0.68978124       0.66963188       0.68569454       0.67553922       0.68269614        1.0000000        1.8225602        1.0000000        2.0052461        1.0000000        2.2065115        1.0000000       0.77126688        1.0000000       0.97992827        1.0000000        1.1964612 
       1.0000000        1.0000000        1.0000000        1.0000000       0.14100000        7.0811821        7.0340710       0.13342397       0.13756965      0.080994965      0.082218996      0.042288270      0.040421050       0.67577180       0.69030480       0.66965158       0.68631394       0.67555381       0.68331259        1.0000000        1.8240585        1.0000000        2.0073920        1.0000000        2.2093941        1.0000000       0.77276516        1.0000000       0.98207418        1.0000000        1.1993438 
       1.0000000        1.0000000        1.0000000        1.0000000       0.14200000        7.0682582        7.0214330       0.13348329       0.13763915      0.081075592      0.082284867      0.042368855      0.040409854       0.67584203       0.69020952       0.66972312       0.68631886       0.67575306       0.68306425        1.0000000        1.8238561        1.0000000        2.0076160        1.0000000        2.2088567        1.0000000       0.77256279        1.0000000       0.98229821        1.0000000        1.1988064 
       1.0000000        1.0000000        1.0000000        1.0000000       0.14300000        7.0515921        7.0050492       0.13353599       0.13756688      0.081131054      0.082242315      0.042387217      0.040434049       0.67601119       0.69017571       0.66994393       0.68624773       0.67584957       0.68275041        1.0000000        1.8237546        1.0000000        2.0074514        1.0000000        2.2079293        1.0000000       0.77246129        1.0000000       0.98213357        1.0000000        1.1978789 
       1.0000000        1.0000000        1.0000000        1.0000000       0.14400000        7.0392714        6.9930070       0.13344650       0.13770028      0.081008610      0.082345862      0.042262191      0.040514357       0.67605067       0.69075563       0.67001682       0.68678075       0.67605012       0.68296268        1.0000000        1.8253889        1.0000000        2.0095262        1.0000000        2.2098991        1.0000000       0.77409563        1.0000000       0.98420840        1.0000000        1.1998488 
       1.0000000        1.0000000        1.0000000        1.0000000       0.14500000        7.0190992        6.9731097       0.13350472       0.13763657      0.081052866      0.082307021      0.042248514      0.040478238       0.67614994       0.69057586       0.66999770       0.68691139       0.67576744       0.68325191        1.0000000        1.8247737        1.0000000        2.0095701        1.0000000        2.2102046        1.0000000       0.77348044        1.0000000       0.98425232        1.0000000        1.2001543 
       1.0000000        1.0000000        1.0000000        1.0000000       0.14600000        6.9983440        6.9526259       0.13351918       0.13745082      0.081057706      0.082079219      0.042252278      0.040223876       0.67627059       0.69009850       0.67009438       0.68619441       0.67584339       0.68257110        1.0000000        1.8236549        1.0000000        2.0072595        1.0000000        2.2061266        1.0000000       0.77236165        1.0000000       0.98194171        1.0000000        1.1960762 
       1.0000000        1.0000000        1.0000000        1.0000000       0.14700000        6.9833673        6.9379437       0.13342985       0.13778702      0.080961993      0.082290988      0.042248958      0.040289668       0.67630355       0.69063319       0.67030270       0.68674080       0.67666117       0.68300944        1.0000000        1.8252903        1.0000000        2.0093545        1.0000000        2.2083486        1.0000000       0.77399703        1.0000000       0.98403665        1.0000000        1.1982983 
       1.0000000        1.0000000        1.0000000        1.0000000       0.14800000        6.9675348        6.9223754       0.13347159       0.13772093      0.081030098      0.082169794      0.042339046      0.040222061       0.67641386       0.69046417       0.67046941       0.68644537       0.67690207       0.68228037        1.0000000        1.8249322        1.0000000        2.0085888        1.0000000        2.2041075        1.0000000       0.77363886        1.0000000       0.98327096        1.0000000        1.1940572 
       1.0000000        1.0000000        1.0000000        1.0000000       0.14900000        6.9625288        6.9176302       0.13352760       0.13777271      0.081111387      0.082207715      0.042360031      0.040290943       0.67634880       0.69049390       0.67057430       0.68672104       0.67664405       0.68304011        1.0000000        1.8251128        1.0000000        2.0095036        1.0000000        2.2055714        1.0000000       0.77381953        1.0000000       0.98418583        1.0000000        1.1955210 
       1.0000000        1.0000000        1.0000000        1.0000000       0.15000000        6.9406554        6.8960143       0.13351757       0.13776699      0.081086671      0.082199009      0.042322058      0.040299965       0.67645069       0.69046560       0.67070539       0.68678586       0.67660496       0.68306554        1.0000000        1.8249793        1.0000000        2.0097441        1.0000000        2.2057476        1.0000000       0.77368603        1.0000000       0.98442625        1.0000000        1.1956973 
       1.0000000        1.0000000        1.0000000        1.0000000       0.15100000        6.9264874        6.8821008       0.13349355       0.13766709      0.081056948      0.082113822      0.042323572      0.040290666       0.67638139       0.69022066       0.67054996       0.68676576       0.67674926       0.68297610        1.0000000        1.8242450        1.0000000        2.0094703        1.0000000        2.2038326        1.0000000       0.77295168        1.0000000       0.98415245        1.0000000        1.1937823 
       1.0000000        1.0000000        1.0000000        1.0000000       0.15200000        6.9216344        6.8774989       0.13344391       0.13766408      0.080935263      0.082122019      0.042161514      0.040344342       0.67639191       0.68994008       0.67041474       0.68619568       0.67604842       0.68348204        1.0000000        1.8234874        1.0000000        2.0076940        1.0000000        2.2072390        1.0000000       0.77219407        1.0000000       0.98237621        1.0000000        1.1971887 
       1.0000000        1.0000000        1.0000000        1.0000000       0.15300000        6.9040420        6.8601547       0.13336703       0.13756180      0.080959881      0.082068644      0.042212766      0.040315076       0.67591373       0.68961330       0.67006824       0.68602325       0.67578807       0.68343377        1.0000000        1.8225502        1.0000000        2.0070642        1.0000000        2.2070013        1.0000000       0.77125693        1.0000000       0.98174641        1.0000000        1.1969509 
       1.0000000        1.0000000        1.0000000        1.0000000       0.15400000        6.8874012        6.8437590       0.13339540       0.13747493      0.080960763      0.082015721      0.042215555      0.040285367       0.67587341       0.68917765       0.66982099       0.68562291       0.67552207       0.68341501        1.0000000        1.8213622        1.0000000        2.0056658        1.0000000        2.2071033        1.0000000       0.77006891        1.0000000       0.98034804        1.0000000        1.1970530 
       1.0000000        1.0000000        1.0000000        1.0000000       0.15500000        6.8719688        6.8285689       0.13341640       0.13753592      0.081045581      0.082041144      0.042310892      0.040234591       0.67574617       0.68931917       0.66984005       0.68581422       0.67625514       0.68331254        1.0000000        1.8217524        1.0000000        2.0063038        1.0000000        2.2066108        1.0000000       0.77045909        1.0000000       0.98098597        1.0000000        1.1965605 
       1.0000000        1.0000000        1.0000000        1.0000000       0.15600000        6.8668232        6.8236625       0.13323121       0.13757074      0.080796640      0.082068149      0.042151546      0.040232600       0.67523955       0.68921047       0.66867728       0.68566034       0.67544270       0.68327597        1.0000000        1.8215320        1.0000000        2.0059908        1.0000000        2.2066085        1.0000000       0.77023869        1.0000000       0.98067299        1.0000000        1.1965582 
       1.0000000        1.0000000        1.0000000        1.0000000       0.15700000        6.8584813        6.8155570       0.13314614       0.13749174      0.080756612      0.081997506      0.042179476      0.040212391       0.67493554       0.68901931       0.66830950       0.68546929       0.67597594       0.68310626        1.0000000        1.8210646        1.0000000        2.0052635        1.0000000        2.2056397        1.0000000       0.76977133        1.0000000       0.97994571        1.0000000        1.1955894 
       1.0000000        1.0000000        1.0000000        1.0000000       0.15800000        6.8375790        6.7949116       0.13311368       0.13757002      0.080722372      0.082100268      0.042154249      0.040266956       0.67482193       0.68927180       0.66809486       0.68579402       0.67576556       0.68347122        1.0000000        1.8217900        1.0000000        2.0063235        1.0000000        2.2071708        1.0000000       0.77049673        1.0000000       0.98100570        1.0000000        1.1971204 
       1.0000000        1.0000000        1.0000000        1.0000000       0.15900000        6.8168761        6.7744392       0.13315862       0.13751883      0.080765299      0.082086189      0.042199673      0.040253670       0.67503665       0.68904741       0.66834009       0.68577195       0.67621156       0.68339042        1.0000000        1.8211669        1.0000000        2.0063249        1.0000000        2.2070621        1.0000000       0.76987364        1.0000000       0.98100705        1.0000000        1.1970118 
       1.0000000        1.0000000        1.0000000        1.0000000       0.16000000        6.8059611        6.7637521       0.13310825       0.13767085      0.080763468      0.082220335      0.042236231      0.040298757       0.67499433       0.68909149       0.66868441       0.68604588       0.67681251       0.68337489        1.0000000        1.8212555        1.0000000        2.0076223        1.0000000        2.2075678        1.0000000       0.76996218        1.0000000       0.98230445        1.0000000        1.1975175 
