
       1.0000000        1.0000000        1.0000000        1.0000000      0.035000000        10.281541        10.113473       0.14673179       0.14681845      0.084395465      0.084194740      0.041758848      0.041469509       0.74850853       0.74802420       0.70219398       0.70053014       0.68319737       0.68377539        1.0000000        1.9942649        1.0000000        2.0592351        1.0000000        2.2233355        1.0000000       0.94297156        1.0000000        1.0339173        1.0000000        1.2132852 
       1.0000000        1.0000000        1.0000000        1.0000000      0.036000000        10.202338        10.038902       0.14570792       0.14553914      0.084125860      0.083724318      0.041957321      0.041580960       0.74611167       0.74308933       0.70097437       0.69834859       0.68330485       0.68317672        1.0000000        1.9806479        1.0000000        2.0512286        1.0000000        2.2221779        1.0000000       0.92935459        1.0000000        1.0259108        1.0000000        1.2121276 
       1.0000000        1.0000000        1.0000000        1.0000000      0.037000000        10.134531        9.9754512       0.14546594       0.14435315      0.083937360      0.082776813      0.041926060      0.040736629       0.74391413       0.74189710       0.69973174       0.69699940       0.68208127       0.68058398        1.0000000        1.9757010        1.0000000        2.0449062        1.0000000        2.2074253        1.0000000       0.92440766        1.0000000        1.0195884        1.0000000        1.1973749 
       1.0000000        1.0000000        1.0000000        1.0000000      0.038000000        10.024956        9.8699817       0.14501960       0.14359934      0.083993649      0.082473749      0.042221479      0.040568553       0.74185349       0.73959636       0.69869880       0.69567177       0.68300499       0.68047493        1.0000000        1.9686216        1.0000000        2.0406870        1.0000000        2.2062204        1.0000000       0.91732826        1.0000000        1.0153691        1.0000000        1.1961701 
       1.0000000        1.0000000        1.0000000        1.0000000      0.039000000        9.9722317        9.8211322       0.14433371       0.14327515      0.083938661      0.082288372      0.042507465      0.040367943       0.73914727       0.73764145       0.69740235       0.69472015       0.68265606       0.67996830        1.0000000        1.9622413        1.0000000        2.0375328        1.0000000        2.2033260        1.0000000       0.91094796        1.0000000        1.0122150        1.0000000        1.1932757 
       1.0000000        1.0000000        1.0000000        1.0000000      0.040000000        9.9260842        9.7786500       0.14360320       0.14347085      0.083823456      0.082908058      0.042839732      0.040917871       0.73621472       0.73580382       0.69518924       0.69533590       0.68179860       0.68153075        1.0000000        1.9569601        1.0000000        2.0408376        1.0000000        2.2146255        1.0000000       0.90566682        1.0000000        1.0155198        1.0000000        1.2045752 
       1.0000000        1.0000000        1.0000000        1.0000000      0.041000000        9.8254721        9.6815104       0.14338270       0.14294509      0.083810489      0.082540245      0.042892691      0.040744571       0.73456331       0.73446102       0.69430223       0.69453549       0.68172291       0.68036900        1.0000000        1.9529095        1.0000000        2.0379269        1.0000000        2.2075703        1.0000000       0.90161624        1.0000000        1.0126091        1.0000000        1.1975199 
       1.0000000        1.0000000        1.0000000        1.0000000      0.042000000        9.7687831        9.6281166       0.14273628       0.14203758      0.083444452      0.081961350      0.042528829      0.040540334       0.73186423       0.73200334       0.69224498       0.69275958       0.68009972       0.67896318        1.0000000        1.9459964        1.0000000        2.0304119        1.0000000        2.2007110        1.0000000       0.89470315        1.0000000        1.0050941        1.0000000        1.1906607 
       1.0000000        1.0000000        1.0000000        1.0000000      0.043000000        9.7204649        9.5829299       0.14230287       0.14180968      0.083303907      0.081913511      0.042513723      0.040536708       0.73030423       0.73047407       0.69142156       0.69218383       0.68078660       0.67888233        1.0000000        1.9414108        1.0000000        2.0280402        1.0000000        2.1991057        1.0000000       0.89011747        1.0000000        1.0027224        1.0000000        1.1890553 
       1.0000000        1.0000000        1.0000000        1.0000000      0.044000000        9.6557439        9.5211891       0.14197110       0.14138237      0.083034995      0.081769854      0.042241446      0.040415555       0.72830202       0.72863519       0.68997486       0.69117786       0.67983990       0.67802629        1.0000000        1.9361168        1.0000000        2.0249641        1.0000000        2.1942825        1.0000000       0.88482355        1.0000000       0.99964630        1.0000000        1.1842322 
       1.0000000        1.0000000        1.0000000        1.0000000      0.045000000        9.5674810        9.4360430       0.14144701       0.14102395      0.082385250      0.081402806      0.041554598      0.039806351       0.72530658       0.72708322       0.68687041       0.68866204       0.67729213       0.67556241        1.0000000        1.9319890        1.0000000        2.0167352        1.0000000        2.1824662        1.0000000       0.88069574        1.0000000       0.99141740        1.0000000        1.1724159 
       1.0000000        1.0000000        1.0000000        1.0000000      0.046000000        9.4945419        9.3658013       0.14090931       0.14091518      0.082168223      0.081362400      0.041543939      0.039697835       0.72329027       0.72531833       0.68544523       0.68758866       0.67659174       0.67521662        1.0000000        1.9272770        1.0000000        2.0137314        1.0000000        2.1800632        1.0000000       0.87598367        1.0000000       0.98841363        1.0000000        1.1700128 
       1.0000000        1.0000000        1.0000000        1.0000000      0.047000000        9.4507371        9.3245737       0.14041618       0.14095600      0.081951124      0.081596159      0.041406730      0.039914088       0.72117497       0.72355045       0.68425101       0.68684376       0.67651842       0.67595156        1.0000000        1.9227360        1.0000000        2.0120893        1.0000000        2.1844429        1.0000000       0.87144269        1.0000000       0.98677146        1.0000000        1.1743925 
       1.0000000        1.0000000        1.0000000        1.0000000      0.048000000        9.3839968        9.2602986       0.14011325       0.14104232      0.081822191      0.081863878      0.041318888      0.039909517       0.71996405       0.72309358       0.68350620       0.68763873       0.67624791       0.67557803        1.0000000        1.9206497        1.0000000        2.0142899        1.0000000        2.1833107        1.0000000       0.86935641        1.0000000       0.98897205        1.0000000        1.1732604 
       1.0000000        1.0000000        1.0000000        1.0000000      0.049000000        9.3560395        9.2347018       0.13960937       0.14074955      0.081787242      0.081836184      0.041441373      0.040010654       0.71785704       0.72064758       0.68267008       0.68618296       0.67628599       0.67576208        1.0000000        1.9141691        1.0000000        2.0099921        1.0000000        2.1839810        1.0000000       0.86287576        1.0000000       0.98467428        1.0000000        1.1739306 
       1.0000000        1.0000000        1.0000000        1.0000000      0.050000000        9.3588858        9.2398107       0.13895528       0.14100079      0.081320856      0.082291776      0.041271072      0.040272581       0.71573708       0.71855026       0.68132604       0.68661569       0.67506528       0.67749238        1.0000000        1.9083492        1.0000000        2.0120018        1.0000000        2.1937626        1.0000000       0.85705595        1.0000000       0.98668400        1.0000000        1.1837123 
       1.0000000        1.0000000        1.0000000        1.0000000      0.051000000        9.3197733        9.2028693       0.13860565       0.14070245      0.081148520      0.082331324      0.041191145      0.040360653       0.71378401       0.71721348       0.68036195       0.68642712       0.67447329       0.67752157        1.0000000        1.9041431        1.0000000        2.0112652        1.0000000        2.1945128        1.0000000       0.85284978        1.0000000       0.98594742        1.0000000        1.1844625 
       1.0000000        1.0000000        1.0000000        1.0000000      0.052000000        9.2949864        9.1801674       0.13824066       0.14058372      0.081156875      0.082365264      0.041346247      0.040353876       0.71195524       0.71529158       0.67959571       0.68571076       0.67460676       0.67747017        1.0000000        1.8990137        1.0000000        2.0096826        1.0000000        2.1953221        1.0000000       0.84772042        1.0000000       0.98436481        1.0000000        1.1852717 
       1.0000000        1.0000000        1.0000000        1.0000000      0.053000000        9.3077095        9.1948946       0.13787722       0.14026995      0.081221642      0.082304804      0.041497186      0.040261812       0.70954240       0.71330054       0.67885570       0.68608531       0.67485932       0.67763259        1.0000000        1.8930782        1.0000000        2.0105174        1.0000000        2.1950682        1.0000000       0.84178486        1.0000000       0.98519959        1.0000000        1.1850179 
       1.0000000        1.0000000        1.0000000        1.0000000      0.054000000        9.2864652        9.1755784       0.13745924       0.13971826      0.081054454      0.082031324      0.041311015      0.040142164       0.70776990       0.71201408       0.67817027       0.68545643       0.67490185       0.67751239        1.0000000        1.8890584        1.0000000        2.0076008        1.0000000        2.1937872        1.0000000       0.83776511        1.0000000       0.98228303        1.0000000        1.1837369 
       1.0000000        1.0000000        1.0000000        1.0000000      0.055000000        9.2287346        9.1197044       0.13711851       0.13948383      0.080703894      0.081981491      0.040987832      0.040078202       0.70634875       0.71096005       0.67698010       0.68500905       0.67456160       0.67725482        1.0000000        1.8861529        1.0000000        2.0059758        1.0000000        2.1920762        1.0000000       0.83485965        1.0000000       0.98065801        1.0000000        1.1820258 
       1.0000000        1.0000000        1.0000000        1.0000000      0.056000000        9.1528444        9.0457784       0.13705265       0.13937994      0.080803472      0.081977286      0.041133631      0.040066807       0.70543074       0.70996921       0.67655846       0.68486109       0.67458675       0.67737833        1.0000000        1.8833239        1.0000000        2.0054321        1.0000000        2.1924086        1.0000000       0.83203056        1.0000000       0.98011428        1.0000000        1.1823582 
       1.0000000        1.0000000        1.0000000        1.0000000      0.057000000        9.0939619        8.9886148       0.13680423       0.13936233      0.080786568      0.081968771      0.041085060      0.040035428       0.70476398       0.70932068       0.67652417       0.68488475       0.67503275       0.67724552        1.0000000        1.8814684        1.0000000        2.0056074        1.0000000        2.1916655        1.0000000       0.83017508        1.0000000       0.98028955        1.0000000        1.1816152 
       1.0000000        1.0000000        1.0000000        1.0000000      0.058000000        9.0778209        8.9741328       0.13668739       0.13933330      0.080795701      0.081935895      0.041043712      0.040074805       0.70387998       0.70856788       0.67630380       0.68583431       0.67547412       0.67707366        1.0000000        1.8793854        1.0000000        2.0088494        1.0000000        2.1914198        1.0000000       0.82809206        1.0000000       0.98353160        1.0000000        1.1813695 
       1.0000000        1.0000000        1.0000000        1.0000000      0.059000000        9.0199524        8.9178665       0.13661343       0.13924514      0.080878901      0.081942036      0.041193156      0.040090780       0.70275261       0.70761631       0.67600808       0.68564568       0.67571517       0.67713608        1.0000000        1.8768125        1.0000000        2.0084440        1.0000000        2.1922948        1.0000000       0.82551919        1.0000000       0.98312623        1.0000000        1.1822445 
       1.0000000        1.0000000        1.0000000        1.0000000      0.060000000        8.9914888        8.8909513       0.13650755       0.13946453      0.080803942      0.082126634      0.041108228      0.040340268       0.70184862       0.70745487       0.67543660       0.68630979       0.67495228       0.67817691        1.0000000        1.8763869        1.0000000        2.0107001        1.0000000        2.1970279        1.0000000       0.82509363        1.0000000       0.98538232        1.0000000        1.1869776 
       1.0000000        1.0000000        1.0000000        1.0000000      0.061000000        8.9583320        8.8592918       0.13643241       0.13943712      0.080916446      0.082243980      0.041227539      0.040442611       0.70079258       0.70671544       0.67510506       0.68631779       0.67557764       0.67880178        1.0000000        1.8744762        1.0000000        2.0109256        1.0000000        2.2000740        1.0000000       0.82318289        1.0000000       0.98560776        1.0000000        1.1900236 
       1.0000000        1.0000000        1.0000000        1.0000000      0.062000000        8.8939670        8.7963756       0.13627151       0.13894858      0.080824175      0.082045818      0.041127492      0.040498536       0.69990936       0.70489488       0.67442759       0.68557932       0.67483464       0.67859206        1.0000000        1.8689072        1.0000000        2.0082383        1.0000000        2.2002973        1.0000000       0.81761391        1.0000000       0.98292051        1.0000000        1.1902469 
       1.0000000        1.0000000        1.0000000        1.0000000      0.063000000        8.8529799        8.7567912       0.13616297       0.13821030      0.080717199      0.081470151      0.040982941      0.040125491       0.69901650       0.70295052       0.67373353       0.68339451       0.67430414       0.67674417        1.0000000        1.8631279        1.0000000        1.9999718        1.0000000        2.1892397        1.0000000       0.81183464        1.0000000       0.97465399        1.0000000        1.1791893 
       1.0000000        1.0000000        1.0000000        1.0000000      0.064000000        8.8198858        8.7250560       0.13603442       0.13837629      0.080790716      0.081764043      0.040983421      0.040373877       0.69790234       0.70259515       0.67352359       0.68429291       0.67453497       0.67829017        1.0000000        1.8619942        1.0000000        2.0032466        1.0000000        2.1980506        1.0000000       0.81070091        1.0000000       0.97792879        1.0000000        1.1880003 
       1.0000000        1.0000000        1.0000000        1.0000000      0.065000000        8.7874007        8.6938881       0.13559906       0.13834617      0.080521895      0.081766944      0.040982816      0.040497956       0.69659481       0.70245996       0.67237784       0.68441566       0.67398637       0.67893066        1.0000000        1.8614506        1.0000000        2.0033719        1.0000000        2.2005404        1.0000000       0.81015730        1.0000000       0.97805405        1.0000000        1.1904900 
       1.0000000        1.0000000        1.0000000        1.0000000      0.066000000        8.7502259        8.6579907       0.13542230       0.13835907      0.080454242      0.081766572      0.041021252      0.040327793       0.69591923       0.70176178       0.67198925       0.68472836       0.67393127       0.67856552        1.0000000        1.8594383        1.0000000        2.0043079        1.0000000        2.1985399        1.0000000       0.80814499        1.0000000       0.97899009        1.0000000        1.1884896 
       1.0000000        1.0000000        1.0000000        1.0000000      0.067000000        8.7311213        8.6402475       0.13548684       0.13873894      0.080693904      0.082050116      0.041509852      0.040378325       0.69541065       0.70150520       0.67171249       0.68514513       0.67431542       0.67866616        1.0000000        1.8588218        1.0000000        2.0061290        1.0000000        2.2000179        1.0000000       0.80752852        1.0000000       0.98081120        1.0000000        1.1899675 
       1.0000000        1.0000000        1.0000000        1.0000000      0.068000000        8.6936979        8.6040238       0.13544709       0.13890932      0.080804574      0.082236485      0.041657976      0.040624716       0.69467498       0.70217997       0.67175435       0.68606212       0.67526565       0.68029116        1.0000000        1.8604348        1.0000000        2.0091280        1.0000000        2.2073047        1.0000000       0.80914149        1.0000000       0.98381014        1.0000000        1.1972544 
       1.0000000        1.0000000        1.0000000        1.0000000      0.069000000        8.6708097        8.5823009       0.13538071       0.13921390      0.080812834      0.082402965      0.041674653      0.040700234       0.69407689       0.70230591       0.67168801       0.68650588       0.67552235       0.68093788        1.0000000        1.8607934        1.0000000        2.0106353        1.0000000        2.2094304        1.0000000       0.80950015        1.0000000       0.98531754        1.0000000        1.1993801 
       1.0000000        1.0000000        1.0000000        1.0000000      0.070000000        8.6376038        8.5502274       0.13536177       0.13970934      0.081021161      0.082877703      0.042057179      0.040959752       0.69323519       0.70239605       0.67155541       0.68713159       0.67588418       0.68202818        1.0000000        1.8613089        1.0000000        2.0133720        1.0000000        2.2155051        1.0000000       0.81001558        1.0000000       0.98805419        1.0000000        1.2054548 
       1.0000000        1.0000000        1.0000000        1.0000000      0.071000000        8.5947128        8.5084373       0.13530233       0.13957815      0.081165934      0.083068327      0.042211948      0.041179713       0.69262806       0.70099885       0.67171073       0.68687534       0.67632909       0.68253522        1.0000000        1.8570921        1.0000000        2.0122153        1.0000000        2.2192403        1.0000000       0.80579884        1.0000000       0.98689751        1.0000000        1.2091900 
       1.0000000        1.0000000        1.0000000        1.0000000      0.072000000        8.5500012        8.4647963       0.13514941       0.13923335      0.081026456      0.082781108      0.042147495      0.040979911       0.69181913       0.70015700       0.67123184       0.68606718       0.67644421       0.68142096        1.0000000        1.8547010        1.0000000        2.0095026        1.0000000        2.2134652        1.0000000       0.80340768        1.0000000       0.98418480        1.0000000        1.2034149 
       1.0000000        1.0000000        1.0000000        1.0000000      0.073000000        8.5097370        8.4255740       0.13477793       0.13953958      0.080686794      0.083107756      0.041840096      0.041150674       0.69083939       0.69998382       0.67071958       0.68717116       0.67602935       0.68204949        1.0000000        1.8544237        1.0000000        2.0138918        1.0000000        2.2172753        1.0000000       0.80313040        1.0000000       0.98857396        1.0000000        1.2072250 
       1.0000000        1.0000000        1.0000000        1.0000000      0.074000000        8.4782124        8.3950635       0.13472784       0.13964649      0.080729677      0.083318668      0.041897086      0.041246102       0.69057329       0.69970395       0.67081687       0.68731722       0.67595564       0.68247296        1.0000000        1.8535493        1.0000000        2.0143724        1.0000000        2.2200721        1.0000000       0.80225603        1.0000000       0.98905462        1.0000000        1.2100218 
       1.0000000        1.0000000        1.0000000        1.0000000      0.075000000        8.4463444        8.3641831       0.13467542       0.13996604      0.080765592      0.083572514      0.041895333      0.041370392       0.68980242       0.69938995       0.67072815       0.68772630       0.67596913       0.68291302        1.0000000        1.8528229        1.0000000        2.0161204        1.0000000        2.2228632        1.0000000       0.80152961        1.0000000       0.99080262        1.0000000        1.2128128 
       1.0000000        1.0000000        1.0000000        1.0000000      0.076000000        8.3937596        8.3125604       0.13451840       0.13950897      0.080693012      0.083272258      0.041969497      0.041201356       0.68936439       0.69832835       0.67064714       0.68727364       0.67617084       0.68290697        1.0000000        1.8495836        1.0000000        2.0135556        1.0000000        2.2206242        1.0000000       0.79829029        1.0000000       0.98823783        1.0000000        1.2105738 
       1.0000000        1.0000000        1.0000000        1.0000000      0.077000000        8.3687842        8.2885227       0.13416741       0.13900816      0.080308974      0.083018461      0.041655012      0.041041074       0.68848704       0.69727754       0.66961791       0.68712114       0.67508965       0.68265991        1.0000000        1.8460903        1.0000000        2.0126543        1.0000000        2.2185394        1.0000000       0.79479702        1.0000000       0.98733651        1.0000000        1.2084891 
       1.0000000        1.0000000        1.0000000        1.0000000      0.078000000        8.3378179        8.2584704       0.13422526       0.13904243      0.080405002      0.083082450      0.041694885      0.041036124       0.68818129       0.69668231       0.66969837       0.68699195       0.67544780       0.68280602        1.0000000        1.8445095        1.0000000        2.0119712        1.0000000        2.2188173        1.0000000       0.79321620        1.0000000       0.98665342        1.0000000        1.2087670 
       1.0000000        1.0000000        1.0000000        1.0000000      0.079000000        8.2835454        8.2051773       0.13401854       0.13917135      0.080023556      0.083164768      0.041265303      0.041067858       0.68771003       0.69668829       0.66938944       0.68719188       0.67524115       0.68303544        1.0000000        1.8446795        1.0000000        2.0130812        1.0000000        2.2191552        1.0000000       0.79338616        1.0000000       0.98776344        1.0000000        1.2091049 
       1.0000000        1.0000000        1.0000000        1.0000000      0.080000000        8.2688781        8.1913776       0.13402993       0.13884602      0.080134823      0.082839341      0.041341129      0.040748991       0.68731128       0.69635235       0.66942957       0.68520803       0.67547971       0.68061053        1.0000000        1.8437557        1.0000000        2.0068626        1.0000000        2.2098528        1.0000000       0.79246239        1.0000000       0.98154479        1.0000000        1.1998024 
       1.0000000        1.0000000        1.0000000        1.0000000      0.081000000        8.2612738        8.1846199       0.13394721       0.13848715      0.080125609      0.082705999      0.041296257      0.040781427       0.68638044       0.69564686       0.66928380       0.68469169       0.67519192       0.68113700        1.0000000        1.8414920        1.0000000        2.0044335        1.0000000        2.2121859        1.0000000       0.79019870        1.0000000       0.97911567        1.0000000        1.2021355 
       1.0000000        1.0000000        1.0000000        1.0000000      0.082000000        8.2315625        8.1557352       0.13381444       0.13836613      0.080259882      0.082623288      0.041493168      0.040736449       0.68541173       0.69512957       0.66907565       0.68443595       0.67536223       0.68139693        1.0000000        1.8399181        1.0000000        2.0031760        1.0000000        2.2112410        1.0000000       0.78862479        1.0000000       0.97785815        1.0000000        1.2011906 
       1.0000000        1.0000000        1.0000000        1.0000000      0.083000000        8.2021896        8.1271696       0.13336083       0.13854124      0.079926009      0.082840933      0.041191441      0.040907724       0.68456729       0.69576817       0.66862850       0.68562387       0.67532049       0.68219857        1.0000000        1.8415590        1.0000000        2.0074500        1.0000000        2.2155743        1.0000000       0.79026569        1.0000000       0.98213221        1.0000000        1.2055240 
       1.0000000        1.0000000        1.0000000        1.0000000      0.084000000        8.1551946        8.0809631       0.13343270       0.13842053      0.080038653      0.082789839      0.041200326      0.041024893       0.68408922       0.69574597       0.66925878       0.68588944       0.67571284       0.68253080        1.0000000        1.8414012        1.0000000        2.0078738        1.0000000        2.2162748        1.0000000       0.79010794        1.0000000       0.98255596        1.0000000        1.2062244 
       1.0000000        1.0000000        1.0000000        1.0000000      0.085000000        8.1334375        8.0599766       0.13332244       0.13868227      0.079992716      0.083035008      0.041266833      0.041174215       0.68352062       0.69561535       0.66920595       0.68596679       0.67569527       0.68292823        1.0000000        1.8412507        1.0000000        2.0082369        1.0000000        2.2186280        1.0000000       0.78995741        1.0000000       0.98291908        1.0000000        1.2085777 
       1.0000000        1.0000000        1.0000000        1.0000000      0.086000000        8.1239485        8.0512406       0.13332175       0.13861455      0.080036160      0.082978639      0.041274888      0.041104134       0.68301970       0.69526923       0.66920672       0.68588778       0.67565335       0.68278395        1.0000000        1.8402337        1.0000000        2.0078107        1.0000000        2.2177148        1.0000000       0.78894038        1.0000000       0.98249289        1.0000000        1.2076645 
       1.0000000        1.0000000        1.0000000        1.0000000      0.087000000        8.0890402        8.0170688       0.13340393       0.13874974      0.080086391      0.083107786      0.041243836      0.041161964       0.68292187       0.69548967       0.66950394       0.68614601       0.67556696       0.68283984        1.0000000        1.8408425        1.0000000        2.0088835        1.0000000        2.2186208        1.0000000       0.78954918        1.0000000       0.98356569        1.0000000        1.2085705 
       1.0000000        1.0000000        1.0000000        1.0000000      0.088000000        8.0628296        7.9915783       0.13339468       0.13845080      0.080085412      0.082927886      0.041245886      0.041112559       0.68271180       0.69495874       0.66953161       0.68599672       0.67490207       0.68336936        1.0000000        1.8388965        1.0000000        2.0079100        1.0000000        2.2199940        1.0000000       0.78760317        1.0000000       0.98259216        1.0000000        1.2099437 
       1.0000000        1.0000000        1.0000000        1.0000000      0.089000000        8.0302270        7.9596803       0.13359266       0.13833257      0.080311391      0.082938957      0.041413804      0.041179418       0.68281771       0.69455542       0.66973660       0.68614419       0.67422423       0.68387359        1.0000000        1.8376168        1.0000000        2.0083084        1.0000000        2.2216534        1.0000000       0.78632355        1.0000000       0.98299063        1.0000000        1.2116031 
       1.0000000        1.0000000        1.0000000        1.0000000      0.090000000        8.0196218        7.9498326       0.13348043       0.13831402      0.080127425      0.083004153      0.041209169      0.041228093       0.68234798       0.69419707       0.66942291       0.68612559       0.67386519       0.68407566        1.0000000        1.8365912        1.0000000        2.0083083        1.0000000        2.2225590        1.0000000       0.78529793        1.0000000       0.98299054        1.0000000        1.2125087 
       1.0000000        1.0000000        1.0000000        1.0000000      0.091000000        8.0188507        7.9497348       0.13350240       0.13831595      0.080142727      0.083108690      0.041143058      0.041393950       0.68228437       0.69378538       0.66954294       0.68600749       0.67370859       0.68515922        1.0000000        1.8354435        1.0000000        2.0074611        1.0000000        2.2266295        1.0000000       0.78415019        1.0000000       0.98214325        1.0000000        1.2165791 
       1.0000000        1.0000000        1.0000000        1.0000000      0.092000000        8.0057087        7.9372520       0.13345593       0.13795533      0.080142009      0.082785140      0.041102042      0.041182139       0.68180523       0.69280742       0.66966384       0.68504093       0.67357925       0.68435472        1.0000000        1.8327005        1.0000000        2.0039875        1.0000000        2.2216588        1.0000000       0.78140722        1.0000000       0.97866965        1.0000000        1.2116084 
       1.0000000        1.0000000        1.0000000        1.0000000      0.093000000        7.9874395        7.9196284       0.13346907       0.13831718      0.080198105      0.083088474      0.041182615      0.041298714       0.68138983       0.69317911       0.66971427       0.68587371       0.67386063       0.68506321        1.0000000        1.8337252        1.0000000        2.0072582        1.0000000        2.2265114        1.0000000       0.78243193        1.0000000       0.98194041        1.0000000        1.2164611 
       1.0000000        1.0000000        1.0000000        1.0000000      0.094000000        7.9674370        7.9002582       0.13353242       0.13823945      0.080285036      0.082999745      0.041267346      0.041246138       0.68103254       0.69295636       0.66997096       0.68581480       0.67432990       0.68499756        1.0000000        1.8330152        1.0000000        2.0070367        1.0000000        2.2260130        1.0000000       0.78172192        1.0000000       0.98171890        1.0000000        1.2159627 
       1.0000000        1.0000000        1.0000000        1.0000000      0.095000000        7.9374028        7.8708436       0.13354762       0.13810760      0.080315292      0.082890138      0.041268903      0.041207432       0.68068535       0.69253533       0.67030098       0.68512189       0.67441701       0.68434103        1.0000000        1.8317757        1.0000000        2.0049341        1.0000000        2.2234534        1.0000000       0.78048238        1.0000000       0.97961625        1.0000000        1.2134031 
       1.0000000        1.0000000        1.0000000        1.0000000      0.096000000        7.9140408        7.8480887       0.13360196       0.13782823      0.080338283      0.082700107      0.041175264      0.041080007       0.68066304       0.69188514       0.67039834       0.68425576       0.67445770       0.68342811        1.0000000        1.8297687        1.0000000        2.0018952        1.0000000        2.2193015        1.0000000       0.77847544        1.0000000       0.97657736        1.0000000        1.2092511 
       1.0000000        1.0000000        1.0000000        1.0000000      0.097000000        7.8856442        7.8202872       0.13362974       0.13791030      0.080448654      0.082780063      0.041355387      0.041095477       0.68023941       0.69175804       0.67046028       0.68435194       0.67444374       0.68352090        1.0000000        1.8294463        1.0000000        2.0023548        1.0000000        2.2195042        1.0000000       0.77815297        1.0000000       0.97703695        1.0000000        1.2094538 
       1.0000000        1.0000000        1.0000000        1.0000000      0.098000000        7.8629968        7.7982233       0.13347377       0.13789443      0.080431931      0.082788401      0.041448269      0.041144135       0.67948169       0.69174337       0.67011583       0.68462112       0.67470553       0.68374912        1.0000000        1.8294336        1.0000000        2.0034513        1.0000000        2.2205628        1.0000000       0.77814031        1.0000000       0.97813354        1.0000000        1.2105124 
       1.0000000        1.0000000        1.0000000        1.0000000      0.099000000        7.8571760        7.7929746       0.13344662       0.13792059      0.080481227      0.082750890      0.041547748      0.040983192       0.67924082       0.69137363       0.67020850       0.68423198       0.67536683       0.68291267        1.0000000        1.8285497        1.0000000        2.0025098        1.0000000        2.2172957        1.0000000       0.77725645        1.0000000       0.97719199        1.0000000        1.2072453 
       1.0000000        1.0000000        1.0000000        1.0000000       0.10000000        7.8409375        7.7772972       0.13341263       0.13798978      0.080489115      0.082705450      0.041641619      0.040942917       0.67900655       0.69160960       0.67021719       0.68425165       0.67552218       0.68266692        1.0000000        1.8293362        1.0000000        2.0028370        1.0000000        2.2167929        1.0000000       0.77804286        1.0000000       0.97751916        1.0000000        1.2067425 
       1.0000000        1.0000000        1.0000000        1.0000000       0.10100000        7.8052163        7.7421811       0.13334064       0.13811827      0.080441956      0.082901424      0.041627262      0.041156503       0.67853254       0.69174309       0.66985882       0.68461324       0.67520262       0.68378606        1.0000000        1.8296480        1.0000000        2.0038363        1.0000000        2.2212099        1.0000000       0.77835474        1.0000000       0.97851850        1.0000000        1.2111595 
       1.0000000        1.0000000        1.0000000        1.0000000       0.10200000        7.7934934        7.7309973       0.13345234       0.13827140      0.080572192      0.083001928      0.041748237      0.041147518       0.67843934       0.69170127       0.67049004       0.68508437       0.67549902       0.68372838        1.0000000        1.8295221        1.0000000        2.0053800        1.0000000        2.2207963        1.0000000       0.77822880        1.0000000       0.98006224        1.0000000        1.2107459 
       1.0000000        1.0000000        1.0000000        1.0000000       0.10300000        7.7685459        7.7065790       0.13354904       0.13836481      0.080596205      0.083067127      0.041664345      0.041135661       0.67861615       0.69179967       0.67073828       0.68537174       0.67527222       0.68395059        1.0000000        1.8298734        1.0000000        2.0065674        1.0000000        2.2216043        1.0000000       0.77858013        1.0000000       0.98124962        1.0000000        1.2115540 
       1.0000000        1.0000000        1.0000000        1.0000000       0.10400000        7.7424834        7.6810359       0.13365938       0.13838685      0.080731517      0.083114034      0.041746630      0.041235897       0.67859318       0.69162349       0.67083953       0.68590763       0.67548091       0.68383435        1.0000000        1.8292855        1.0000000        2.0080733        1.0000000        2.2213203        1.0000000       0.77799219        1.0000000       0.98275547        1.0000000        1.2112700 
       1.0000000        1.0000000        1.0000000        1.0000000       0.10500000        7.7187294        7.6577918       0.13364042       0.13826399      0.080750292      0.083032679      0.041804596      0.041187431       0.67853992       0.69142989       0.67045723       0.68574506       0.67527223       0.68394184        1.0000000        1.8286827        1.0000000        2.0073171        1.0000000        2.2207075        1.0000000       0.77738944        1.0000000       0.98199931        1.0000000        1.2106572 
       1.0000000        1.0000000        1.0000000        1.0000000       0.10600000        7.7086352        7.6481985       0.13358606       0.13805805      0.080668182      0.082861476      0.041733370      0.041142473       0.67831718       0.69095373       0.67022988       0.68508372       0.67520774       0.68333988        1.0000000        1.8272692        1.0000000        2.0048399        1.0000000        2.2179011        1.0000000       0.77597589        1.0000000       0.97952208        1.0000000        1.2078508 
       1.0000000        1.0000000        1.0000000        1.0000000       0.10700000        7.6867834        7.6268385       0.13349958       0.13838786      0.080593549      0.083134408      0.041701422      0.041281199       0.67790218       0.69133903       0.67019072       0.68587077       0.67563923       0.68411340        1.0000000        1.8285395        1.0000000        2.0076020        1.0000000        2.2215929        1.0000000       0.77724625        1.0000000       0.98228424        1.0000000        1.2115425 
       1.0000000        1.0000000        1.0000000        1.0000000       0.10800000        7.6781689        7.6187072       0.13347408       0.13842942      0.080635960      0.083157474      0.041756746      0.041264951       0.67760884       0.69156907       0.67020478       0.68579560       0.67556274       0.68377039        1.0000000        1.8292967        1.0000000        2.0079639        1.0000000        2.2213815        1.0000000       0.77800343        1.0000000       0.98264613        1.0000000        1.2113312 
       1.0000000        1.0000000        1.0000000        1.0000000       0.10900000        7.6622903        7.6033033       0.13347263       0.13869220      0.080647036      0.083287019      0.041792753      0.041289670       0.67771186       0.69209782       0.67028061       0.68618007       0.67608360       0.68395479        1.0000000        1.8309789        1.0000000        2.0097734        1.0000000        2.2224828        1.0000000       0.77968559        1.0000000       0.98445559        1.0000000        1.2124325 
       1.0000000        1.0000000        1.0000000        1.0000000       0.11000000        7.6325143        7.5739938       0.13342087       0.13883236      0.080690487      0.083410197      0.041877865      0.041430356       0.67753799       0.69231711       0.67027854       0.68665062       0.67636692       0.68411451        1.0000000        1.8314373        1.0000000        2.0113224        1.0000000        2.2252372        1.0000000       0.78014398        1.0000000       0.98600458        1.0000000        1.2151869 
       1.0000000        1.0000000        1.0000000        1.0000000       0.11100000        7.6010512        7.5429891       0.13342984       0.13909642      0.080690137      0.083608729      0.041830865      0.041539179       0.67748520       0.69262945       0.67025271       0.68681894       0.67596319       0.68425616        1.0000000        1.8325049        1.0000000        2.0121369        1.0000000        2.2267090        1.0000000       0.78121156        1.0000000       0.98681911        1.0000000        1.2166587 
       1.0000000        1.0000000        1.0000000        1.0000000       0.11200000        7.5721856        7.5145742       0.13332181       0.13930102      0.080655925      0.083748590      0.041795953      0.041611445       0.67708343       0.69325697       0.66979555       0.68742657       0.67535817       0.68463097        1.0000000        1.8344215        1.0000000        2.0145090        1.0000000        2.2283652        1.0000000       0.78312816        1.0000000       0.98919122        1.0000000        1.2183149 
       1.0000000        1.0000000        1.0000000        1.0000000       0.11300000        7.5478138        7.4906894       0.13332635       0.13922696      0.080667196      0.083665409      0.041812792      0.041541019       0.67711337       0.69313975       0.66984847       0.68740294       0.67529388       0.68420762        1.0000000        1.8340457        1.0000000        2.0144680        1.0000000        2.2265629        1.0000000       0.78275240        1.0000000       0.98915019        1.0000000        1.2165126 
       1.0000000        1.0000000        1.0000000        1.0000000       0.11400000        7.5298095        7.4731202       0.13329045       0.13943059      0.080725156      0.083907441      0.041913531      0.041772932       0.67677112       0.69374565       0.66954754       0.68833143       0.67524421       0.68555495        1.0000000        1.8356155        1.0000000        2.0174871        1.0000000        2.2331110        1.0000000       0.78432223        1.0000000       0.99216928        1.0000000        1.2230607 
       1.0000000        1.0000000        1.0000000        1.0000000       0.11500000        7.5075677        7.4513062       0.13331659       0.13939158      0.080730714      0.083837387      0.041946322      0.041726852       0.67662740       0.69323910       0.66943814       0.68782240       0.67512467       0.68524148        1.0000000        1.8342416        1.0000000        2.0157567        1.0000000        2.2315794        1.0000000       0.78294830        1.0000000       0.99043889        1.0000000        1.2215291 
       1.0000000        1.0000000        1.0000000        1.0000000       0.11600000        7.4888249        7.4329842       0.13305850       0.13938739      0.080383388      0.083864664      0.041641311      0.041779216       0.67606449       0.69313954       0.66867468       0.68771542       0.67396862       0.68512951        1.0000000        1.8340387        1.0000000        2.0156401        1.0000000        2.2313218        1.0000000       0.78274538        1.0000000       0.99032232        1.0000000        1.2212715 
       1.0000000        1.0000000        1.0000000        1.0000000       0.11700000        7.4711075        7.4156808       0.13305543       0.13899190      0.080386778      0.083491153      0.041626351      0.041503780       0.67586451       0.69203244       0.66858323       0.68634491       0.67370180       0.68324975        1.0000000        1.8309455        1.0000000        2.0111458        1.0000000        2.2223475        1.0000000       0.77965223        1.0000000       0.98582799        1.0000000        1.2122972 
       1.0000000        1.0000000        1.0000000        1.0000000       0.11800000        7.4461653        7.3911459       0.13308427       0.13858153      0.080403497      0.083198051      0.041581622      0.041405915       0.67582505       0.69087437       0.66868275       0.68461192       0.67329712       0.68117027        1.0000000        1.8277682        1.0000000        2.0049185        1.0000000        2.2124591        1.0000000       0.77647487        1.0000000       0.97960073        1.0000000        1.2024088 
       1.0000000        1.0000000        1.0000000        1.0000000       0.11900000        7.4317269        7.3771083       0.13289790       0.13821657      0.080243573      0.082527802      0.041459232      0.040344228       0.67542531       0.68966801       0.66843894       0.68344462       0.67294870       0.67937411        1.0000000        1.8243072        1.0000000        1.9997471        1.0000000        2.1972637        1.0000000       0.77301388        1.0000000       0.97442928        1.0000000        1.1872134 
       1.0000000        1.0000000        1.0000000        1.0000000       0.12000000        7.4076455        7.3534213       0.13285423       0.13825401      0.080269641      0.082546926      0.041574958      0.040349334       0.67545833       0.68945565       0.66882058       0.68310059       0.67355422       0.67941103        1.0000000        1.8237898        1.0000000        1.9986412        1.0000000        2.1974013        1.0000000       0.77249651        1.0000000       0.97332343        1.0000000        1.1873509 
       1.0000000        1.0000000        1.0000000        1.0000000       0.12100000        7.3981380        7.3443022       0.13295962       0.13823488      0.080409177      0.082549966      0.041716009      0.040356887       0.67564049       0.68938476       0.66915821       0.68309608       0.67400219       0.67931555        1.0000000        1.8235390        1.0000000        1.9985745        1.0000000        2.1972711        1.0000000       0.77224573        1.0000000       0.97325671        1.0000000        1.1872208 
       1.0000000        1.0000000        1.0000000        1.0000000       0.12200000        7.3791955        7.3257419       0.13292758       0.13829678      0.080349348      0.082641422      0.041602984      0.040360759       0.67544595       0.68949592       0.66884572       0.68336802       0.67355181       0.67955490        1.0000000        1.8238302        1.0000000        1.9994498        1.0000000        2.1985684        1.0000000       0.77253694        1.0000000       0.97413196        1.0000000        1.1885181 
       1.0000000        1.0000000        1.0000000        1.0000000       0.12300000        7.3686497        7.3155726       0.13281922       0.13862792      0.080222852      0.082975325      0.041609401      0.040542087       0.67541431       0.69018311       0.66868529       0.68453801       0.67371275       0.68062464        1.0000000        1.8256547        1.0000000        2.0037822        1.0000000        2.2040812        1.0000000       0.77436144        1.0000000       0.97846439        1.0000000        1.1940309 
       1.0000000        1.0000000        1.0000000        1.0000000       0.12400000        7.3527374        7.3000677       0.13279184       0.13891784      0.080254976      0.083115485      0.041723069      0.040593324       0.67526859       0.69072788       0.66856582       0.68496280       0.67366982       0.68066729        1.0000000        1.8273241        1.0000000        2.0059607        1.0000000        2.2053420        1.0000000       0.77603081        1.0000000       0.98064289        1.0000000        1.1952917 
       1.0000000        1.0000000        1.0000000        1.0000000       0.12500000        7.3341524        7.2818472       0.13287421       0.13912403      0.080321299      0.083305418      0.041742979      0.040710636       0.67535475       0.69108732       0.66866213       0.68553007       0.67371551       0.68114382        1.0000000        1.8283359        1.0000000        2.0083331        1.0000000        2.2084649        1.0000000       0.77704256        1.0000000       0.98301526        1.0000000        1.1984145 
       1.0000000        1.0000000        1.0000000        1.0000000       0.12600000        7.3167586        7.2648124       0.13295934       0.13897351      0.080393126      0.083190995      0.041824536      0.040675664       0.67551907       0.69070035       0.66894998       0.68539706       0.67430915       0.68133102        1.0000000        1.8271212        1.0000000        2.0075849        1.0000000        2.2081699        1.0000000       0.77582788        1.0000000       0.98226705        1.0000000        1.1981196 
       1.0000000        1.0000000        1.0000000        1.0000000       0.12700000        7.2992460        7.2476535       0.13297291       0.13713426      0.080400280      0.081637477      0.041847886      0.039834760       0.67559934       0.68930574       0.66913735       0.68404134       0.67463778       0.68063678        1.0000000        1.8216452        1.0000000        1.9998672        1.0000000        2.1980458        1.0000000       0.77035187        1.0000000       0.97454937        1.0000000        1.1879955 
       1.0000000        1.0000000        1.0000000        1.0000000       0.12800000        7.2822200        7.2309759       0.13306444       0.13725441      0.080425240      0.081735629      0.041804199      0.039900529       0.67585356       0.68947322       0.66906970       0.68429257       0.67377347       0.68088136        1.0000000        1.8221569        1.0000000        2.0009602        1.0000000        2.1995621        1.0000000       0.77086360        1.0000000       0.97564236        1.0000000        1.1895117 
       1.0000000        1.0000000        1.0000000        1.0000000       0.12900000        7.2620196        7.2111188       0.13310770       0.13733195      0.080458829      0.081821409      0.041796105      0.039992733       0.67605461       0.68965433       0.66925847       0.68466185       0.67380860       0.68130348        1.0000000        1.8227252        1.0000000        2.0023002        1.0000000        2.2010908        1.0000000       0.77143193        1.0000000       0.97698242        1.0000000        1.1910404 
       1.0000000        1.0000000        1.0000000        1.0000000       0.13000000        7.2449717        7.1944093       0.13313557       0.13741446      0.080516924      0.081927927      0.041817036      0.040054516       0.67602610       0.68946966       0.66945724       0.68485912       0.67399860       0.68149940        1.0000000        1.8221934        1.0000000        2.0029673        1.0000000        2.2018236        1.0000000       0.77090009        1.0000000       0.97764949        1.0000000        1.1917733 
       1.0000000        1.0000000        1.0000000        1.0000000       0.13100000        7.2384532        7.1882243       0.13314649       0.13726619      0.080603093      0.081846158      0.041893286      0.040070339       0.67561285       0.68912691       0.66929340       0.68452188       0.67421399       0.68144583        1.0000000        1.8210538        1.0000000        2.0016075        1.0000000        2.2015256        1.0000000       0.76976050        1.0000000       0.97628969        1.0000000        1.1914753 
       1.0000000        1.0000000        1.0000000        1.0000000       0.13200000        7.2281805        7.1782803       0.13325095       0.13737495      0.080672980      0.081927039      0.041971032      0.040103767       0.67604816       0.68930498       0.66960787       0.68473662       0.67462949       0.68149293        1.0000000        1.8215576        1.0000000        2.0025361        1.0000000        2.2022814        1.0000000       0.77026427        1.0000000       0.97721829        1.0000000        1.1922310 
       1.0000000        1.0000000        1.0000000        1.0000000       0.13300000        7.2120057        7.1624296       0.13331640       0.13735363      0.080728539      0.081890956      0.041985473      0.040080876       0.67605408       0.68924505       0.66987682       0.68480586       0.67487650       0.68122518        1.0000000        1.8214080        1.0000000        2.0029169        1.0000000        2.2014137        1.0000000       0.77011475        1.0000000       0.97759905        1.0000000        1.1913633 
       1.0000000        1.0000000        1.0000000        1.0000000       0.13400000        7.1861142        7.1368576       0.13341180       0.13730033      0.080820807      0.081921446      0.042050183      0.040168022       0.67620274       0.68922263       0.67017100       0.68509959       0.67521350       0.68193192        1.0000000        1.8211992        1.0000000        2.0036178        1.0000000        2.2036109        1.0000000       0.76990594        1.0000000       0.97830001        1.0000000        1.1935606 
       1.0000000        1.0000000        1.0000000        1.0000000       0.13500000        7.1631132        7.1142029       0.13347084       0.13754660      0.080894149      0.082019247      0.042109256      0.040075223       0.67625257       0.68963825       0.67021869       0.68529809       0.67514661       0.68168473        1.0000000        1.8224669        1.0000000        2.0046211        1.0000000        2.2028926        1.0000000       0.77117360        1.0000000       0.97930330        1.0000000        1.1928423 
       1.0000000        1.0000000        1.0000000        1.0000000       0.13600000        7.1509411        7.1023410       0.13340480       0.13768482      0.080831715      0.082156319      0.042118972      0.040170757       0.67594444       0.68982546       0.66970501       0.68568021       0.67482201       0.68230601        1.0000000        1.8230437        1.0000000        2.0059744        1.0000000        2.2057596        1.0000000       0.77175039        1.0000000       0.98065660        1.0000000        1.1957093 
       1.0000000        1.0000000        1.0000000        1.0000000       0.13700000        7.1289705        7.0806764       0.13336694       0.13757720      0.080891925      0.082104065      0.042250122      0.040170584       0.67581400       0.69001423       0.66973154       0.68563937       0.67555661       0.68239711        1.0000000        1.8234305        1.0000000        2.0054622        1.0000000        2.2058343        1.0000000       0.77213722        1.0000000       0.98014439        1.0000000        1.1957839 
       1.0000000        1.0000000        1.0000000        1.0000000       0.13800000        7.1196210        7.0716287       0.13326804       0.13762557      0.080866026      0.082211324      0.042227797      0.040241335       0.67535889       0.69021611       0.66935737       0.68623833       0.67526666       0.68321833        1.0000000        1.8238345        1.0000000        2.0069831        1.0000000        2.2088892        1.0000000       0.77254122        1.0000000       0.98166532        1.0000000        1.1988389 
       1.0000000        1.0000000        1.0000000        1.0000000       0.13900000        7.1084883        7.0607937       0.13328615       0.13780575      0.080864507      0.082392988      0.042177611      0.040399988       0.67527971       0.69059003       0.66919623       0.68675762       0.67508633       0.68353505        1.0000000        1.8249296        1.0000000        2.0090258        1.0000000        2.2116610        1.0000000       0.77363636        1.0000000       0.98370795        1.0000000        1.2016106 
       1.0000000        1.0000000        1.0000000        1.0000000       0.14000000        7.0898150        7.0424141       0.13341818       0.13738214      0.081005739      0.082050877      0.042321130      0.040353845       0.67569617       0.68955147       0.66953287       0.68528718       0.67567621       0.68252572        1.0000000        1.8220565        1.0000000        2.0039849        1.0000000        2.2063262        1.0000000       0.77076318        1.0000000       0.97866704        1.0000000        1.1962759 
       1.0000000        1.0000000        1.0000000        1.0000000       0.14100000        7.0772149        7.0301038       0.13337532       0.13760208      0.080954702      0.082191915      0.042285639      0.040426064       0.67560668       0.69014265       0.66955959       0.68584936       0.67569126       0.68306496        1.0000000        1.8237304        1.0000000        2.0059379        1.0000000        2.2089278        1.0000000       0.77243710        1.0000000       0.98062005        1.0000000        1.1988774 
       1.0000000        1.0000000        1.0000000        1.0000000       0.14200000        7.0641919        7.0173668       0.13344184       0.13773107      0.081039908      0.082299246      0.042364946      0.040413451       0.67569960       0.69015646       0.66969381       0.68604830       0.67588512       0.68282295        1.0000000        1.8238650        1.0000000        2.0068042        1.0000000        2.2084423        1.0000000       0.77257174        1.0000000       0.98148635        1.0000000        1.1983920 
       1.0000000        1.0000000        1.0000000        1.0000000       0.14300000        7.0478842        7.0013413       0.13349308       0.13764657      0.081090240      0.082249662      0.042381683      0.040436201       0.67593946       0.69010573       0.66988811       0.68596554       0.67598067       0.68252607        1.0000000        1.8237129        1.0000000        2.0065972        1.0000000        2.2076135        1.0000000       0.77241963        1.0000000       0.98127934        1.0000000        1.1975631 
       1.0000000        1.0000000        1.0000000        1.0000000       0.14400000        7.0359334        6.9896690       0.13339171       0.13779301      0.080957388      0.082362484      0.042240919      0.040519540       0.67591479       0.69072130       0.66987929       0.68659279       0.67601899       0.68277010        1.0000000        1.8254302        1.0000000        2.0090015        1.0000000        2.2097728        1.0000000       0.77413686        1.0000000       0.98368370        1.0000000        1.1997224 
       1.0000000        1.0000000        1.0000000        1.0000000       0.14500000        7.0157543        6.9697648       0.13345152       0.13771816      0.081000592      0.082318041      0.042225779      0.040484025       0.67601553       0.69051866       0.66982787       0.68669898       0.67572726       0.68299578        1.0000000        1.8247459        1.0000000        2.0089338        1.0000000        2.2098334        1.0000000       0.77345259        1.0000000       0.98361602        1.0000000        1.1997830 
       1.0000000        1.0000000        1.0000000        1.0000000       0.14600000        6.9952360        6.9495179       0.13346617       0.13753400      0.080999011      0.082089895      0.042224808      0.040233978       0.67610362       0.69003070       0.66990191       0.68598563       0.67578880       0.68234805        1.0000000        1.8235844        1.0000000        2.0066159        1.0000000        2.2057995        1.0000000       0.77229107        1.0000000       0.98129810        1.0000000        1.1957492 
       1.0000000        1.0000000        1.0000000        1.0000000       0.14700000        6.9803268        6.9349032       0.13337373       0.13788371      0.080903573      0.082309909      0.042225737      0.040298768       0.67608314       0.69064089       0.67008096       0.68661386       0.67658611       0.68284123        1.0000000        1.8254477        1.0000000        2.0089884        1.0000000        2.2081672        1.0000000       0.77415437        1.0000000       0.98367063        1.0000000        1.1981169 
       1.0000000        1.0000000        1.0000000        1.0000000       0.14800000        6.9637606        6.9186011       0.13341346       0.13780806      0.080964422      0.082195754      0.042311625      0.040222288       0.67621078       0.69042411       0.67019054       0.68638027       0.67678184       0.68214310        1.0000000        1.8249413        1.0000000        2.0084809        1.0000000        2.2039901        1.0000000       0.77364800        1.0000000       0.98316313        1.0000000        1.1939397 
       1.0000000        1.0000000        1.0000000        1.0000000       0.14900000        6.9589012        6.9140026       0.13347444       0.13787556      0.081051731      0.082219392      0.042331631      0.040266991       0.67614086       0.69055459       0.67034303       0.68666318       0.67654001       0.68276023        1.0000000        1.8254178        1.0000000        2.0095561        1.0000000        2.2049450        1.0000000       0.77412446        1.0000000       0.98423825        1.0000000        1.1948947 
       1.0000000        1.0000000        1.0000000        1.0000000       0.15000000        6.9369512        6.8923102       0.13346029       0.13787045      0.081024769      0.082212903      0.042292559      0.040279673       0.67620801       0.69051844       0.67045227       0.68671007       0.67650348       0.68275069        1.0000000        1.8252394        1.0000000        2.0097252        1.0000000        2.2049491        1.0000000       0.77394610        1.0000000       0.98440735        1.0000000        1.1948988 
       1.0000000        1.0000000        1.0000000        1.0000000       0.15100000        6.9226862        6.8782995       0.13343776       0.13775885      0.080996794      0.082107821      0.042297963      0.040258776       0.67614593       0.69028975       0.67030347       0.68655269       0.67669445       0.68257836        1.0000000        1.8245324        1.0000000        2.0090293        1.0000000        2.2027224        1.0000000       0.77323911        1.0000000       0.98371148        1.0000000        1.1926721 
       1.0000000        1.0000000        1.0000000        1.0000000       0.15200000        6.9177858        6.8736504       0.13337243       0.13770773      0.080870547      0.082085126      0.042126708      0.040314654       0.67606114       0.68993252       0.67013703       0.68585347       0.67591014       0.68309086        1.0000000        1.8235622        1.0000000        2.0067193        1.0000000        2.2059490        1.0000000       0.77226895        1.0000000       0.98140149        1.0000000        1.1958986 
       1.0000000        1.0000000        1.0000000        1.0000000       0.15300000        6.9000266        6.8561394       0.13330347       0.13758562      0.080903416      0.082019200      0.042184360      0.040289441       0.67561149       0.68964531       0.66984983       0.68573295       0.67569129       0.68318861        1.0000000        1.8227341        1.0000000        2.0062277        1.0000000        2.2063582        1.0000000       0.77144080        1.0000000       0.98090984        1.0000000        1.1963079 
       1.0000000        1.0000000        1.0000000        1.0000000       0.15400000        6.8836259        6.8399838       0.13332383       0.13750466      0.080899527      0.081980096      0.042186534      0.040262125       0.67559040       0.68924290       0.66958437       0.68544786       0.67539042       0.68321587        1.0000000        1.8216440        1.0000000        2.0051631        1.0000000        2.2065263        1.0000000       0.77035074        1.0000000       0.97984525        1.0000000        1.1964759 
       1.0000000        1.0000000        1.0000000        1.0000000       0.15500000        6.8683715        6.8249716       0.13335819       0.13757535      0.081000624      0.082020292      0.042290635      0.040212260       0.67550392       0.68939517       0.66965307       0.68575991       0.67622152       0.68312160        1.0000000        1.8220841        1.0000000        2.0061966        1.0000000        2.2060102        1.0000000       0.77079081        1.0000000       0.98087882        1.0000000        1.1959599 
       1.0000000        1.0000000        1.0000000        1.0000000       0.15600000        6.8636237        6.8204630       0.13316844       0.13761150      0.080759769      0.082047172      0.042133343      0.040206688       0.67498887       0.68927985       0.66854662       0.68560904       0.67542141       0.68312531        1.0000000        1.8218685        1.0000000        2.0058979        1.0000000        2.2060596        1.0000000       0.77057517        1.0000000       0.98058011        1.0000000        1.1960093 
       1.0000000        1.0000000        1.0000000        1.0000000       0.15700000        6.8549720        6.8120477       0.13307644       0.13752227      0.080718140      0.081970915      0.042162278      0.040186790       0.67464718       0.68908337       0.66815209       0.68542786       0.67596249       0.68297525        1.0000000        1.8213953        1.0000000        2.0051967        1.0000000        2.2050717        1.0000000       0.77010205        1.0000000       0.97987892        1.0000000        1.1950213 
       1.0000000        1.0000000        1.0000000        1.0000000       0.15800000        6.8347789        6.7921114       0.13303282       0.13758777      0.080678552      0.082061486      0.042135078      0.040236513       0.67450987       0.68928838       0.66789993       0.68574768       0.67574096       0.68331785        1.0000000        1.8219616        1.0000000        2.0062511        1.0000000        2.2066359        1.0000000       0.77066827        1.0000000       0.98093332        1.0000000        1.1965855 
       1.0000000        1.0000000        1.0000000        1.0000000       0.15900000        6.8141560        6.7717191       0.13307210       0.13751988      0.080715378      0.082040823      0.042179996      0.040231632       0.67471883       0.68902980       0.66813691       0.68574870       0.67619762       0.68327293        1.0000000        1.8212365        1.0000000        2.0062984        1.0000000        2.2066168        1.0000000       0.76994325        1.0000000       0.98098058        1.0000000        1.1965664 
       1.0000000        1.0000000        1.0000000        1.0000000       0.16000000        6.8029080        6.7606990       0.13302425       0.13767094      0.080715992      0.082170106      0.042215253      0.040276210       0.67469781       0.68912920       0.66850156       0.68600985       0.67680678       0.68325744        1.0000000        1.8215408        1.0000000        2.0075232        1.0000000        2.2069815        1.0000000       0.77024754        1.0000000       0.98220544        1.0000000        1.1969312 
