
       1.0000000        1.0000000        1.0000000        1.0000000      0.035000000        10.559540        10.405478       0.15028775       0.15361721      0.085245366      0.086863104      0.042665124      0.041985881       0.75940780       0.76434538       0.70726549       0.71258267       0.68818798       0.69125210        1.0000000        2.0470107        1.0000000        2.1093543        1.0000000        2.2589010        1.0000000       0.99571745        1.0000000        1.0840365        1.0000000        1.2488506 
       1.0000000        1.0000000        1.0000000        1.0000000      0.036000000        10.470502        10.320686       0.14974029       0.15285657      0.084987523      0.086421280      0.042256086      0.041611454       0.75659997       0.76112726       0.70546140       0.70982939       0.68722485       0.69006866        1.0000000        2.0379510        1.0000000        2.1008165        1.0000000        2.2512745        1.0000000       0.98665770        1.0000000        1.0754987        1.0000000        1.2412241 
       1.0000000        1.0000000        1.0000000        1.0000000      0.037000000        10.436913        10.291090       0.14913231       0.15208708      0.084938709      0.086195640      0.042324443      0.041412190       0.75437256       0.75865799       0.70461545       0.70849728       0.68697072       0.68955244        1.0000000        2.0301351        1.0000000        2.0961024        1.0000000        2.2484568        1.0000000       0.97884179        1.0000000        1.0707846        1.0000000        1.2384064 
       1.0000000        1.0000000        1.0000000        1.0000000      0.038000000        10.373399        10.231339       0.14840031       0.15058537      0.084660449      0.084706353      0.042181706      0.039967095       0.75185885       0.75511774       0.70312385       0.70547220       0.68582673       0.68284715        1.0000000        2.0193787        1.0000000        2.0851941        1.0000000        2.2174649        1.0000000       0.96808541        1.0000000        1.0598763        1.0000000        1.2074146 
       1.0000000        1.0000000        1.0000000        1.0000000      0.039000000        10.294862        10.156354       0.14720101       0.14946449      0.084363292      0.084210974      0.042515953      0.040152127       0.74865972       0.75235653       0.70154311       0.70368546       0.68557852       0.68219181        1.0000000        2.0110275        1.0000000        2.0773979        1.0000000        2.2167033        1.0000000       0.95973417        1.0000000        1.0520800        1.0000000        1.2066529 
       1.0000000        1.0000000        1.0000000        1.0000000      0.040000000        10.196474        10.061326       0.14643371       0.14918543      0.083959620      0.084337417      0.042289799      0.040365444       0.74600233       0.75028834       0.69982078       0.70296000       0.68418568       0.68248267        1.0000000        2.0046652        1.0000000        2.0750522        1.0000000        2.2180467        1.0000000       0.95337191        1.0000000        1.0497344        1.0000000        1.2079963 
       1.0000000        1.0000000        1.0000000        1.0000000      0.041000000        10.119650        9.9876852       0.14596232       0.14857934      0.084027587      0.084190930      0.042521973      0.040182376       0.74335035       0.74762963       0.69864291       0.70175270       0.68484196       0.68147954        1.0000000        1.9967166        1.0000000        2.0707404        1.0000000        2.2126353        1.0000000       0.94542333        1.0000000        1.0454226        1.0000000        1.2025849 
       1.0000000        1.0000000        1.0000000        1.0000000      0.042000000        10.071795        9.9428507       0.14526315       0.14776515      0.083829166      0.083785544      0.042504767      0.039896813       0.74116984       0.74501917       0.69766592       0.70005101       0.68452032       0.68050299        1.0000000        1.9886612        1.0000000        2.0639655        1.0000000        2.2054456        1.0000000       0.93736796        1.0000000        1.0386477        1.0000000        1.1953953 
       1.0000000        1.0000000        1.0000000        1.0000000      0.043000000        10.060882        9.9348084       0.14456821       0.14751186      0.083605091      0.083865807      0.042418789      0.039867496       0.73851196       0.74276866       0.69612148       0.69945659       0.68379365       0.68072218        1.0000000        1.9819311        1.0000000        2.0617533        1.0000000        2.2059792        1.0000000       0.93063782        1.0000000        1.0364355        1.0000000        1.1959288 
       1.0000000        1.0000000        1.0000000        1.0000000      0.044000000        10.009370        9.8860277       0.14373841       0.14713311      0.083174450      0.083850562      0.042101721      0.039706795       0.73538992       0.74039932       0.69373803       0.69871358       0.68299322       0.68061167        1.0000000        1.9749452        1.0000000        2.0591578        1.0000000        2.2049119        1.0000000       0.92365193        1.0000000        1.0338400        1.0000000        1.1948615 
       1.0000000        1.0000000        1.0000000        1.0000000      0.045000000        9.9378677        9.8173829       0.14339004       0.14779202      0.083178794      0.084628917      0.042187719      0.039929233       0.73304107       0.73980927       0.69265751       0.70040786       0.68288162       0.68148174        1.0000000        1.9733663        1.0000000        2.0670576        1.0000000        2.2143707        1.0000000       0.92207304        1.0000000        1.0417397        1.0000000        1.2043204 
       1.0000000        1.0000000        1.0000000        1.0000000      0.046000000        9.8649072        9.7468950       0.14259167       0.14782674      0.082925094      0.085029603      0.042396970      0.040098147       0.73065094       0.73862962       0.69140319       0.70042409       0.68111077       0.68219140        1.0000000        1.9695013        1.0000000        2.0670401        1.0000000        2.2202397        1.0000000       0.91820799        1.0000000        1.0417223        1.0000000        1.2101893 
       1.0000000        1.0000000        1.0000000        1.0000000      0.047000000        9.8256019        9.7099521       0.14190094       0.14726127      0.082486192      0.084669735      0.042094999      0.040077446       0.72740340       0.73653156       0.68931807       0.69873564       0.67863314       0.68130157        1.0000000        1.9636861        1.0000000        2.0607559        1.0000000        2.2126459        1.0000000       0.91239278        1.0000000        1.0354381        1.0000000        1.2025955 
       1.0000000        1.0000000        1.0000000        1.0000000      0.048000000        9.7599915        9.6466015       0.14155518       0.14770866      0.082306424      0.085157671      0.042036817      0.040283025       0.72535073       0.73610953       0.68786669       0.69901105       0.67784092       0.68207397        1.0000000        1.9626635        1.0000000        2.0624273        1.0000000        2.2185249        1.0000000       0.91137019        1.0000000        1.0371095        1.0000000        1.2084746 
       1.0000000        1.0000000        1.0000000        1.0000000      0.049000000        9.6834429        9.5722166       0.14122981       0.14744336      0.082118174      0.084900431      0.041787958      0.040137543       0.72379131       0.73436695       0.68606014       0.69842141       0.67555120       0.68107235        1.0000000        1.9579763        1.0000000        2.0613442        1.0000000        2.2136018        1.0000000       0.90668303        1.0000000        1.0360263        1.0000000        1.2035515 
       1.0000000        1.0000000        1.0000000        1.0000000      0.050000000        9.6296393        9.5204872       0.14115906       0.14799304      0.082183455      0.085343457      0.041965031      0.040295602       0.72245287       0.73460401       0.68535250       0.69954144       0.67665065       0.68141912        1.0000000        1.9589720        1.0000000        2.0660031        1.0000000        2.2169302        1.0000000       0.90767866        1.0000000        1.0406853        1.0000000        1.2068798 
       1.0000000        1.0000000        1.0000000        1.0000000      0.051000000        9.5290594        9.4218973       0.14082322       0.14787044      0.081804510      0.085400737      0.041436537      0.040533920       0.72115433       0.73404763       0.68517506       0.69968671       0.67439134       0.68231222        1.0000000        1.9571261        1.0000000        2.0662250        1.0000000        2.2225778        1.0000000       0.90583283        1.0000000        1.0409072        1.0000000        1.2125274 
       1.0000000        1.0000000        1.0000000        1.0000000      0.052000000        9.4901988        9.3849480       0.14066981       0.14716589      0.081816696      0.085051291      0.041451404      0.040372643       0.72009003       0.73213108       0.68476158       0.69868761       0.67455026       0.68209844        1.0000000        1.9512495        1.0000000        2.0620840        1.0000000        2.2196628        1.0000000       0.89995621        1.0000000        1.0367662        1.0000000        1.2096124 
       1.0000000        1.0000000        1.0000000        1.0000000      0.053000000        9.4378558        9.3344421       0.14042945       0.14649981      0.081878509      0.084794218      0.041592970      0.040327502       0.71877811       0.73044864       0.68417250       0.69837643       0.67541436       0.68214615        1.0000000        1.9457815        1.0000000        2.0600556        1.0000000        2.2172556        1.0000000       0.89448823        1.0000000        1.0347378        1.0000000        1.2072052 
       1.0000000        1.0000000        1.0000000        1.0000000      0.054000000        9.4242383        9.3225921       0.14014364       0.14642271      0.081861415      0.084686811      0.041648590      0.040046743       0.71683293       0.72886278       0.68301632       0.69772847       0.67579543       0.68107708        1.0000000        1.9417832        1.0000000        2.0589973        1.0000000        2.2111983        1.0000000       0.89048989        1.0000000        1.0336795        1.0000000        1.2011480 
       1.0000000        1.0000000        1.0000000        1.0000000      0.055000000        9.3679489        9.2680045       0.13990708       0.14633623      0.081696478      0.084841953      0.041545604      0.040058952       0.71540597       0.72769072       0.68203123       0.69766348       0.67469765       0.68129138        1.0000000        1.9383723        1.0000000        2.0590984        1.0000000        2.2137518        1.0000000       0.88707903        1.0000000        1.0337806        1.0000000        1.2037015 
       1.0000000        1.0000000        1.0000000        1.0000000      0.056000000        9.3220905        9.2239467       0.13950328       0.14458257      0.081624043      0.083356257      0.041672142      0.039356340       0.71411792       0.72558391       0.68130722       0.69611900       0.67481800       0.68042873        1.0000000        1.9306034        1.0000000        2.0503384        1.0000000        2.2034157        1.0000000       0.87931014        1.0000000        1.0250206        1.0000000        1.1933653 
       1.0000000        1.0000000        1.0000000        1.0000000      0.057000000        9.2857627        9.1891946       0.13927289       0.14443574      0.081492030      0.083352007      0.041579408      0.039283226       0.71278871       0.72468171       0.68035681       0.69610611       0.67398326       0.68066547        1.0000000        1.9279006        1.0000000        2.0504194        1.0000000        2.2038691        1.0000000       0.87660729        1.0000000        1.0251016        1.0000000        1.1938187 
       1.0000000        1.0000000        1.0000000        1.0000000      0.058000000        9.2441585        9.1491111       0.13914499       0.14436466      0.081530034      0.083401726      0.041630341      0.039250822       0.71165554       0.72412152       0.68011039       0.69659604       0.67434985       0.68069749        1.0000000        1.9260125        1.0000000        2.0515221        1.0000000        2.2036256        1.0000000       0.87471923        1.0000000        1.0262042        1.0000000        1.1935753 
       1.0000000        1.0000000        1.0000000        1.0000000      0.059000000        9.1936805        9.1001017       0.13894417       0.14439136      0.081507524      0.083540469      0.041647788      0.039399962       0.71061309       0.72293233       0.67941221       0.69671625       0.67365801       0.68082627        1.0000000        1.9229473        1.0000000        2.0527596        1.0000000        2.2048853        1.0000000       0.87165399        1.0000000        1.0274417        1.0000000        1.1948350 
       1.0000000        1.0000000        1.0000000        1.0000000      0.060000000        9.1309910        9.0388316       0.13879499       0.14420478      0.081451766      0.083525653      0.041616926      0.039484998       0.70938717       0.72244670       0.67873381       0.69654530       0.67294697       0.68104493        1.0000000        1.9213845        1.0000000        2.0515020        1.0000000        2.2068692        1.0000000       0.87009124        1.0000000        1.0261842        1.0000000        1.1968189 
       1.0000000        1.0000000        1.0000000        1.0000000      0.061000000        9.0962321        9.0054452       0.13855074       0.14475906      0.081406790      0.084071469      0.041599404      0.039789363       0.70831277       0.72290230       0.67856185       0.69754573       0.67250765       0.68243443        1.0000000        1.9228115        1.0000000        2.0556506        1.0000000        2.2157576        1.0000000       0.87151817        1.0000000        1.0303328        1.0000000        1.2057073 
       1.0000000        1.0000000        1.0000000        1.0000000      0.062000000        9.0914002        9.0019414       0.13801485       0.14473509      0.081259171      0.084170824      0.041671337      0.039821384       0.70666576       0.72169204       0.67737889       0.69761076       0.67348478       0.68304836        1.0000000        1.9197146        1.0000000        2.0557088        1.0000000        2.2180886        1.0000000       0.86842127        1.0000000        1.0303910        1.0000000        1.2080382 
       1.0000000        1.0000000        1.0000000        1.0000000      0.063000000        9.0486196        8.9604467       0.13776830       0.14477865      0.081190814      0.084204055      0.041629048      0.039654313       0.70483801       0.72113607       0.67653029       0.69748030       0.67263827       0.68259312        1.0000000        1.9181394        1.0000000        2.0553661        1.0000000        2.2150713        1.0000000       0.86684606        1.0000000        1.0300483        1.0000000        1.2050210 
       1.0000000        1.0000000        1.0000000        1.0000000      0.064000000        9.0094831        8.9225558       0.13741765       0.14473144      0.080982529      0.084177069      0.041558647      0.039619473       0.70329886       0.72053352       0.67525823       0.69683920       0.67207222       0.68256536        1.0000000        1.9164359        1.0000000        2.0530620        1.0000000        2.2144240        1.0000000       0.86514263        1.0000000        1.0277442        1.0000000        1.2043736 
       1.0000000        1.0000000        1.0000000        1.0000000      0.065000000        8.9673915        8.8816717       0.13717025       0.14501694      0.080908594      0.084363953      0.041653969      0.039745758       0.70218353       0.72032075       0.67440089       0.69774731       0.67199450       0.68294932        1.0000000        1.9161189        1.0000000        2.0566996        1.0000000        2.2170062        1.0000000       0.86482560        1.0000000        1.0313818        1.0000000        1.2069558 
       1.0000000        1.0000000        1.0000000        1.0000000      0.066000000        8.9198894        8.8353405       0.13706229       0.14472153      0.080867706      0.084194222      0.041626460      0.039684678       0.70099231       0.71973309       0.67369543       0.69735841       0.67171132       0.68251358        1.0000000        1.9142997        1.0000000        2.0554089        1.0000000        2.2151827        1.0000000       0.86300645        1.0000000        1.0300911        1.0000000        1.2051323 
       1.0000000        1.0000000        1.0000000        1.0000000      0.067000000        8.8684067        8.7851057       0.13704439       0.14481489      0.080960891      0.084285262      0.041724414      0.039864112       0.70042274       0.71920628       0.67372215       0.69781075       0.67249252       0.68285157        1.0000000        1.9129993        1.0000000        2.0572920        1.0000000        2.2183270        1.0000000       0.86170600        1.0000000        1.0319742        1.0000000        1.2082767 
       1.0000000        1.0000000        1.0000000        1.0000000      0.068000000        8.8326667        8.7504655       0.13687866       0.14514661      0.080940754      0.084615446      0.041696979      0.039885043       0.69930338       0.71939596       0.67319981       0.69789515       0.67180607       0.68323248        1.0000000        1.9138055        1.0000000        2.0579682        1.0000000        2.2207234        1.0000000       0.86251219        1.0000000        1.0326504        1.0000000        1.2106730 
       1.0000000        1.0000000        1.0000000        1.0000000      0.069000000        8.8047456        8.7236125       0.13690133       0.14522152      0.081161505      0.084714784      0.041994965      0.040184553       0.69889888       0.71916671       0.67373520       0.69821489       0.67393836       0.68422391        1.0000000        1.9132814        1.0000000        2.0591817        1.0000000        2.2261240        1.0000000       0.86198814        1.0000000        1.0338639        1.0000000        1.2160737 
       1.0000000        1.0000000        1.0000000        1.0000000      0.070000000        8.7704655        8.6903704       0.13690093       0.14529733      0.081280017      0.084782251      0.042182380      0.040230248       0.69829985       0.71916371       0.67375256       0.69835602       0.67535357       0.68464731        1.0000000        1.9132512        1.0000000        2.0596895        1.0000000        2.2285984        1.0000000       0.86195788        1.0000000        1.0343717        1.0000000        1.2185481 
       1.0000000        1.0000000        1.0000000        1.0000000      0.071000000        8.7447447        8.6656588       0.13674524       0.14534111      0.081264893      0.084865758      0.042239387      0.040256030       0.69767651       0.71895767       0.67342350       0.69879405       0.67524397       0.68538328        1.0000000        1.9126688        1.0000000        2.0608566        1.0000000        2.2323310        1.0000000       0.86137547        1.0000000        1.0355388        1.0000000        1.2222807 
       1.0000000        1.0000000        1.0000000        1.0000000      0.072000000        8.7273328        8.6492283       0.13666034       0.14509678      0.081402599      0.084808929      0.042464410      0.040468511       0.69710661       0.71818120       0.67352539       0.69837147       0.67657349       0.68567305        1.0000000        1.9103257        1.0000000        2.0594796        1.0000000        2.2344368        1.0000000       0.85903238        1.0000000        1.0341618        1.0000000        1.2243864 
       1.0000000        1.0000000        1.0000000        1.0000000      0.073000000        8.6945054        8.6173560       0.13669256       0.14515189      0.081562449      0.084983501      0.042569531      0.040629932       0.69658247       0.71765153       0.67355797       0.69850459       0.67647431       0.68641906        1.0000000        1.9088152        1.0000000        2.0596947        1.0000000        2.2387011        1.0000000       0.85752186        1.0000000        1.0343768        1.0000000        1.2286508 
       1.0000000        1.0000000        1.0000000        1.0000000      0.074000000        8.6680008        8.5917810       0.13659898       0.14522592      0.081598455      0.085037122      0.042668447      0.040564664       0.69583232       0.71720770       0.67359634       0.69867764       0.67698963       0.68647126        1.0000000        1.9076817        1.0000000        2.0600436        1.0000000        2.2381505        1.0000000       0.85638843        1.0000000        1.0347258        1.0000000        1.2281002 
       1.0000000        1.0000000        1.0000000        1.0000000      0.075000000        8.6508474        8.5755329       0.13649812       0.14467537      0.081698720      0.084633480      0.042717493      0.040250672       0.69498517       0.71607387       0.67356368       0.69730432       0.67706007       0.68470041        1.0000000        1.9042965        1.0000000        2.0548907        1.0000000        2.2285852        1.0000000       0.85300323        1.0000000        1.0295729        1.0000000        1.2185349 
       1.0000000        1.0000000        1.0000000        1.0000000      0.076000000        8.6359718        8.5615393       0.13646121       0.14514449      0.081591661      0.084930127      0.042573284      0.040458920       0.69431342       0.71647255       0.67344632       0.69816562       0.67693396       0.68511068        1.0000000        1.9058529        1.0000000        2.0584038        1.0000000        2.2315033        1.0000000       0.85455960        1.0000000        1.0330860        1.0000000        1.2214530 
       1.0000000        1.0000000        1.0000000        1.0000000      0.077000000        8.6093043        8.5357312       0.13630642       0.14511803      0.081497639      0.084826779      0.042457842      0.040374917       0.69355926       0.71646924       0.67318794       0.69783092       0.67687926       0.68489792        1.0000000        1.9058552        1.0000000        2.0574836        1.0000000        2.2305844        1.0000000       0.85456191        1.0000000        1.0321658        1.0000000        1.2205341 
       1.0000000        1.0000000        1.0000000        1.0000000      0.078000000        8.5749093        8.5021741       0.13622962       0.14500298      0.081495527      0.084809586      0.042436039      0.040308663       0.69293528       0.71605624       0.67310061       0.69757848       0.67649930       0.68487142        1.0000000        1.9045082        1.0000000        2.0564359        1.0000000        2.2300860        1.0000000       0.85321491        1.0000000        1.0311181        1.0000000        1.2200357 
       1.0000000        1.0000000        1.0000000        1.0000000      0.079000000        8.5465986        8.4747612       0.13618557       0.14463497      0.081514626      0.084532358      0.042416179      0.040112883       0.69251553       0.71540554       0.67324875       0.69702431       0.67663704       0.68429032        1.0000000        1.9024863        1.0000000        2.0540246        1.0000000        2.2258363        1.0000000       0.85119298        1.0000000        1.0287068        1.0000000        1.2157859 
       1.0000000        1.0000000        1.0000000        1.0000000      0.080000000        8.5189452        8.4479030       0.13618816       0.14454009      0.081591405      0.084406117      0.042451589      0.040068901       0.69216613       0.71519848       0.67331505       0.69670427       0.67688511       0.68390686        1.0000000        1.9019101        1.0000000        2.0529254        1.0000000        2.2245159        1.0000000       0.85061680        1.0000000        1.0276076        1.0000000        1.2144655 
       1.0000000        1.0000000        1.0000000        1.0000000      0.081000000        8.4909315        8.4206655       0.13611373       0.14467784      0.081537423      0.084469431      0.042343303      0.039969812       0.69176833       0.71551979       0.67320291       0.69704787       0.67621116       0.68380248        1.0000000        1.9028434        1.0000000        2.0539812        1.0000000        2.2234301        1.0000000       0.85155016        1.0000000        1.0286634        1.0000000        1.2133798 
       1.0000000        1.0000000        1.0000000        1.0000000      0.082000000        8.4611317        8.3916233       0.13582616       0.14486990      0.081352553      0.084584382      0.042283758      0.039993934       0.69087182       0.71544147       0.67271431       0.69788896       0.67575061       0.68412729        1.0000000        1.9027089        1.0000000        2.0567493        1.0000000        2.2249330        1.0000000       0.85141558        1.0000000        1.0314315        1.0000000        1.2148826 
       1.0000000        1.0000000        1.0000000        1.0000000      0.083000000        8.4361172        8.3673489       0.13575811       0.14496170      0.081313379      0.084596356      0.042188024      0.040017523       0.69033932       0.71570086       0.67253015       0.69811340       0.67547560       0.68438893        1.0000000        1.9034102        1.0000000        2.0576936        1.0000000        2.2265518        1.0000000       0.85211689        1.0000000        1.0323758        1.0000000        1.2165014 
       1.0000000        1.0000000        1.0000000        1.0000000      0.084000000        8.3949921        8.3269465       0.13566676       0.14442239      0.081319940      0.084476714      0.042211588      0.040116733       0.68983099       0.71425958       0.67235319       0.69756859       0.67542607       0.68498602        1.0000000        1.8989310        1.0000000        2.0550062        1.0000000        2.2276099        1.0000000       0.84763775        1.0000000        1.0296884        1.0000000        1.2175596 
       1.0000000        1.0000000        1.0000000        1.0000000      0.085000000        8.3756080        8.3082688       0.13570954       0.14460161      0.081370946      0.084646243      0.042187241      0.040163185       0.68962798       0.71409544       0.67253267       0.69771804       0.67535153       0.68510343        1.0000000        1.8986441        1.0000000        2.0558290        1.0000000        2.2292569        1.0000000       0.84735079        1.0000000        1.0305111        1.0000000        1.2192066 
       1.0000000        1.0000000        1.0000000        1.0000000      0.086000000        8.3610240        8.2943751       0.13552510       0.14488508      0.081207797      0.084748392      0.042017791      0.040158327       0.68907722       0.71455172       0.67207429       0.69812733       0.67453934       0.68449977        1.0000000        1.9000909        1.0000000        2.0577318        1.0000000        2.2270485        1.0000000       0.84879764        1.0000000        1.0324140        1.0000000        1.2169981 
       1.0000000        1.0000000        1.0000000        1.0000000      0.087000000        8.3390798        8.2731060       0.13543918       0.14490834      0.081189552      0.084709311      0.042032493      0.040146690       0.68864319       0.71491412       0.67217652       0.69832961       0.67469422       0.68434388        1.0000000        1.9011630        1.0000000        2.0583670        1.0000000        2.2268694        1.0000000       0.84986968        1.0000000        1.0330492        1.0000000        1.2168190 
       1.0000000        1.0000000        1.0000000        1.0000000      0.088000000        8.3329314        8.2676177       0.13543708       0.14528510      0.081272338      0.085045771      0.042205828      0.040360944       0.68806748       0.71547501       0.67237403       0.69923751       0.67537017       0.68550957        1.0000000        1.9027971        1.0000000        2.0615189        1.0000000        2.2314172        1.0000000       0.85150385        1.0000000        1.0362011        1.0000000        1.2213669 
       1.0000000        1.0000000        1.0000000        1.0000000      0.089000000        8.3117327        8.2470649       0.13549483       0.14555696      0.081479614      0.085268571      0.042399913      0.040485771       0.68792210       0.71584833       0.67270834       0.69980905       0.67575291       0.68593406        1.0000000        1.9039478        1.0000000        2.0638113        1.0000000        2.2344330        1.0000000       0.85265453        1.0000000        1.0384935        1.0000000        1.2243827 
       1.0000000        1.0000000        1.0000000        1.0000000      0.090000000        8.2968246        8.2328511       0.13561277       0.14580388      0.081567614      0.085422062      0.042429342      0.040596967       0.68804061       0.71656706       0.67296105       0.70018908       0.67574558       0.68631772        1.0000000        1.9060553        1.0000000        2.0653567        1.0000000        2.2368865        1.0000000       0.85476198        1.0000000        1.0400389        1.0000000        1.2268362 
       1.0000000        1.0000000        1.0000000        1.0000000      0.091000000        8.2613021        8.1979459       0.13560818       0.14595491      0.081598205      0.085564046      0.042469185      0.040696120       0.68758728       0.71677900       0.67318059       0.70038835       0.67607751       0.68661157        1.0000000        1.9067011        1.0000000        2.0663592        1.0000000        2.2389858        1.0000000       0.85540784        1.0000000        1.0410414        1.0000000        1.2289355 
       1.0000000        1.0000000        1.0000000        1.0000000      0.092000000        8.2532894        8.1905375       0.13540453       0.14591019      0.081435778      0.085501306      0.042316994      0.040662029       0.68702027       0.71673214       0.67297229       0.70022490       0.67603988       0.68679460        1.0000000        1.9067146        1.0000000        2.0655724        1.0000000        2.2386760        1.0000000       0.85542126        1.0000000        1.0402546        1.0000000        1.2286257 
       1.0000000        1.0000000        1.0000000        1.0000000      0.093000000        8.2432025        8.1810423       0.13553640       0.14596126      0.081693499      0.085578504      0.042620519      0.040701118       0.68701301       0.71684241       0.67348090       0.70049811       0.67692163       0.68693660        1.0000000        1.9069791        1.0000000        2.0666463        1.0000000        2.2393604        1.0000000       0.85568581        1.0000000        1.0413285        1.0000000        1.2293100 
       1.0000000        1.0000000        1.0000000        1.0000000      0.094000000        8.2153820        8.1538015       0.13558592       0.14603695      0.081756918      0.085719697      0.042676036      0.040780007       0.68677190       0.71673883       0.67365379       0.70081062       0.67698676       0.68709305        1.0000000        1.9067563        1.0000000        2.0679366        1.0000000        2.2409378        1.0000000       0.85546304        1.0000000        1.0426188        1.0000000        1.2308875 
       1.0000000        1.0000000        1.0000000        1.0000000      0.095000000        8.2016900        8.1406774       0.13563834       0.14604725      0.081843718      0.085694436      0.042729905      0.040801940       0.68657005       0.71682546       0.67395621       0.70086511       0.67689650       0.68710496        1.0000000        1.9069602        1.0000000        2.0681418        1.0000000        2.2408334        1.0000000       0.85566687        1.0000000        1.0428240        1.0000000        1.2307831 
       1.0000000        1.0000000        1.0000000        1.0000000      0.096000000        8.1788724        8.1184163       0.13566963       0.14599727      0.081899762      0.085657708      0.042784392      0.040796705       0.68616920       0.71680910       0.67415641       0.70096541       0.67697900       0.68719415        1.0000000        1.9068673        1.0000000        2.0683807        1.0000000        2.2410394        1.0000000       0.85557403        1.0000000        1.0430629        1.0000000        1.2309890 
       1.0000000        1.0000000        1.0000000        1.0000000      0.097000000        8.1588833        8.0989727       0.13551781       0.14588741      0.081719408      0.085568278      0.042567252      0.040545767       0.68588973       0.71611908       0.67410533       0.70082498       0.67680570       0.68586004        1.0000000        1.9048767        1.0000000        2.0684926        1.0000000        2.2357390        1.0000000       0.85358345        1.0000000        1.0431748        1.0000000        1.2256887 
       1.0000000        1.0000000        1.0000000        1.0000000      0.098000000        8.1532768        8.0939011       0.13547163       0.14556047      0.081708375      0.085440437      0.042584584      0.040448917       0.68543130       0.71445238       0.67401304       0.69970528       0.67684662       0.68499348        1.0000000        1.9003592        1.0000000        2.0646134        1.0000000        2.2313231        1.0000000       0.84906592        1.0000000        1.0392956        1.0000000        1.2212727 
       1.0000000        1.0000000        1.0000000        1.0000000      0.099000000        8.1246127        8.0657614       0.13550288       0.14519238      0.081744035      0.085221782      0.042566065      0.040387381       0.68517285       0.71366210       0.67423881       0.69956644       0.67675061       0.68536665        1.0000000        1.8978791        1.0000000        2.0632948        1.0000000        2.2314820        1.0000000       0.84658577        1.0000000        1.0379770        1.0000000        1.2214317 
       1.0000000        1.0000000        1.0000000        1.0000000       0.10000000        8.0962778        8.0379409       0.13549483       0.14534172      0.081727149      0.085325887      0.042490539      0.040397247       0.68501695       0.71389288       0.67437152       0.70002797       0.67655980       0.68570769        1.0000000        1.8985687        1.0000000        2.0647696        1.0000000        2.2332805        1.0000000       0.84727545        1.0000000        1.0394518        1.0000000        1.2232302 
       1.0000000        1.0000000        1.0000000        1.0000000       0.10100000        8.0756609        8.0178786       0.13541520       0.14567527      0.081675907      0.085535922      0.042469651      0.040535432       0.68439082       0.71504045       0.67429856       0.70127581       0.67650087       0.68658464        1.0000000        1.9017779        1.0000000        2.0689452        1.0000000        2.2372778        1.0000000       0.85048462        1.0000000        1.0436274        1.0000000        1.2272275 
       1.0000000        1.0000000        1.0000000        1.0000000       0.10200000        8.0645781        8.0072900       0.13533471       0.14593486      0.081596936      0.085686653      0.042436194      0.040590854       0.68430396       0.71570890       0.67414605       0.70210172       0.67606993       0.68714954        1.0000000        1.9037121        1.0000000        2.0714225        1.0000000        2.2394232        1.0000000       0.85241878        1.0000000        1.0461047        1.0000000        1.2293729 
       1.0000000        1.0000000        1.0000000        1.0000000       0.10300000        8.0479807        7.9911777       0.13534771       0.14612338      0.081609631      0.086020029      0.042409332      0.041017343       0.68428707       0.71624153       0.67415728       0.70345214       0.67595860       0.68948124        1.0000000        1.9050656        1.0000000        2.0755902        1.0000000        2.2497661        1.0000000       0.85377230        1.0000000        1.0502724        1.0000000        1.2397158 
       1.0000000        1.0000000        1.0000000        1.0000000       0.10400000        8.0412946        7.9849677       0.13535090       0.14609032      0.081597450      0.086045676      0.042343770      0.041013148       0.68415430       0.71619224       0.67436955       0.70330242       0.67598449       0.68957490        1.0000000        1.9048866        1.0000000        2.0748190        1.0000000        2.2501522        1.0000000       0.85359334        1.0000000        1.0495012        1.0000000        1.2401018 
       1.0000000        1.0000000        1.0000000        1.0000000       0.10500000        8.0287507        7.9728912       0.13533932       0.14591039      0.081621490      0.086037406      0.042411240      0.040918692       0.68398694       0.71562220       0.67438301       0.70330223       0.67637251       0.69010594        1.0000000        1.9028960        1.0000000        2.0738141        1.0000000        2.2522418        1.0000000       0.85160266        1.0000000        1.0484963        1.0000000        1.2421915 
       1.0000000        1.0000000        1.0000000        1.0000000       0.10600000        8.0100905        7.9546901       0.13540575       0.14591762      0.081692714      0.086163961      0.042485615      0.041005640       0.68391369       0.71534661       0.67462882       0.70346575       0.67662138       0.69077678        1.0000000        1.9020968        1.0000000        2.0742268        1.0000000        2.2555845        1.0000000       0.85080353        1.0000000        1.0489090        1.0000000        1.2455342 
       1.0000000        1.0000000        1.0000000        1.0000000       0.10700000        7.9925445        7.9375950       0.13544326       0.14575893      0.081757135      0.086023073      0.042560615      0.040943500       0.68354756       0.71503525       0.67463572       0.70322144       0.67654695       0.69049934        1.0000000        1.9010747        1.0000000        2.0732075        1.0000000        2.2539335        1.0000000       0.84978139        1.0000000        1.0478897        1.0000000        1.2438832 
       1.0000000        1.0000000        1.0000000        1.0000000       0.10800000        7.9734945        7.9189879       0.13543741       0.14593940      0.081769644      0.086118689      0.042632824      0.040893281       0.68339832       0.71536425       0.67472077       0.70307986       0.67690977       0.69036819        1.0000000        1.9021576        1.0000000        2.0729227        1.0000000        2.2533057        1.0000000       0.85086426        1.0000000        1.0476049        1.0000000        1.2432553 
       1.0000000        1.0000000        1.0000000        1.0000000       0.10900000        7.9621575        7.9080861       0.13548352       0.14608209      0.081810232      0.086229784      0.042644136      0.040910533       0.68338540       0.71563428       0.67485022       0.70350114       0.67697085       0.69032606        1.0000000        1.9029137        1.0000000        2.0749391        1.0000000        2.2531595        1.0000000       0.85162041        1.0000000        1.0496213        1.0000000        1.2431092 
       1.0000000        1.0000000        1.0000000        1.0000000       0.11000000        7.9258039        7.8721601       0.13553250       0.14590703      0.081867578      0.086232629      0.042694840      0.041059244       0.68337782       0.71549238       0.67500056       0.70413411       0.67719026       0.69121615        1.0000000        1.9021191        1.0000000        2.0764053        1.0000000        2.2580895        1.0000000       0.85082580        1.0000000        1.0510875        1.0000000        1.2480392 
       1.0000000        1.0000000        1.0000000        1.0000000       0.11100000        7.8999293        7.8467058       0.13541068       0.14616473      0.081832699      0.086525975      0.042679800      0.041273553       0.68293510       0.71610571       0.67478766       0.70516399       0.67723213       0.69244440        1.0000000        1.9039102        1.0000000        2.0797319        1.0000000        2.2636086        1.0000000       0.85261686        1.0000000        1.0544140        1.0000000        1.2535583 
       1.0000000        1.0000000        1.0000000        1.0000000       0.11200000        7.8839327        7.8311223       0.13542840       0.14642615      0.081916803      0.086856887      0.042931084      0.041602955       0.68299186       0.71641049       0.67450261       0.70602756       0.67784604       0.69351086        1.0000000        1.9047389        1.0000000        2.0829086        1.0000000        2.2703598        1.0000000       0.85344563        1.0000000        1.0575908        1.0000000        1.2603094 
       1.0000000        1.0000000        1.0000000        1.0000000       0.11300000        7.8584322        7.8060682       0.13518466       0.14646502      0.081715192      0.086936184      0.042803005      0.041651104       0.68249121       0.71628369       0.67328846       0.70616619       0.67593009       0.69384172        1.0000000        1.9043250        1.0000000        2.0833103        1.0000000        2.2721198        1.0000000       0.85303172        1.0000000        1.0579925        1.0000000        1.2620694 
       1.0000000        1.0000000        1.0000000        1.0000000       0.11400000        7.8443919        7.7924266       0.13483058       0.14663952      0.081404658      0.087132438      0.042530519      0.041812527       0.68147149       0.71707547       0.67204165       0.70751731       0.67472251       0.69552894        1.0000000        1.9063895        1.0000000        2.0873001        1.0000000        2.2789404        1.0000000       0.85509622        1.0000000        1.0619823        1.0000000        1.2688901 
       1.0000000        1.0000000        1.0000000        1.0000000       0.11500000        7.8191301        7.7675570       0.13479014       0.14655335      0.081379884      0.087202792      0.042508128      0.041802407       0.68129425       0.71609581       0.67208309       0.70683244       0.67469073       0.69556366        1.0000000        1.9034847        1.0000000        2.0854805        1.0000000        2.2791669        1.0000000       0.85219141        1.0000000        1.0601627        1.0000000        1.2691165 
       1.0000000        1.0000000        1.0000000        1.0000000       0.11600000        7.8032273        7.7520400       0.13479416       0.14663212      0.081396711      0.087370524      0.042559552      0.041939844       0.68112444       0.71588308       0.67211350       0.70695788       0.67501223       0.69591866        1.0000000        1.9029004        1.0000000        2.0859649        1.0000000        2.2816044        1.0000000       0.85160707        1.0000000        1.0606471        1.0000000        1.2715540 
       1.0000000        1.0000000        1.0000000        1.0000000       0.11700000        7.7906362        7.7398284       0.13481577       0.14663349      0.081391254      0.087388350      0.042504980      0.041921017       0.68121213       0.71563204       0.67238441       0.70681209       0.67477214       0.69584301        1.0000000        1.9022332        1.0000000        2.0855638        1.0000000        2.2813839        1.0000000       0.85093987        1.0000000        1.0602460        1.0000000        1.2713335 
       1.0000000        1.0000000        1.0000000        1.0000000       0.11800000        7.7688946        7.7184601       0.13476048       0.14668205      0.081268999      0.087392217      0.042329934      0.041895108       0.68072684       0.71568805       0.67157333       0.70683272       0.67359804       0.69581863        1.0000000        1.9024233        1.0000000        2.0857875        1.0000000        2.2813768        1.0000000       0.85112998        1.0000000        1.0604697        1.0000000        1.2713265 
       1.0000000        1.0000000        1.0000000        1.0000000       0.11900000        7.7404855        7.6904185       0.13477685       0.14608551      0.081348081      0.086886178      0.042472309      0.041636341       0.68033209       0.71454690       0.67166033       0.70576424       0.67372499       0.69484962        1.0000000        1.8990271        1.0000000        2.0815513        1.0000000        2.2761393        1.0000000       0.84773380        1.0000000        1.0562335        1.0000000        1.2660889 
       1.0000000        1.0000000        1.0000000        1.0000000       0.12000000        7.7240437        7.6743383       0.13476706       0.14630181      0.081387833      0.087223537      0.042505319      0.042042564       0.68001678       0.71482085       0.67158575       0.70616972       0.67380415       0.69542815        1.0000000        1.8998591        1.0000000        2.0835216        1.0000000        2.2814672        1.0000000       0.84856578        1.0000000        1.0582038        1.0000000        1.2714169 
       1.0000000        1.0000000        1.0000000        1.0000000       0.12100000        7.7114498        7.6621003       0.13478371       0.14658957      0.081422196      0.087340644      0.042535791      0.042068939       0.67990352       0.71585522       0.67170881       0.70670571       0.67400228       0.69519289        1.0000000        1.9027965        1.0000000        2.0857723        1.0000000        2.2803610        1.0000000       0.85150320        1.0000000        1.0604545        1.0000000        1.2703107 
       1.0000000        1.0000000        1.0000000        1.0000000       0.12200000        7.7035284        7.6545294       0.13472058       0.14671990      0.081359825      0.087469926      0.042469685      0.042189103       0.67956324       0.71597192       0.67126413       0.70700110       0.67338894       0.69549689        1.0000000        1.9031518        1.0000000        2.0871464        1.0000000        2.2827403        1.0000000       0.85185849        1.0000000        1.0618286        1.0000000        1.2726900 
       1.0000000        1.0000000        1.0000000        1.0000000       0.12300000        7.6867058        7.6380518       0.13488015       0.14678064      0.081469050      0.087529846      0.042449554      0.042246619       0.67970063       0.71593713       0.67139545       0.70719400       0.67286867       0.69562339        1.0000000        1.9030497        1.0000000        2.0881464        1.0000000        2.2836623        1.0000000       0.85175645        1.0000000        1.0628286        1.0000000        1.2736120 
       1.0000000        1.0000000        1.0000000        1.0000000       0.12400000        7.6532980        7.6050174       0.13491742       0.14700030      0.081524809      0.087659807      0.042512700      0.042256660       0.67987365       0.71623087       0.67165364       0.70774495       0.67311258       0.69586200        1.0000000        1.9039475        1.0000000        2.0901642        1.0000000        2.2846305        1.0000000       0.85265420        1.0000000        1.0648464        1.0000000        1.2745802 
       1.0000000        1.0000000        1.0000000        1.0000000       0.12500000        7.6356505        7.5877040       0.13487656       0.14694821      0.081478543      0.087644569      0.042482694      0.042308990       0.67965459       0.71618285       0.67135472       0.70777159       0.67305754       0.69623731        1.0000000        1.9037064        1.0000000        2.0898720        1.0000000        2.2864874        1.0000000       0.85241314        1.0000000        1.0645542        1.0000000        1.2764371 
       1.0000000        1.0000000        1.0000000        1.0000000       0.12600000        7.6130257        7.5654083       0.13494527       0.14698473      0.081612991      0.087700380      0.042637379      0.042317388       0.67987788       0.71617959       0.67186627       0.70787306       0.67394636       0.69620501        1.0000000        1.9036547        1.0000000        2.0902795        1.0000000        2.2864213        1.0000000       0.85236139        1.0000000        1.0649617        1.0000000        1.2763710 
       1.0000000        1.0000000        1.0000000        1.0000000       0.12700000        7.5965899        7.5492967       0.13502966       0.14692564      0.081697421      0.087623856      0.042669604      0.042305745       0.68007365       0.71603690       0.67208502       0.70759183       0.67390535       0.69584742        1.0000000        1.9032902        1.0000000        2.0894438        1.0000000        2.2850543        1.0000000       0.85199695        1.0000000        1.0641260        1.0000000        1.2750040 
       1.0000000        1.0000000        1.0000000        1.0000000       0.12800000        7.5801380        7.5331642       0.13506569       0.14695304      0.081716761      0.087696747      0.042640387      0.042344450       0.68004876       0.71588983       0.67199369       0.70778228       0.67378185       0.69619161        1.0000000        1.9028729        1.0000000        2.0899154        1.0000000        2.2866609        1.0000000       0.85157959        1.0000000        1.0645976        1.0000000        1.2766106 
       1.0000000        1.0000000        1.0000000        1.0000000       0.12900000        7.5602925        7.5136334       0.13501903       0.14716675      0.081732998      0.087838507      0.042681308      0.042415734       0.67985011       0.71633142       0.67202865       0.70825797       0.67410401       0.69643257        1.0000000        1.9041567        1.0000000        2.0918416        1.0000000        2.2885656        1.0000000       0.85286344        1.0000000        1.0665237        1.0000000        1.2785153 
       1.0000000        1.0000000        1.0000000        1.0000000       0.13000000        7.5396897        7.4933408       0.13498129       0.14732163      0.081718380      0.087933532      0.042692786      0.042360422       0.67976264       0.71667265       0.67184349       0.70878681       0.67404139       0.69651367        1.0000000        1.9051242        1.0000000        2.0937480        1.0000000        2.2890145        1.0000000       0.85383089        1.0000000        1.0684302        1.0000000        1.2789642 
       1.0000000        1.0000000        1.0000000        1.0000000       0.13100000        7.5292498        7.4832067       0.13508765       0.14737255      0.081878941      0.088030473      0.042786204      0.042418852       0.67980304       0.71620544       0.67226421       0.70861644       0.67455410       0.69648996        1.0000000        1.9039867        1.0000000        2.0934467        1.0000000        2.2897746        1.0000000       0.85269338        1.0000000        1.0681289        1.0000000        1.2797243 
       1.0000000        1.0000000        1.0000000        1.0000000       0.13200000        7.5125964        7.4668545       0.13505775       0.14736695      0.081873459      0.088055982      0.042792856      0.042423837       0.67980925       0.71592451       0.67229445       0.70834893       0.67478088       0.69640851        1.0000000        1.9032057        1.0000000        2.0924607        1.0000000        2.2900095        1.0000000       0.85191238        1.0000000        1.0671429        1.0000000        1.2799591 
       1.0000000        1.0000000        1.0000000        1.0000000       0.13300000        7.5001204        7.4546756       0.13505734       0.14744647      0.081910126      0.088125257      0.042838686      0.042448342       0.67981481       0.71605436       0.67231548       0.70853627       0.67488743       0.69664270        1.0000000        1.9036365        1.0000000        2.0931152        1.0000000        2.2910049        1.0000000       0.85234324        1.0000000        1.0677974        1.0000000        1.2809545 
       1.0000000        1.0000000        1.0000000        1.0000000       0.13400000        7.4778784        7.4327265       0.13503199       0.14768220      0.081871226      0.088343956      0.042718029      0.042554803       0.67959712       0.71646272       0.67218665       0.70910473       0.67424658       0.69713664        1.0000000        1.9048389        1.0000000        2.0952465        1.0000000        2.2943884        1.0000000       0.85354558        1.0000000        1.0699287        1.0000000        1.2843381 
       1.0000000        1.0000000        1.0000000        1.0000000       0.13500000        7.4529746        7.4081401       0.13494676       0.14773545      0.081826811      0.088481249      0.042722568      0.042668036       0.67931675       0.71644119       0.67170300       0.70961785       0.67420395       0.69797873        1.0000000        1.9047354        1.0000000        2.0967617        1.0000000        2.2976343        1.0000000       0.85344208        1.0000000        1.0714439        1.0000000        1.2875839 
       1.0000000        1.0000000        1.0000000        1.0000000       0.13600000        7.4351799        7.3906299       0.13483708       0.14788689      0.081725457      0.088589611      0.042641654      0.042768866       0.67911866       0.71688752       0.67152629       0.71001345       0.67409264       0.69828135        1.0000000        1.9061310        1.0000000        2.0981695        1.0000000        2.2995274        1.0000000       0.85483775        1.0000000        1.0728516        1.0000000        1.2894771 
       1.0000000        1.0000000        1.0000000        1.0000000       0.13700000        7.4227595        7.3784899       0.13486108       0.14801783      0.081756281      0.088628453      0.042695557      0.042669226       0.67909983       0.71663357       0.67138194       0.70965778       0.67407581       0.69786481        1.0000000        1.9057596        1.0000000        2.0976469        1.0000000        2.2973517        1.0000000       0.85446635        1.0000000        1.0723291        1.0000000        1.2873013 
       1.0000000        1.0000000        1.0000000        1.0000000       0.13800000        7.4072591        7.3632662       0.13482095       0.14788028      0.081786379      0.088721812      0.042725852      0.042898453       0.67885626       0.71625949       0.67136722       0.71019804       0.67452042       0.70004310        1.0000000        1.9045357        1.0000000        2.0982771        1.0000000        2.3037327        1.0000000       0.85324237        1.0000000        1.0729592        1.0000000        1.2936824 
       1.0000000        1.0000000        1.0000000        1.0000000       0.13900000        7.3925585        7.3488384       0.13492602       0.14792111      0.081860653      0.088849000      0.042722464      0.042964294       0.67900741       0.71608043       0.67149458       0.71037030       0.67410235       0.70039251        1.0000000        1.9040184        1.0000000        2.0988624        1.0000000        2.3052869        1.0000000       0.85272511        1.0000000        1.0735446        1.0000000        1.2952365 
       1.0000000        1.0000000        1.0000000        1.0000000       0.14000000        7.3841207        7.3406699       0.13489846       0.14802139      0.081785616      0.088866157      0.042655789      0.042926395       0.67897257       0.71628375       0.67139714       0.71022946       0.67408764       0.70010772        1.0000000        1.9047621        1.0000000        2.0985245        1.0000000        2.3041721        1.0000000       0.85346877        1.0000000        1.0732067        1.0000000        1.2941217 
       1.0000000        1.0000000        1.0000000        1.0000000       0.14100000        7.3842592        7.3410741       0.13466438       0.14819307      0.081453688      0.089010742      0.042322169      0.042964119       0.67807175       0.71630611       0.66998590       0.71079845       0.67265195       0.70044363        1.0000000        1.9048105        1.0000000        2.1007787        1.0000000        2.3052032        1.0000000       0.85351720        1.0000000        1.0754609        1.0000000        1.2951529 
       1.0000000        1.0000000        1.0000000        1.0000000       0.14200000        7.3655108        7.3225877       0.13463729       0.14797563      0.081452754      0.088816035      0.042374118      0.042911746       0.67815480       0.71575948       0.67015202       0.70981857       0.67303444       0.69990981        1.0000000        1.9031871        1.0000000        2.0974080        1.0000000        2.3025360        1.0000000       0.85189382        1.0000000        1.0720902        1.0000000        1.2924857 
       1.0000000        1.0000000        1.0000000        1.0000000       0.14300000        7.3519929        7.3093286       0.13480717       0.14771687      0.081600009      0.088511854      0.042523073      0.042769372       0.67868033       0.71577214       0.67081139       0.70900008       0.67393238       0.69929019        1.0000000        1.9031470        1.0000000        2.0942572        1.0000000        2.2983212        1.0000000       0.85185375        1.0000000        1.0689394        1.0000000        1.2882709 
       1.0000000        1.0000000        1.0000000        1.0000000       0.14400000        7.3323576        7.2899485       0.13484751       0.14759139      0.081659548      0.088340323      0.042623836      0.042599083       0.67880287       0.71508092       0.67104165       0.70794884       0.67434235       0.69795207        1.0000000        1.9014178        1.0000000        2.0912921        1.0000000        2.2923841        1.0000000       0.85012447        1.0000000        1.0659743        1.0000000        1.2823338 
       1.0000000        1.0000000        1.0000000        1.0000000       0.14500000        7.3183712        7.2762141       0.13480419       0.14773609      0.081550222      0.088442117      0.042462793      0.042691094       0.67864580       0.71544819       0.67086371       0.70867317       0.67390282       0.69940146        1.0000000        1.9025314        1.0000000        2.0935453        1.0000000        2.2962150        1.0000000       0.85123815        1.0000000        1.0682275        1.0000000        1.2861646 
       1.0000000        1.0000000        1.0000000        1.0000000       0.14600000        7.3137398        7.2718315       0.13482540       0.14770199      0.081608822      0.088423565      0.042584333      0.042658444       0.67876804       0.71507746       0.67123904       0.70832919       0.67472161       0.69914158        1.0000000        1.9016022        1.0000000        2.0925828        1.0000000        2.2956775        1.0000000       0.85030890        1.0000000        1.0672649        1.0000000        1.2856271 
       1.0000000        1.0000000        1.0000000        1.0000000       0.14700000        7.2983112        7.2566729       0.13484975       0.14759742      0.081663958      0.088318183      0.042648171      0.042617421       0.67893403       0.71509073       0.67146558       0.70813956       0.67469450       0.69902438        1.0000000        1.9015704        1.0000000        2.0916821        1.0000000        2.2948359        1.0000000       0.85027710        1.0000000        1.0663643        1.0000000        1.2847856 
       1.0000000        1.0000000        1.0000000        1.0000000       0.14800000        7.2935927        7.2521965       0.13482212       0.14764706      0.081625929      0.088468289      0.042604144      0.042710009       0.67872162       0.71521479       0.67110369       0.70862447       0.67425550       0.69954174        1.0000000        1.9018776        1.0000000        2.0931934        1.0000000        2.2977334        1.0000000       0.85058430        1.0000000        1.0678756        1.0000000        1.2876831 
       1.0000000        1.0000000        1.0000000        1.0000000       0.14900000        7.2743926        7.2332355       0.13466289       0.14760708      0.081534778      0.088542447      0.042591667      0.042898096       0.67831074       0.71525073       0.67097478       0.70867068       0.67434808       0.70072327        1.0000000        1.9018949        1.0000000        2.0928824        1.0000000        2.3034164        1.0000000       0.85060158        1.0000000        1.0675646        1.0000000        1.2933661 
       1.0000000        1.0000000        1.0000000        1.0000000       0.15000000        7.2580993        7.2171783       0.13472976       0.14705988      0.081616932      0.088269809      0.042624497      0.042829535       0.67833531       0.71379693       0.67118301       0.70802868       0.67435895       0.70050710        1.0000000        1.8974297        1.0000000        2.0900491        1.0000000        2.3016231        1.0000000       0.84613641        1.0000000        1.0647313        1.0000000        1.2915728 
       1.0000000        1.0000000        1.0000000        1.0000000       0.15100000        7.2484425        7.2077547       0.13478954       0.14729239      0.081724425      0.088474865      0.042730286      0.042918948       0.67832610       0.71398453       0.67132258       0.70821376       0.67475639       0.70052933        1.0000000        1.8981608        1.0000000        2.0912535        1.0000000        2.3028455        1.0000000       0.84686746        1.0000000        1.0659357        1.0000000        1.2927951 
       1.0000000        1.0000000        1.0000000        1.0000000       0.15200000        7.2244371        7.1839796       0.13478356       0.14733907      0.081710914      0.088491515      0.042701323      0.042917396       0.67801043       0.71446885       0.67095540       0.70827368       0.67436181       0.70035843        1.0000000        1.8994788        1.0000000        2.0915188        1.0000000        2.3027039        1.0000000       0.84818548        1.0000000        1.0662010        1.0000000        1.2926535 
       1.0000000        1.0000000        1.0000000        1.0000000       0.15300000        7.2123657        7.1721357       0.13470894       0.14720772      0.081674569      0.088306459      0.042672627      0.042817073       0.67768711       0.71432851       0.67081692       0.70773845       0.67414828       0.69932217        1.0000000        1.8990099        1.0000000        2.0897679        1.0000000        2.2980652        1.0000000       0.84771660        1.0000000        1.0644501        1.0000000        1.2880149 
       1.0000000        1.0000000        1.0000000        1.0000000       0.15400000        7.1927998        7.1527946       0.13472249       0.14748833      0.081678794      0.088510429      0.042736404      0.042981644       0.67764237       0.71505096       0.67069022       0.70828907       0.67434606       0.70041480        1.0000000        1.9012380        1.0000000        2.0919059        1.0000000        2.3025113        1.0000000       0.84994468        1.0000000        1.0665880        1.0000000        1.2924610 
       1.0000000        1.0000000        1.0000000        1.0000000       0.15500000        7.1756404        7.1358571       0.13474158       0.14770736      0.081699714      0.088656830      0.042747580      0.043090051       0.67766245       0.71556898       0.67054744       0.70860032       0.67430277       0.70049020        1.0000000        1.9028559        1.0000000        2.0936618        1.0000000        2.3041325        1.0000000       0.85156258        1.0000000        1.0683440        1.0000000        1.2940822 
       1.0000000        1.0000000        1.0000000        1.0000000       0.15600000        7.1550098        7.1154459       0.13468240       0.14789522      0.081662354      0.088788389      0.042724631      0.043111903       0.67750500       0.71580035       0.67048197       0.70873797       0.67443842       0.70064896        1.0000000        1.9037104        1.0000000        2.0944033        1.0000000        2.3048608        1.0000000       0.85241715        1.0000000        1.0690855        1.0000000        1.2948104 
       1.0000000        1.0000000        1.0000000        1.0000000       0.15700000        7.1321399        7.0927926       0.13466780       0.14799180      0.081637425      0.088856519      0.042746372      0.043143942       0.67741073       0.71603512       0.67024310       0.70902454       0.67411835       0.70087619        1.0000000        1.9043614        1.0000000        2.0955029        1.0000000        2.3064444        1.0000000       0.85306812        1.0000000        1.0701851        1.0000000        1.2963940 
       1.0000000        1.0000000        1.0000000        1.0000000       0.15800000        7.1182759        7.0791641       0.13462615       0.14799591      0.081560676      0.088829104      0.042605918      0.043119530       0.67722886       0.71624427       0.67009441       0.70901791       0.67376075       0.70047932        1.0000000        1.9049108        1.0000000        2.0954852        1.0000000        2.3054995        1.0000000       0.85361750        1.0000000        1.0701674        1.0000000        1.2954492 
       1.0000000        1.0000000        1.0000000        1.0000000       0.15900000        7.1021602        7.0632597       0.13462663       0.14810142      0.081547215      0.088911311      0.042628335      0.043152313       0.67717922       0.71639563       0.67018961       0.70913919       0.67418144       0.70068494        1.0000000        1.9054674        1.0000000        2.0959848        1.0000000        2.3062303        1.0000000       0.85417414        1.0000000        1.0706670        1.0000000        1.2961800 
       1.0000000        1.0000000        1.0000000        1.0000000       0.16000000        7.0883947        7.0497032       0.13461506       0.14780214      0.081601724      0.088735194      0.042715566      0.043060992       0.67704659       0.71631550       0.67030902       0.70936431       0.67457527       0.70101589        1.0000000        1.9047770        1.0000000        2.0959938        1.0000000        2.3070085        1.0000000       0.85348371        1.0000000        1.0706760        1.0000000        1.2969582 
