
       1.0000000        1.0000000        1.0000000        1.0000000      0.035000000        10.629690        10.475628       0.14774142       0.14723134      0.085164306      0.083123316      0.042691300      0.039915169       0.74909461       0.74860866       0.70151004       0.69921968       0.68464363       0.68029245        1.0000000        1.9961313        1.0000000        2.0550497        1.0000000        2.1987507        1.0000000       0.94483797        1.0000000        1.0297319        1.0000000        1.1887004 
       1.0000000        1.0000000        1.0000000        1.0000000      0.036000000        10.532330        10.382514       0.14666538       0.14599351      0.084801250      0.082840429      0.042674812      0.040238600       0.74678422       0.74408869       0.70056522       0.69729347       0.68461644       0.68129071        1.0000000        1.9833784        1.0000000        2.0494487        1.0000000        2.2028038        1.0000000       0.93208509        1.0000000        1.0241309        1.0000000        1.1927535 
       1.0000000        1.0000000        1.0000000        1.0000000      0.037000000        10.436203        10.290380       0.14651727       0.14479964      0.084776959      0.081682446      0.042672396      0.039646653       0.74458974       0.74291321       0.69933572       0.69567152       0.68418723       0.67800367        1.0000000        1.9786529        1.0000000        2.0411460        1.0000000        2.1876283        1.0000000       0.92735956        1.0000000        1.0158282        1.0000000        1.1775779 
       1.0000000        1.0000000        1.0000000        1.0000000      0.038000000        10.328849        10.186789       0.14611227       0.14397838      0.084862808      0.081560674      0.043050698      0.039778658       0.74260975       0.74069361       0.69847103       0.69443272       0.68514656       0.67908758        1.0000000        1.9717868        1.0000000        2.0365393        1.0000000        2.1935269        1.0000000       0.92049349        1.0000000        1.0112215        1.0000000        1.1834766 
       1.0000000        1.0000000        1.0000000        1.0000000      0.039000000        10.259751        10.121243       0.14524193       0.14329052      0.084573646      0.081144650      0.043130354      0.039418035       0.73982306       0.73851210       0.69711082       0.69272164       0.68474008       0.67692992        1.0000000        1.9647158        1.0000000        2.0295338        1.0000000        2.1847118        1.0000000       0.91342247        1.0000000        1.0042160        1.0000000        1.1746615 
       1.0000000        1.0000000        1.0000000        1.0000000      0.040000000        10.207730        10.072582       0.14420401       0.14307841      0.084300613      0.081574226      0.043410595      0.039870536       0.73666269       0.73626557       0.69499655       0.69282503       0.68368140       0.67831426        1.0000000        1.9580032        1.0000000        2.0307200        1.0000000        2.1943549        1.0000000       0.90670992        1.0000000        1.0054022        1.0000000        1.1843045 
       1.0000000        1.0000000        1.0000000        1.0000000      0.041000000        10.124229        9.9922638       0.14399808       0.14268952      0.084265456      0.081429910      0.043360336      0.039974731       0.73506164       0.73507976       0.69424923       0.69197940       0.68354114       0.67831356        1.0000000        1.9544392        1.0000000        2.0271125        1.0000000        2.1953004        1.0000000       0.90314593        1.0000000        1.0017947        1.0000000        1.1852500 
       1.0000000        1.0000000        1.0000000        1.0000000      0.042000000        10.065930        9.9369852       0.14328541       0.14271853      0.083914074      0.081646967      0.043077450      0.040169721       0.73218179       0.73319940       0.69242885       0.69156545       0.68163003       0.67809364        1.0000000        1.9494758        1.0000000        2.0266509        1.0000000        2.1966250        1.0000000       0.89818253        1.0000000        1.0013331        1.0000000        1.1865747 
       1.0000000        1.0000000        1.0000000        1.0000000      0.043000000        9.9753980        9.8493242       0.14287393       0.14248595      0.083801049      0.081556616      0.043022293      0.040098766       0.73060152       0.73165204       0.69153251       0.69096603       0.68237291       0.67812574        1.0000000        1.9448280        1.0000000        2.0242609        1.0000000        2.1953213        1.0000000       0.89353466        1.0000000       0.99894312        1.0000000        1.1852710 
       1.0000000        1.0000000        1.0000000        1.0000000      0.044000000        9.9191013        9.7957594       0.14247590       0.14203377      0.083567888      0.081428269      0.042808367      0.039967880       0.72856116       0.72950104       0.69014719       0.68992674       0.68138184       0.67709441        1.0000000        1.9385725        1.0000000        2.0211412        1.0000000        2.1913185        1.0000000       0.88727922        1.0000000       0.99582342        1.0000000        1.1812682 
       1.0000000        1.0000000        1.0000000        1.0000000      0.045000000        9.8328072        9.7123224       0.14185138       0.14181320      0.082825303      0.081170721      0.042146470      0.039429288       0.72560242       0.72835983       0.68699405       0.68785314       0.67884563       0.67469867        1.0000000        1.9356417        1.0000000        2.0150855        1.0000000        2.1791518        1.0000000       0.88434844        1.0000000       0.98976773        1.0000000        1.1691015 
       1.0000000        1.0000000        1.0000000        1.0000000      0.046000000        9.7671776        9.6491653       0.14131171       0.14173603      0.082675490      0.081334849      0.042241769      0.039548175       0.72352317       0.72641941       0.68577173       0.68748483       0.67941175       0.67497556        1.0000000        1.9303704        1.0000000        2.0139170        1.0000000        2.1816135        1.0000000       0.87907707        1.0000000       0.98859922        1.0000000        1.1715632 
       1.0000000        1.0000000        1.0000000        1.0000000      0.047000000        9.7280599        9.6124102       0.14087007       0.14162732      0.082508062      0.081432649      0.042059431      0.039574093       0.72156584       0.72449411       0.68488867       0.68665773       0.67917131       0.67519749        1.0000000        1.9252764        1.0000000        2.0121221        1.0000000        2.1831664        1.0000000       0.87398308        1.0000000       0.98680431        1.0000000        1.1731160 
       1.0000000        1.0000000        1.0000000        1.0000000      0.048000000        9.6348636        9.5214735       0.14063716       0.14199224      0.082500639      0.082020637      0.042050108      0.039837265       0.72015710       0.72467873       0.68446794       0.68799693       0.67834440       0.67573084        1.0000000        1.9251257        1.0000000        2.0166417        1.0000000        2.1884231        1.0000000       0.87383244        1.0000000       0.99132394        1.0000000        1.1783728 
       1.0000000        1.0000000        1.0000000        1.0000000      0.049000000        9.6096661        9.4984399       0.14017728       0.14184436      0.082508218      0.082127840      0.042174401      0.039958791       0.71810684       0.72219148       0.68387476       0.68790789       0.67896591       0.67593837        1.0000000        1.9184757        1.0000000        2.0173441        1.0000000        2.1898657        1.0000000       0.86718242        1.0000000       0.99202629        1.0000000        1.1798154 
       1.0000000        1.0000000        1.0000000        1.0000000      0.050000000        9.6150509        9.5058988       0.13953105       0.14171084      0.082089621      0.081953549      0.042027007      0.039612515       0.71606322       0.72024678       0.68286981       0.68717498       0.67863452       0.67454421        1.0000000        1.9132923        1.0000000        2.0147966        1.0000000        2.1806896        1.0000000       0.86199899        1.0000000       0.98947874        1.0000000        1.1706393 
       1.0000000        1.0000000        1.0000000        1.0000000      0.051000000        9.5664490        9.4592870       0.13916069       0.14110888      0.081940003      0.081857459      0.041971039      0.039752756       0.71398614       0.71858181       0.68180131       0.68654604       0.67859268       0.67512796        1.0000000        1.9079963        1.0000000        2.0118866        1.0000000        2.1825483        1.0000000       0.85670299        1.0000000       0.98656874        1.0000000        1.1724979 
       1.0000000        1.0000000        1.0000000        1.0000000      0.052000000        9.5429440        9.4376931       0.13877295       0.14095729      0.081898626      0.081764557      0.042084472      0.039653970       0.71214657       0.71667474       0.68113826       0.68551194       0.67861696       0.67452069        1.0000000        1.9029729        1.0000000        2.0090147        1.0000000        2.1795832        1.0000000       0.85167956        1.0000000       0.98369688        1.0000000        1.1695329 
       1.0000000        1.0000000        1.0000000        1.0000000      0.053000000        9.5585854        9.4551717       0.13853150       0.14035912      0.082023852      0.081531177      0.042235609      0.039595619       0.70998039       0.71421686       0.68098966       0.68495057       0.67895666       0.67458362        1.0000000        1.8955614        1.0000000        2.0063667        1.0000000        2.1787837        1.0000000       0.84426810        1.0000000       0.98104885        1.0000000        1.1687334 
       1.0000000        1.0000000        1.0000000        1.0000000      0.054000000        9.5381872        9.4365410       0.13830353       0.13997393      0.082021696      0.081385034      0.042199366      0.039525834       0.70848848       0.71310147       0.68081196       0.68473621       0.67955809       0.67457975        1.0000000        1.8920525        1.0000000        2.0054562        1.0000000        2.1786103        1.0000000       0.84075922        1.0000000       0.98013841        1.0000000        1.1685599 
       1.0000000        1.0000000        1.0000000        1.0000000      0.055000000        9.4866336        9.3866892       0.13783473       0.13973909      0.081676521      0.081361014      0.041876544      0.039547595       0.70685014       0.71194654       0.67975480       0.68444268       0.67923843       0.67444164        1.0000000        1.8887465        1.0000000        2.0046881        1.0000000        2.1785126        1.0000000       0.83745318        1.0000000       0.97937031        1.0000000        1.1684623 
       1.0000000        1.0000000        1.0000000        1.0000000      0.056000000        9.4150709        9.3169271       0.13780936       0.14018443      0.081788266      0.081581129      0.042001021      0.039497958       0.70596398       0.71167823       0.67963634       0.68485785       0.67938743       0.67436997        1.0000000        1.8884002        1.0000000        2.0067264        1.0000000        2.1780559        1.0000000       0.83710689        1.0000000       0.98140863        1.0000000        1.1680056 
       1.0000000        1.0000000        1.0000000        1.0000000      0.057000000        9.3516941        9.2551260       0.13751994       0.14065848      0.081760151      0.082055044      0.041985929      0.039724442       0.70518447       0.71133037       0.67946191       0.68633821       0.67998136       0.67518002        1.0000000        1.8875330        1.0000000        2.0125643        1.0000000        2.1845390        1.0000000       0.83623972        1.0000000       0.98724651        1.0000000        1.1744886 
       1.0000000        1.0000000        1.0000000        1.0000000      0.058000000        9.3065469        9.2114995       0.13745322       0.14094433      0.081811670      0.082279687      0.041948428      0.039795622       0.70430993       0.71107704       0.67948796       0.68745793       0.68034676       0.67551802        1.0000000        1.8869393        1.0000000        2.0170684        1.0000000        2.1866759        1.0000000       0.83564602        1.0000000       0.99175061        1.0000000        1.1766256 
       1.0000000        1.0000000        1.0000000        1.0000000      0.059000000        9.2302057        9.1366269       0.13740565       0.14163969      0.081866399      0.082898385      0.042024154      0.040089391       0.70316037       0.71183692       0.67944877       0.68863347       0.67926678       0.67673893        1.0000000        1.8896066        1.0000000        2.0225005        1.0000000        2.1953607        1.0000000       0.83831334        1.0000000       0.99718272        1.0000000        1.1853104 
       1.0000000        1.0000000        1.0000000        1.0000000      0.060000000        9.1940066        9.1018472       0.13730895       0.14208815      0.081711663      0.083476162      0.041871257      0.040693535       0.70270697       0.71168679       0.67853433       0.69012824       0.67745076       0.67941140        1.0000000        1.8893287        1.0000000        2.0275213        1.0000000        2.2087213        1.0000000       0.83803536        1.0000000        1.0022035        1.0000000        1.1986710 
       1.0000000        1.0000000        1.0000000        1.0000000      0.061000000        9.1527724        9.0619855       0.13716899       0.14215889      0.081692012      0.083598877      0.041915958      0.040789735       0.70194836       0.71148145       0.67758182       0.69058069       0.67708102       0.67997981        1.0000000        1.8889456        1.0000000        2.0297233        1.0000000        2.2127487        1.0000000       0.83765229        1.0000000        1.0044055        1.0000000        1.2026984 
       1.0000000        1.0000000        1.0000000        1.0000000      0.062000000        9.0883899        8.9989311       0.13688780       0.14083213      0.081507753      0.082668973      0.041762709      0.040512372       0.70080076       0.70898113       0.67670185       0.68749609       0.67612402       0.67739716        1.0000000        1.8814847        1.0000000        2.0180240        1.0000000        2.2001064        1.0000000       0.83019142        1.0000000       0.99270614        1.0000000        1.1900560 
       1.0000000        1.0000000        1.0000000        1.0000000      0.063000000        9.0429128        8.9547399       0.13677863       0.14027129      0.081410237      0.082227923      0.041621637      0.040190709       0.69985522       0.70708970       0.67604438       0.68568459       0.67547455       0.67553629        1.0000000        1.8759519        1.0000000        2.0112638        1.0000000        2.1899647        1.0000000       0.82465862        1.0000000       0.98594600        1.0000000        1.1799144 
       1.0000000        1.0000000        1.0000000        1.0000000      0.064000000        9.0144286        8.9275014       0.13670700       0.13994164      0.081504690      0.082190984      0.041622396      0.040287096       0.69898224       0.70586197       0.67581619       0.68565315       0.67550674       0.67629570        1.0000000        1.8723028        1.0000000        2.0108994        1.0000000        2.1936442        1.0000000       0.82100950        1.0000000       0.98558157        1.0000000        1.1835939 
       1.0000000        1.0000000        1.0000000        1.0000000      0.065000000        8.9785855        8.8928656       0.13627180       0.13997198      0.081203055      0.082262827      0.041585695      0.040428757       0.69756451       0.70546080       0.67476722       0.68585056       0.67494958       0.67734603        1.0000000        1.8708771        1.0000000        2.0110224        1.0000000        2.1978674        1.0000000       0.81958378        1.0000000       0.98570456        1.0000000        1.1878170 
       1.0000000        1.0000000        1.0000000        1.0000000      0.066000000        8.9439788        8.8594298       0.13610346       0.14005360      0.081130493      0.082308815      0.041686256      0.040276967       0.69703811       0.70481588       0.67397211       0.68614639       0.67478828       0.67691675        1.0000000        1.8690285        1.0000000        2.0121479        1.0000000        2.1947968        1.0000000       0.81773524        1.0000000       0.98683008        1.0000000        1.1847465 
       1.0000000        1.0000000        1.0000000        1.0000000      0.067000000        8.9247259        8.8414249       0.13613911       0.14051128      0.081320799      0.082713414      0.042087619      0.040374178       0.69655824       0.70487143       0.67362274       0.68691290       0.67467472       0.67748411        1.0000000        1.8693854        1.0000000        2.0152973        1.0000000        2.1984231        1.0000000       0.81809208        1.0000000       0.98997949        1.0000000        1.1883728 
       1.0000000        1.0000000        1.0000000        1.0000000      0.068000000        8.8804143        8.7982130       0.13612016       0.14057674      0.081485168      0.082886705      0.042248576      0.040600693       0.69591250       0.70512959       0.67396588       0.68774152       0.67622423       0.67905955        1.0000000        1.8697360        1.0000000        2.0179211        1.0000000        2.2050641        1.0000000       0.81844269        1.0000000       0.99260333        1.0000000        1.1950137 
       1.0000000        1.0000000        1.0000000        1.0000000      0.069000000        8.8680862        8.7869531       0.13606872       0.14113355      0.081464399      0.083318627      0.042240225      0.040705109       0.69550058       0.70549890       0.67380570       0.68896896       0.67578925       0.67985754        1.0000000        1.8708816        1.0000000        2.0222713        1.0000000        2.2083780        1.0000000       0.81958828        1.0000000       0.99695346        1.0000000        1.1983276 
       1.0000000        1.0000000        1.0000000        1.0000000      0.070000000        8.8382696        8.7581745       0.13612104       0.14141229      0.081697972      0.083630464      0.042611011      0.040870175       0.69484943       0.70571034       0.67387165       0.68954744       0.67620454       0.68052529        1.0000000        1.8716459        1.0000000        2.0247004        1.0000000        2.2123015        1.0000000       0.82035258        1.0000000       0.99938262        1.0000000        1.2022511 
       1.0000000        1.0000000        1.0000000        1.0000000      0.071000000        8.7911591        8.7120732       0.13609659       0.14135543      0.081873958      0.083843311      0.042781225      0.041064947       0.69433745       0.70487044       0.67411462       0.68938901       0.67667634       0.68098100        1.0000000        1.8692241        1.0000000        2.0238548        1.0000000        2.2157595        1.0000000       0.81793077        1.0000000       0.99853704        1.0000000        1.2057091 
       1.0000000        1.0000000        1.0000000        1.0000000      0.072000000        8.7563606        8.6782562       0.13600003       0.14126107      0.081756738      0.083696098      0.042738419      0.040972063       0.69395409       0.70490703       0.67380188       0.68915631       0.67663617       0.68050775        1.0000000        1.8693589        1.0000000        2.0234799        1.0000000        2.2134452        1.0000000       0.81806565        1.0000000       0.99816209        1.0000000        1.2033948 
       1.0000000        1.0000000        1.0000000        1.0000000      0.073000000        8.7087278        8.6315784       0.13557307       0.14166627      0.081399986      0.084072493      0.042464560      0.041137818       0.69284870       0.70526251       0.67316762       0.69052625       0.67618112       0.68128347        1.0000000        1.8705484        1.0000000        2.0290265        1.0000000        2.2185722        1.0000000       0.81925508        1.0000000        1.0037087        1.0000000        1.2085219 
       1.0000000        1.0000000        1.0000000        1.0000000      0.074000000        8.6751378        8.5989180       0.13550579       0.14159794      0.081422823      0.084212160      0.042507619      0.041184338       0.69246872       0.70449511       0.67297679       0.69061499       0.67595053       0.68136755        1.0000000        1.8679996        1.0000000        2.0295296        1.0000000        2.2200395        1.0000000       0.81670635        1.0000000        1.0042118        1.0000000        1.2099891 
       1.0000000        1.0000000        1.0000000        1.0000000      0.075000000        8.6504153        8.5751008       0.13541384       0.14190922      0.081448747      0.084470043      0.042465297      0.041229743       0.69157992       0.70409624       0.67293697       0.69118474       0.67579202       0.68118090        1.0000000        1.8670979        1.0000000        2.0320498        1.0000000        2.2196877        1.0000000       0.81580464        1.0000000        1.0067320        1.0000000        1.2096374 
       1.0000000        1.0000000        1.0000000        1.0000000      0.076000000        8.6030693        8.5286367       0.13529274       0.14162802      0.081401753      0.084311331      0.042487242      0.041224990       0.69124656       0.70303220       0.67289070       0.69133999       0.67592166       0.68159458        1.0000000        1.8639508        1.0000000        2.0315055        1.0000000        2.2197476        1.0000000       0.81265755        1.0000000        1.0061877        1.0000000        1.2096973 
       1.0000000        1.0000000        1.0000000        1.0000000      0.077000000        8.5837613        8.5101883       0.13497997       0.14100874      0.081057417      0.084015423      0.042186308      0.041117282       0.69040943       0.70231504       0.67191748       0.69113731       0.67479488       0.68178401        1.0000000        1.8612945        1.0000000        2.0299735        1.0000000        2.2200322        1.0000000       0.81000118        1.0000000        1.0046557        1.0000000        1.2099819 
       1.0000000        1.0000000        1.0000000        1.0000000      0.078000000        8.5558005        8.4830653       0.13504845       0.14104917      0.081193626      0.084063908      0.042239200      0.041081722       0.69007317       0.70179839       0.67211593       0.69066848       0.67515369       0.68158569        1.0000000        1.8600516        1.0000000        2.0281117        1.0000000        2.2185160        1.0000000       0.80875831        1.0000000        1.0027939        1.0000000        1.2084656 
       1.0000000        1.0000000        1.0000000        1.0000000      0.079000000        8.5025143        8.4306769       0.13488559       0.14106120      0.080864837      0.084103315      0.041789429      0.041073697       0.68949712       0.70168318       0.67194471       0.69072848       0.67495314       0.68155086        1.0000000        1.8597691        1.0000000        2.0285305        1.0000000        2.2187323        1.0000000       0.80847581        1.0000000        1.0032127        1.0000000        1.2086820 
       1.0000000        1.0000000        1.0000000        1.0000000      0.080000000        8.4896511        8.4186090       0.13497227       0.14095610      0.081037900      0.083936885      0.041881409      0.040933830       0.68920721       0.70163977       0.67230793       0.68971390       0.67544701       0.67995271        1.0000000        1.8596837        1.0000000        2.0254249        1.0000000        2.2126163        1.0000000       0.80839043        1.0000000        1.0001071        1.0000000        1.2025659 
       1.0000000        1.0000000        1.0000000        1.0000000      0.081000000        8.4882990        8.4180329       0.13482361       0.14084110      0.080957385      0.083890922      0.041809004      0.040987556       0.68816467       0.70159635       0.67205395       0.68996760       0.67507523       0.68047309        1.0000000        1.8594506        1.0000000        2.0257117        1.0000000        2.2147743        1.0000000       0.80815731        1.0000000        1.0003939        1.0000000        1.2047240 
       1.0000000        1.0000000        1.0000000        1.0000000      0.082000000        8.4634900        8.3939816       0.13471466       0.14063107      0.081141844      0.083835323      0.042098828      0.041070967       0.68730869       0.70098385       0.67185713       0.68918302       0.67529738       0.68104815        1.0000000        1.8575958        1.0000000        2.0223403        1.0000000        2.2163477        1.0000000       0.80630251        1.0000000       0.99702247        1.0000000        1.2062973 
       1.0000000        1.0000000        1.0000000        1.0000000      0.083000000        8.4311218        8.3623534       0.13430799       0.14093980      0.080854036      0.084144868      0.041791693      0.041303095       0.68663100       0.70156464       0.67144503       0.69038213       0.67513412       0.68184652        1.0000000        1.8590567        1.0000000        2.0266418        1.0000000        2.2212891        1.0000000       0.80776336        1.0000000        1.0013239        1.0000000        1.2112388 
       1.0000000        1.0000000        1.0000000        1.0000000      0.084000000        8.3893911        8.3213455       0.13431484       0.14088406      0.080913659      0.084119339      0.041753240      0.041357248       0.68616240       0.70130124       0.67192167       0.69055567       0.67530757       0.68190844        1.0000000        1.8582597        1.0000000        2.0270977        1.0000000        2.2211073        1.0000000       0.80696643        1.0000000        1.0017798        1.0000000        1.2110570 
       1.0000000        1.0000000        1.0000000        1.0000000      0.085000000        8.3702397        8.3029005       0.13425722       0.14115985      0.080885662      0.084393377      0.041824677      0.041518475       0.68575942       0.70131649       0.67191733       0.69063913       0.67522308       0.68214479        1.0000000        1.8585887        1.0000000        2.0277126        1.0000000        2.2232827        1.0000000       0.80729542        1.0000000        1.0023947        1.0000000        1.2132323 
       1.0000000        1.0000000        1.0000000        1.0000000      0.086000000        8.3633953        8.2967464       0.13419094       0.14106947      0.080899631      0.084302558      0.041841877      0.041438662       0.68523811       0.70119691       0.67176304       0.69049500       0.67516404       0.68191694        1.0000000        1.8581515        1.0000000        2.0271675        1.0000000        2.2215199        1.0000000       0.80685819        1.0000000        1.0018497        1.0000000        1.2114695 
       1.0000000        1.0000000        1.0000000        1.0000000      0.087000000        8.3314514        8.2654776       0.13428813       0.14113147      0.080969362      0.084362763      0.041807388      0.041447924       0.68518194       0.70124780       0.67195274       0.69057435       0.67488330       0.68172385        1.0000000        1.8583406        1.0000000        2.0276584        1.0000000        2.2206266        1.0000000       0.80704731        1.0000000        1.0023406        1.0000000        1.2105762 
       1.0000000        1.0000000        1.0000000        1.0000000      0.088000000        8.3074933        8.2421796       0.13424806       0.14135761      0.080936898      0.084488901      0.041805466      0.041530466       0.68488392       0.70196347       0.67200835       0.69127921       0.67431142       0.68242974        1.0000000        1.8600915        1.0000000        2.0301464        1.0000000        2.2246243        1.0000000       0.80879821        1.0000000        1.0048286        1.0000000        1.2145740 
       1.0000000        1.0000000        1.0000000        1.0000000      0.089000000        8.2756822        8.2110144       0.13448169       0.14126219      0.081214295      0.084508781      0.042023005      0.041603811       0.68490102       0.70155526       0.67259452       0.69138216       0.67426025       0.68297115        1.0000000        1.8588070        1.0000000        2.0300036        1.0000000        2.2269265        1.0000000       0.80751372        1.0000000        1.0046858        1.0000000        1.2168762 
       1.0000000        1.0000000        1.0000000        1.0000000      0.090000000        8.2631074        8.1991339       0.13430524       0.14129239      0.081056848      0.084631470      0.041837129      0.041702449       0.68418183       0.70123038       0.67222085       0.69145413       0.67389290       0.68347959        1.0000000        1.8579271        1.0000000        2.0302057        1.0000000        2.2291944        1.0000000       0.80663379        1.0000000        1.0048879        1.0000000        1.2191440 
       1.0000000        1.0000000        1.0000000        1.0000000      0.091000000        8.2636025        8.2002463       0.13438051       0.14136755      0.081100045      0.084621825      0.041823953      0.041637535       0.68429904       0.70158351       0.67223661       0.69105182       0.67386281       0.68294911        1.0000000        1.8589048        1.0000000        2.0293222        1.0000000        2.2262511        1.0000000       0.80761148        1.0000000        1.0040044        1.0000000        1.2162008 
       1.0000000        1.0000000        1.0000000        1.0000000      0.092000000        8.2494850        8.1867331       0.13430350       0.14101938      0.081063713      0.084373014      0.041760160      0.041529653       0.68384494       0.70083062       0.67203996       0.69072129       0.67344784       0.68307520        1.0000000        1.8564678        1.0000000        2.0270847        1.0000000        2.2248479        1.0000000       0.80517450        1.0000000        1.0017669        1.0000000        1.2147976 
       1.0000000        1.0000000        1.0000000        1.0000000      0.093000000        8.2309908        8.1688306       0.13429575       0.14125385      0.081090879      0.084567225      0.041816940      0.041566194       0.68341857       0.70094619       0.67204105       0.69083778       0.67357099       0.68330697        1.0000000        1.8569538        1.0000000        2.0275844        1.0000000        2.2266917        1.0000000       0.80566053        1.0000000        1.0022666        1.0000000        1.2166413 
       1.0000000        1.0000000        1.0000000        1.0000000      0.094000000        8.2110074        8.1494269       0.13431485       0.14132589      0.081148091      0.084544769      0.041860368      0.041539278       0.68295204       0.70121364       0.67223993       0.69100448       0.67357435       0.68345237        1.0000000        1.8576588        1.0000000        2.0279845        1.0000000        2.2269580        1.0000000       0.80636551        1.0000000        1.0026667        1.0000000        1.2169077 
       1.0000000        1.0000000        1.0000000        1.0000000      0.095000000        8.1756453        8.1146327       0.13426965       0.14154490      0.081128772      0.084652592      0.041828944      0.041600887       0.68252713       0.70141886       0.67234826       0.69170892       0.67359313       0.68393989        1.0000000        1.8582927        1.0000000        2.0302311        1.0000000        2.2290130        1.0000000       0.80699937        1.0000000        1.0049133        1.0000000        1.2189627 
       1.0000000        1.0000000        1.0000000        1.0000000      0.096000000        8.1536639        8.0932078       0.13434649       0.14168076      0.081166158      0.084998205      0.041735270      0.042007720       0.68256625       0.70156792       0.67246236       0.69324462       0.67349369       0.68704904        1.0000000        1.8583946        1.0000000        2.0342168        1.0000000        2.2405568        1.0000000       0.80710126        1.0000000        1.0088990        1.0000000        1.2305064 
       1.0000000        1.0000000        1.0000000        1.0000000      0.097000000        8.1298112        8.0699006       0.13437419       0.14185893      0.081291128      0.085162334      0.041924842      0.042068739       0.68213403       0.70173891       0.67244807       0.69353922       0.67363305       0.68715285        1.0000000        1.8589713        1.0000000        2.0354415        1.0000000        2.2416255        1.0000000       0.80767803        1.0000000        1.0101237        1.0000000        1.2315752 
       1.0000000        1.0000000        1.0000000        1.0000000      0.098000000        8.1064503        8.0470745       0.13439384       0.14185155      0.081335588      0.085144358      0.042016977      0.042115165       0.68192388       0.70199192       0.67250486       0.69391209       0.67386019       0.68761137        1.0000000        1.8596136        1.0000000        2.0364804        1.0000000        2.2433630        1.0000000       0.80832027        1.0000000        1.0111626        1.0000000        1.2333127 
       1.0000000        1.0000000        1.0000000        1.0000000      0.099000000        8.0980467        8.0391954       0.13441335       0.14186949      0.081413224      0.085099855      0.042093684      0.041974995       0.68188349       0.70160862       0.67293008       0.69369306       0.67448683       0.68708127        1.0000000        1.8587266        1.0000000        2.0359230        1.0000000        2.2410312        1.0000000       0.80743334        1.0000000        1.0106052        1.0000000        1.2309809 
       1.0000000        1.0000000        1.0000000        1.0000000       0.10000000        8.0799832        8.0216463       0.13425469       0.14198031      0.081340304      0.085064392      0.042166743      0.041902903       0.68125124       0.70223758       0.67281392       0.69391092       0.67489210       0.68678492        1.0000000        1.8606637        1.0000000        2.0367341        1.0000000        2.2400217        1.0000000       0.80937044        1.0000000        1.0114163        1.0000000        1.2299714 
       1.0000000        1.0000000        1.0000000        1.0000000       0.10100000        8.0425341        7.9847518       0.13419135       0.14191568      0.081305673      0.085171835      0.042144783      0.042091888       0.68084044       0.70145524       0.67232885       0.69427772       0.67451661       0.68766616        1.0000000        1.8581785        1.0000000        2.0377875        1.0000000        2.2427922        1.0000000       0.80688520        1.0000000        1.0124697        1.0000000        1.2327418 
       1.0000000        1.0000000        1.0000000        1.0000000       0.10200000        8.0325063        7.9752182       0.13426088       0.14215634      0.081403815      0.085376631      0.042241225      0.042137441       0.68054724       0.70175779       0.67277263       0.69458528       0.67452681       0.68771100        1.0000000        1.8592016        1.0000000        2.0391902        1.0000000        2.2433254        1.0000000       0.80790831        1.0000000        1.0138724        1.0000000        1.2332750 
       1.0000000        1.0000000        1.0000000        1.0000000       0.10300000        8.0126231        7.9558201       0.13437651       0.14238477      0.081468228      0.085535072      0.042169973      0.042158284       0.68065685       0.70204683       0.67302875       0.69499323       0.67435520       0.68792115        1.0000000        1.8600863        1.0000000        2.0409898        1.0000000        2.2445674        1.0000000       0.80879304        1.0000000        1.0156720        1.0000000        1.2345171 
       1.0000000        1.0000000        1.0000000        1.0000000       0.10400000        7.9818625        7.9255356       0.13452112       0.14220468      0.081605618      0.085439826      0.042270238      0.042057587       0.68077066       0.70177671       0.67331610       0.69497354       0.67460125       0.68775553        1.0000000        1.8590556        1.0000000        2.0408854        1.0000000        2.2432254        1.0000000       0.80776230        1.0000000        1.0155676        1.0000000        1.2331751 
       1.0000000        1.0000000        1.0000000        1.0000000       0.10500000        7.9520147        7.8961553       0.13443803       0.14222423      0.081567729      0.085421574      0.042263801      0.042040721       0.68059412       0.70182502       0.67321566       0.69498090       0.67462399       0.68798646        1.0000000        1.8591898        1.0000000        2.0407417        1.0000000        2.2432069        1.0000000       0.80789655        1.0000000        1.0154239        1.0000000        1.2331566 
       1.0000000        1.0000000        1.0000000        1.0000000       0.10600000        7.9423312        7.8869308       0.13439235       0.14219989      0.081504341      0.085356432      0.042212218      0.042086546       0.68027319       0.70179535       0.67308411       0.69463652       0.67453479       0.68800678        1.0000000        1.8591990        1.0000000        2.0395984        1.0000000        2.2433131        1.0000000       0.80790573        1.0000000        1.0142806        1.0000000        1.2332628 
       1.0000000        1.0000000        1.0000000        1.0000000       0.10700000        7.9239287        7.8689792       0.13428376       0.14257152      0.081413820      0.085685851      0.042149005      0.042256623       0.67993857       0.70265103       0.67294407       0.69557505       0.67465914       0.68910419        1.0000000        1.8618139        1.0000000        2.0428567        1.0000000        2.2484481        1.0000000       0.81052060        1.0000000        1.0175388        1.0000000        1.2383978 
       1.0000000        1.0000000        1.0000000        1.0000000       0.10800000        7.9089339        7.8544273       0.13430172       0.14254883      0.081455320      0.085688019      0.042207931      0.042209105       0.67987773       0.70234447       0.67289883       0.69546932       0.67451578       0.68858571        1.0000000        1.8610858        1.0000000        2.0428146        1.0000000        2.2469957        1.0000000       0.80979255        1.0000000        1.0174968        1.0000000        1.2369453 
       1.0000000        1.0000000        1.0000000        1.0000000       0.10900000        7.8951457        7.8410743       0.13423371       0.14289650      0.081420039      0.085891419      0.042184347      0.042262116       0.67959649       0.70320954       0.67284486       0.69610184       0.67472157       0.68905835        1.0000000        1.8636924        1.0000000        2.0454594        1.0000000        2.2493332        1.0000000       0.81239912        1.0000000        1.0201416        1.0000000        1.2392828 
       1.0000000        1.0000000        1.0000000        1.0000000       0.11000000        7.8649874        7.8113436       0.13427619       0.14331171      0.081491509      0.086264283      0.042256609      0.042652050       0.67970428       0.70419682       0.67319328       0.69729374       0.67493508       0.68953862        1.0000000        1.8664760        1.0000000        2.0501903        1.0000000        2.2551863        1.0000000       0.81518271        1.0000000        1.0248725        1.0000000        1.2451360 
       1.0000000        1.0000000        1.0000000        1.0000000       0.11100000        7.8350532        7.7818297       0.13433532       0.14337833      0.081512713      0.086406082      0.042224131      0.042767201       0.67976583       0.70358858       0.67320364       0.69689645       0.67441275       0.68939050        1.0000000        1.8650360        1.0000000        2.0492718        1.0000000        2.2552715        1.0000000       0.81374268        1.0000000        1.0239540        1.0000000        1.2452212 
       1.0000000        1.0000000        1.0000000        1.0000000       0.11200000        7.8075901        7.7547798       0.13409924       0.14361572      0.081364655      0.086557508      0.042095739      0.042821304       0.67908294       0.70427084       0.67260607       0.69797718       0.67367210       0.69004698        1.0000000        1.8669645        1.0000000        2.0530304        1.0000000        2.2581030        1.0000000       0.81567125        1.0000000        1.0277126        1.0000000        1.2480526 
       1.0000000        1.0000000        1.0000000        1.0000000       0.11300000        7.7764374        7.7240735       0.13407513       0.14351540      0.081319987      0.086412204      0.042093308      0.042727277       0.67909284       0.70428765       0.67239369       0.69802271       0.67351848       0.68959642        1.0000000        1.8669834        1.0000000        2.0531428        1.0000000        2.2554518        1.0000000       0.81569009        1.0000000        1.0278250        1.0000000        1.2454014 
       1.0000000        1.0000000        1.0000000        1.0000000       0.11400000        7.7597799        7.7078146       0.13416630       0.14387853      0.081484187      0.086835543      0.042296878      0.043062066       0.67873702       0.70521110       0.67261658       0.69962855       0.67396481       0.69157383        1.0000000        1.8694602        1.0000000        2.0583457        1.0000000        2.2653257        1.0000000       0.81816692        1.0000000        1.0330279        1.0000000        1.2552753 
       1.0000000        1.0000000        1.0000000        1.0000000       0.11500000        7.7380892        7.6865162       0.13418684       0.14396234      0.081489606      0.086928548      0.042312411      0.043117492       0.67867677       0.70548177       0.67247009       0.69983279       0.67377543       0.69248340        1.0000000        1.8703013        1.0000000        2.0588420        1.0000000        2.2685988        1.0000000       0.81900796        1.0000000        1.0335242        1.0000000        1.2585485 
       1.0000000        1.0000000        1.0000000        1.0000000       0.11600000        7.7228026        7.6716153       0.13398941       0.14409174      0.081187502      0.087050673      0.041986716      0.043243895       0.67816903       0.70565890       0.67174831       0.69973246       0.67271434       0.69278796        1.0000000        1.8708532        1.0000000        2.0590661        1.0000000        2.2705165        1.0000000       0.81955993        1.0000000        1.0337483        1.0000000        1.2604662 
       1.0000000        1.0000000        1.0000000        1.0000000       0.11700000        7.6995823        7.6487745       0.13397999       0.14390216      0.081192521      0.086807450      0.041959164      0.043007586       0.67800026       0.70505631       0.67163552       0.69898415       0.67240240       0.69133495        1.0000000        1.8691698        1.0000000        2.0567031        1.0000000        2.2638848        1.0000000       0.81787655        1.0000000        1.0313853        1.0000000        1.2538345 
       1.0000000        1.0000000        1.0000000        1.0000000       0.11800000        7.6770184        7.6265839       0.13392506       0.14357345      0.081118736      0.086569449      0.041953658      0.042911393       0.67813467       0.70431813       0.67084801       0.69768842       0.67249576       0.68973885        1.0000000        1.8671706        1.0000000        2.0518710        1.0000000        2.2565139        1.0000000       0.81587731        1.0000000        1.0265532        1.0000000        1.2464636 
       1.0000000        1.0000000        1.0000000        1.0000000       0.11900000        7.6668543        7.6167872       0.13372006       0.14335451      0.080931017      0.086091476      0.041828993      0.042056086       0.67765683       0.70343676       0.67034876       0.69625802       0.67210052       0.68799497        1.0000000        1.8649496        1.0000000        2.0464621        1.0000000        2.2436397        1.0000000       0.81365633        1.0000000        1.0211443        1.0000000        1.2335894 
       1.0000000        1.0000000        1.0000000        1.0000000       0.12000000        7.6435165        7.5938111       0.13366981       0.14346806      0.080967435      0.086218561      0.041941450      0.042099770       0.67771996       0.70333563       0.67085828       0.69621098       0.67281826       0.68814363        1.0000000        1.8648097        1.0000000        2.0464596        1.0000000        2.2449892        1.0000000       0.81351643        1.0000000        1.0211418        1.0000000        1.2349389 
       1.0000000        1.0000000        1.0000000        1.0000000       0.12100000        7.6352981        7.5859486       0.13367601       0.14348406      0.081017892      0.086249089      0.042049287      0.042133369       0.67758309       0.70338688       0.67111573       0.69641426       0.67320723       0.68841330        1.0000000        1.8649966        1.0000000        2.0470230        1.0000000        2.2459829        1.0000000       0.81370327        1.0000000        1.0217052        1.0000000        1.2359326 
       1.0000000        1.0000000        1.0000000        1.0000000       0.12200000        7.6165587        7.5675596       0.13361628       0.14360375      0.080955904      0.086368700      0.041950885      0.042133923       0.67733027       0.70366771       0.67060451       0.69661374       0.67284400       0.68848776        1.0000000        1.8658514        1.0000000        2.0477797        1.0000000        2.2467989        1.0000000       0.81455808        1.0000000        1.0224619        1.0000000        1.2367486 
       1.0000000        1.0000000        1.0000000        1.0000000       0.12300000        7.6001083        7.5514542       0.13349879       0.14259463      0.080810630      0.085652256      0.041921009      0.041763389       0.67728086       0.70147734       0.67037296       0.69480279       0.67274047       0.68739932        1.0000000        1.8589830        1.0000000        2.0404360        1.0000000        2.2398750        1.0000000       0.80768974        1.0000000        1.0151182        1.0000000        1.2298247 
       1.0000000        1.0000000        1.0000000        1.0000000       0.12400000        7.5808662        7.5325856       0.13352956       0.14282527      0.080842997      0.085823332      0.042033870      0.041815338       0.67743411       0.70166981       0.67030729       0.69524525       0.67280208       0.68737052        1.0000000        1.8593265        1.0000000        2.0426935        1.0000000        2.2419014        1.0000000       0.80803317        1.0000000        1.0173757        1.0000000        1.2318511 
       1.0000000        1.0000000        1.0000000        1.0000000       0.12500000        7.5628763        7.5149298       0.13366156       0.14287734      0.080952064      0.085906699      0.042057417      0.041879034       0.67769152       0.70171424       0.67070258       0.69546227       0.67299419       0.68766353        1.0000000        1.8593831        1.0000000        2.0438278        1.0000000        2.2441272        1.0000000       0.80808976        1.0000000        1.0185100        1.0000000        1.2340769 
       1.0000000        1.0000000        1.0000000        1.0000000       0.12600000        7.5488081        7.5011907       0.13373182       0.14278528      0.081031159      0.085850979      0.042145981      0.041868066       0.67799076       0.70134332       0.67113014       0.69530969       0.67386573       0.68791622        1.0000000        1.8582701        1.0000000        2.0431329        1.0000000        2.2445418        1.0000000       0.80697676        1.0000000        1.0178151        1.0000000        1.2344915 
       1.0000000        1.0000000        1.0000000        1.0000000       0.12700000        7.5312767        7.4839835       0.13371296       0.14103068      0.081002030      0.084220960      0.042153812      0.040853527       0.67804436       0.70012102       0.67111756       0.69410645       0.67406261       0.68715472        1.0000000        1.8529925        1.0000000        2.0351540        1.0000000        2.2335162        1.0000000       0.80169921        1.0000000        1.0098362        1.0000000        1.2234659 
       1.0000000        1.0000000        1.0000000        1.0000000       0.12800000        7.5143236        7.4673498       0.13380274       0.14119507      0.081004300      0.084341316      0.042093111      0.040922753       0.67826174       0.70034233       0.67111441       0.69420932       0.67339155       0.68723814        1.0000000        1.8536984        1.0000000        2.0357954        1.0000000        2.2344062        1.0000000       0.80240510        1.0000000        1.0104776        1.0000000        1.2243559 
       1.0000000        1.0000000        1.0000000        1.0000000       0.12900000        7.4932897        7.4466307       0.13381975       0.14113483      0.081011782      0.084360116      0.042093964      0.040984128       0.67835107       0.69999869       0.67103257       0.69393208       0.67344600       0.68744997        1.0000000        1.8527807        1.0000000        2.0350606        1.0000000        2.2358100        1.0000000       0.80148737        1.0000000        1.0097428        1.0000000        1.2257597 
       1.0000000        1.0000000        1.0000000        1.0000000       0.13000000        7.4728436        7.4264947       0.13383586       0.14134231      0.081065866      0.084535057      0.042109694      0.041069821       0.67833213       0.70032754       0.67104035       0.69440368       0.67365009       0.68777637        1.0000000        1.8537414        1.0000000        2.0366868        1.0000000        2.2373356        1.0000000       0.80244814        1.0000000        1.0113690        1.0000000        1.2272852 
       1.0000000        1.0000000        1.0000000        1.0000000       0.13100000        7.4656693        7.4196262       0.13389621       0.14112045      0.081203158      0.084439157      0.042204129      0.041073667       0.67830826       0.69992168       0.67115407       0.69450398       0.67386380       0.68794202        1.0000000        1.8523924        1.0000000        2.0365098        1.0000000        2.2373946        1.0000000       0.80109907        1.0000000        1.0111919        1.0000000        1.2273443 
       1.0000000        1.0000000        1.0000000        1.0000000       0.13200000        7.4551085        7.4093667       0.13398763       0.14091131      0.081256969      0.084300473      0.042259378      0.041080995       0.67867555       0.70008730       0.67128015       0.69462882       0.67384879       0.68807982        1.0000000        1.8526589        1.0000000        2.0367310        1.0000000        2.2378924        1.0000000       0.80136563        1.0000000        1.0114132        1.0000000        1.2278421 
       1.0000000        1.0000000        1.0000000        1.0000000       0.13300000        7.4329265        7.3874818       0.13398687       0.14076134      0.081260926      0.084174078      0.042236119      0.041034622       0.67847373       0.69976445       0.67123456       0.69440891       0.67382684       0.68780022        1.0000000        1.8516966        1.0000000        2.0360173        1.0000000        2.2369346        1.0000000       0.80040335        1.0000000        1.0106995        1.0000000        1.2268843 
       1.0000000        1.0000000        1.0000000        1.0000000       0.13400000        7.4074518        7.3622999       0.13405542       0.14072733      0.081348946      0.084257310      0.042294271      0.041157345       0.67861724       0.69967041       0.67137994       0.69502474       0.67407824       0.68904968        1.0000000        1.8512552        1.0000000        2.0375883        1.0000000        2.2409226        1.0000000       0.79996194        1.0000000        1.0122705        1.0000000        1.2308723 
       1.0000000        1.0000000        1.0000000        1.0000000       0.13500000        7.3855900        7.3407555       0.13406085       0.14084479      0.081394134      0.084356139      0.042346979      0.041113064       0.67856335       0.69936255       0.67139534       0.69467696       0.67421786       0.68868881        1.0000000        1.8505408        1.0000000        2.0368339        1.0000000        2.2399073        1.0000000       0.79924750        1.0000000        1.0115160        1.0000000        1.2298570 
       1.0000000        1.0000000        1.0000000        1.0000000       0.13600000        7.3737255        7.3291754       0.13398318       0.14086444      0.081319244      0.084404231      0.042352004      0.041174021       0.67830302       0.69940974       0.67093448       0.69478263       0.67402810       0.68901312        1.0000000        1.8506878        1.0000000        2.0372069        1.0000000        2.2415397        1.0000000       0.79939455        1.0000000        1.0118891        1.0000000        1.2314894 
       1.0000000        1.0000000        1.0000000        1.0000000       0.13700000        7.3483452        7.3040756       0.13395448       0.14071966      0.081376454      0.084297954      0.042487508      0.041160006       0.67821757       0.69919189       0.67110268       0.69428575       0.67491033       0.68895936        1.0000000        1.8499515        1.0000000        2.0351852        1.0000000        2.2402266        1.0000000       0.79865821        1.0000000        1.0098674        1.0000000        1.2301762 
       1.0000000        1.0000000        1.0000000        1.0000000       0.13800000        7.3407524        7.2967595       0.13383981       0.14070772      0.081329649      0.084300036      0.042438539      0.041163436       0.67790021       0.69945991       0.67093096       0.69485356       0.67490245       0.68951042        1.0000000        1.8506172        1.0000000        2.0364592        1.0000000        2.2411953        1.0000000       0.79932395        1.0000000        1.0111414        1.0000000        1.2311450 
       1.0000000        1.0000000        1.0000000        1.0000000       0.13900000        7.3255253        7.2818053       0.13379950       0.14083038      0.081301521      0.084447130      0.042377093      0.041313482       0.67761483       0.69985473       0.67075388       0.69552918       0.67477174       0.68984320        1.0000000        1.8516852        1.0000000        2.0389331        1.0000000        2.2438656        1.0000000       0.80039187        1.0000000        1.0136153        1.0000000        1.2338153 
       1.0000000        1.0000000        1.0000000        1.0000000       0.14000000        7.3092974        7.2658466       0.13395179       0.14058704      0.081461737      0.084186912      0.042555307      0.041230982       0.67797606       0.69905856       0.67113006       0.69438085       0.67555139       0.68865283        1.0000000        1.8493801        1.0000000        2.0354994        1.0000000        2.2383274        1.0000000       0.79808684        1.0000000        1.0101816        1.0000000        1.2282771 
       1.0000000        1.0000000        1.0000000        1.0000000       0.14100000        7.2979625        7.2547774       0.13392176       0.14075363      0.081404256      0.084362157      0.042508695      0.041289448       0.67789135       0.69938315       0.67110344       0.69491895       0.67543376       0.68933795        1.0000000        1.8503862        1.0000000        2.0372520        1.0000000        2.2414764        1.0000000       0.79909291        1.0000000        1.0119341        1.0000000        1.2314260 
       1.0000000        1.0000000        1.0000000        1.0000000       0.14200000        7.2858003        7.2428773       0.13392610       0.14083317      0.081469895      0.084399955      0.042589418      0.041273389       0.67782124       0.69906543       0.67116563       0.69452026       0.67571951       0.68876916        1.0000000        1.8496563        1.0000000        2.0363998        1.0000000        2.2398632        1.0000000       0.79836297        1.0000000        1.0110820        1.0000000        1.2298129 
       1.0000000        1.0000000        1.0000000        1.0000000       0.14300000        7.2721101        7.2294457       0.13394732       0.14071482      0.081498405      0.084321219      0.042599374      0.041300541       0.67782977       0.69909090       0.67121343       0.69447954       0.67571752       0.68850218        1.0000000        1.8496619        1.0000000        2.0363530        1.0000000        2.2393879        1.0000000       0.79836860        1.0000000        1.0110352        1.0000000        1.2293376 
       1.0000000        1.0000000        1.0000000        1.0000000       0.14400000        7.2602416        7.2178326       0.13391123       0.14088553      0.081433589      0.084431728      0.042517982      0.041377110       0.67792497       0.69965790       0.67152606       0.69504084       0.67630318       0.68856171        1.0000000        1.8512425        1.0000000        2.0385192        1.0000000        2.2404560        1.0000000       0.79994920        1.0000000        1.0132014        1.0000000        1.2304057 
       1.0000000        1.0000000        1.0000000        1.0000000       0.14500000        7.2397224        7.1975654       0.13395915       0.14082549      0.081468425      0.084399170      0.042498158      0.041329322       0.67790943       0.69960099       0.67142587       0.69517092       0.67600208       0.68878251        1.0000000        1.8509791        1.0000000        2.0385772        1.0000000        2.2402525        1.0000000       0.79968582        1.0000000        1.0132594        1.0000000        1.2302021 
       1.0000000        1.0000000        1.0000000        1.0000000       0.14600000        7.2208244        7.1789161       0.13397434       0.14056037      0.081483541      0.084131628      0.042512161      0.041062431       0.67794634       0.69906024       0.67149027       0.69438948       0.67609509       0.68789448        1.0000000        1.8495660        1.0000000        2.0359767        1.0000000        2.2353537        1.0000000       0.79827274        1.0000000        1.0106588        1.0000000        1.2253033 
       1.0000000        1.0000000        1.0000000        1.0000000       0.14700000        7.2037823        7.1621440       0.13388592       0.14095192      0.081393504      0.084379492      0.042486951      0.041134166       0.67794935       0.69966746       0.67155752       0.69511899       0.67678132       0.68801218        1.0000000        1.8513858        1.0000000        2.0387933        1.0000000        2.2366756        1.0000000       0.80009246        1.0000000        1.0134755        1.0000000        1.2266252 
       1.0000000        1.0000000        1.0000000        1.0000000       0.14800000        7.1862492        7.1448530       0.13394725       0.14042160      0.081470022      0.084011566      0.042578662      0.040984418       0.67813226       0.69895984       0.67168943       0.69454398       0.67700431       0.68719844        1.0000000        1.8491230        1.0000000        2.0364552        1.0000000        2.2321236        1.0000000       0.79782966        1.0000000        1.0111373        1.0000000        1.2220733 
       1.0000000        1.0000000        1.0000000        1.0000000       0.14900000        7.1784107        7.1372537       0.13400416       0.14043253      0.081547682      0.084072204      0.042609586      0.041079716       0.67813022       0.69849295       0.67180976       0.69461808       0.67683463       0.68794655        1.0000000        1.8478216        1.0000000        2.0365135        1.0000000        2.2341236        1.0000000       0.79652827        1.0000000        1.0111957        1.0000000        1.2240732 
       1.0000000        1.0000000        1.0000000        1.0000000       0.15000000        7.1571100        7.1161890       0.13394696       0.14036401      0.081482243      0.084031781      0.042546706      0.041080767       0.67805551       0.69838337       0.67174632       0.69473147       0.67666525       0.68815239        1.0000000        1.8474294        1.0000000        2.0367672        1.0000000        2.2344336        1.0000000       0.79613612        1.0000000        1.0114494        1.0000000        1.2243832 
       1.0000000        1.0000000        1.0000000        1.0000000       0.15100000        7.1419462        7.1012584       0.13392664       0.14031023      0.081454408      0.083956917      0.042541144      0.041051579       0.67801564       0.69827091       0.67175254       0.69468379       0.67681892       0.68815868        1.0000000        1.8471187        1.0000000        2.0365082        1.0000000        2.2323903        1.0000000       0.79582543        1.0000000        1.0111904        1.0000000        1.2223400 
       1.0000000        1.0000000        1.0000000        1.0000000       0.15200000        7.1361721        7.0957147       0.13383403       0.14036113      0.081305775      0.083977245      0.042371845      0.041038726       0.67787914       0.69828007       0.67160289       0.69448328       0.67627987       0.68822282        1.0000000        1.8472104        1.0000000        2.0361411        1.0000000        2.2323640        1.0000000       0.79591714        1.0000000        1.0108233        1.0000000        1.2223136 
       1.0000000        1.0000000        1.0000000        1.0000000       0.15300000        7.1173140        7.0770840       0.13374576       0.14019208      0.081317036      0.083891050      0.042424027      0.041004441       0.67742437       0.69789176       0.67125347       0.69419671       0.67603213       0.68852019        1.0000000        1.8460738        1.0000000        2.0348783        1.0000000        2.2336813        1.0000000       0.79478047        1.0000000        1.0095605        1.0000000        1.2236309 
       1.0000000        1.0000000        1.0000000        1.0000000       0.15400000        7.1022931        7.0622878       0.13377642       0.14006310      0.081328519      0.083778696      0.042430308      0.040942202       0.67738349       0.69709374       0.67120897       0.69332843       0.67594334       0.68797233        1.0000000        1.8438690        1.0000000        2.0320754        1.0000000        2.2314842        1.0000000       0.79257566        1.0000000        1.0067576        1.0000000        1.2214338 
       1.0000000        1.0000000        1.0000000        1.0000000       0.15500000        7.0884621        7.0486789       0.13376968       0.14019716      0.081390703      0.083850586      0.042511457      0.040849803       0.67718656       0.69737658       0.67124292       0.69370702       0.67659738       0.68761263        1.0000000        1.8446997        1.0000000        2.0334388        1.0000000        2.2302135        1.0000000       0.79340641        1.0000000        1.0081210        1.0000000        1.2201631 
       1.0000000        1.0000000        1.0000000        1.0000000       0.15600000        7.0840149        7.0444510       0.13360643       0.14021738      0.081141617      0.083860166      0.042322584      0.040843374       0.67675633       0.69715628       0.67015838       0.69337265       0.67559888       0.68732848        1.0000000        1.8441755        1.0000000        2.0325202        1.0000000        2.2293093        1.0000000       0.79288217        1.0000000        1.0072024        1.0000000        1.2192589 
       1.0000000        1.0000000        1.0000000        1.0000000       0.15700000        7.0751668        7.0358196       0.13353693       0.14012701      0.081083948      0.083769913      0.042338262      0.040804141       0.67656705       0.69679625       0.66986606       0.69306927       0.67603419       0.68702716        1.0000000        1.8431810        1.0000000        2.0314520        1.0000000        2.2277790        1.0000000       0.79188772        1.0000000        1.0061342        1.0000000        1.2177287 
       1.0000000        1.0000000        1.0000000        1.0000000       0.15800000        7.0574870        7.0183751       0.13347946       0.14010146      0.081026664      0.083797577      0.042295644      0.040841555       0.67633526       0.69697043       0.66957727       0.69332069       0.67567824       0.68736516        1.0000000        1.8435622        1.0000000        2.0320815        1.0000000        2.2294890        1.0000000       0.79226893        1.0000000        1.0067637        1.0000000        1.2194387 
       1.0000000        1.0000000        1.0000000        1.0000000       0.15900000        7.0357554        6.9968549       0.13348888       0.13997510      0.081040497      0.083725245      0.042317992      0.040790731       0.67631706       0.69646018       0.66963218       0.69297520       0.67593801       0.68701295        1.0000000        1.8421285        1.0000000        2.0310577        1.0000000        2.2283056        1.0000000       0.79083521        1.0000000        1.0057399        1.0000000        1.2182552 
       1.0000000        1.0000000        1.0000000        1.0000000       0.16000000        7.0234028        6.9847112       0.13342033       0.13996507      0.081015960      0.083756728      0.042329722      0.040818011       0.67620185       0.69630172       0.66983775       0.69303352       0.67639974       0.68683995        1.0000000        1.8416393        1.0000000        2.0316011        1.0000000        2.2279015        1.0000000       0.79034597        1.0000000        1.0062833        1.0000000        1.2178511 
