
       1.0000000        1.0000000        1.0000000        1.0000000      0.035000000        10.113312        9.9452442       0.18641654       0.18448610       0.10177378       0.10295047      0.048225799      0.048391489       0.83189018       0.82783927       0.75398018       0.75708640       0.71010166       0.71798722        1.0000000        2.2612344        1.0000000        2.3156845        1.0000000        2.4478584        1.0000000        1.2099411        1.0000000        1.2903667        1.0000000        1.4378081 
       1.0000000        1.0000000        1.0000000        1.0000000      0.036000000        10.116232        9.9527968       0.18534639       0.18316723       0.10136080       0.10245540      0.048008952      0.048773333       0.82944392       0.82501503       0.75243149       0.75517773       0.70905643       0.71776372        1.0000000        2.2513700        1.0000000        2.3065454        1.0000000        2.4465080        1.0000000        1.2000767        1.0000000        1.2812276        1.0000000        1.4364576 
       1.0000000        1.0000000        1.0000000        1.0000000      0.037000000        10.029379        9.8702993       0.18449776       0.18165129       0.10159036       0.10142611      0.048353368      0.047884636       0.82677590       0.82243835       0.75100163       0.75347503       0.70898640       0.71646775        1.0000000        2.2420653        1.0000000        2.2977181        1.0000000        2.4344225        1.0000000        1.1907720        1.0000000        1.2724003        1.0000000        1.4243722 
       1.0000000        1.0000000        1.0000000        1.0000000      0.038000000        9.9124891        9.7575144       0.18297197       0.18054133       0.10117913       0.10096508      0.048478777      0.047847367       0.82345886       0.81915884       0.74889702       0.75137465       0.70840279       0.71638507        1.0000000        2.2309786        1.0000000        2.2882212        1.0000000        2.4357465        1.0000000        1.1796853        1.0000000        1.2629034        1.0000000        1.4256962 
       1.0000000        1.0000000        1.0000000        1.0000000      0.039000000        9.8542167        9.7031173       0.18192537       0.18032977       0.10082700       0.10123386      0.048539668      0.047929461       0.82097777       0.81727275       0.74757792       0.75139914       0.70790151       0.71653313        1.0000000        2.2244295        1.0000000        2.2886402        1.0000000        2.4374935        1.0000000        1.1731362        1.0000000        1.2633224        1.0000000        1.4274432 
       1.0000000        1.0000000        1.0000000        1.0000000      0.040000000        9.8484709        9.7010367       0.18062119       0.17985561      0.099760912       0.10145898      0.047837505      0.048299897       0.81894075       0.81578152       0.74573811       0.75105479       0.70741695       0.71734306        1.0000000        2.2188755        1.0000000        2.2859433        1.0000000        2.4422377        1.0000000        1.1675822        1.0000000        1.2606255        1.0000000        1.4321874 
       1.0000000        1.0000000        1.0000000        1.0000000      0.041000000        9.7613853        9.6174236       0.17929560       0.17826962      0.099464103       0.10040224      0.048039417      0.047824832       0.81617142       0.81288664       0.74438950       0.74896604       0.70711459       0.71580367        1.0000000        2.2091402        1.0000000        2.2757684        1.0000000        2.4284535        1.0000000        1.1578470        1.0000000        1.2504506        1.0000000        1.4184031 
       1.0000000        1.0000000        1.0000000        1.0000000      0.042000000        9.6862697        9.5456032       0.17844057       0.17769373      0.099250020      0.099907061      0.048037399      0.047518814       0.81381529       0.81146232       0.74323829       0.74837606       0.70675848       0.71522185        1.0000000        2.2045687        1.0000000        2.2732535        1.0000000        2.4227376        1.0000000        1.1532754        1.0000000        1.2479357        1.0000000        1.4126872 
       1.0000000        1.0000000        1.0000000        1.0000000      0.043000000        9.6802755        9.5427405       0.17782132       0.17701717      0.099049812      0.099692897      0.047995834      0.047246257       0.81158822       0.80932348       0.74192100       0.74757461       0.70568425       0.71448466        1.0000000        2.1974178        1.0000000        2.2699767        1.0000000        2.4167354        1.0000000        1.1461245        1.0000000        1.2446589        1.0000000        1.4066850 
       1.0000000        1.0000000        1.0000000        1.0000000      0.044000000        9.6929532        9.5583984       0.17813517       0.17541371       0.10051537      0.098479020      0.050082273      0.046701456       0.80953554       0.80715429       0.74143734       0.74459154       0.70571500       0.71171589        1.0000000        2.1900613        1.0000000        2.2552443        1.0000000        2.3985923        1.0000000        1.1387680        1.0000000        1.2299265        1.0000000        1.3885420 
       1.0000000        1.0000000        1.0000000        1.0000000      0.045000000        9.6338598        9.5024218       0.17684303       0.17537611      0.099870960      0.098749405      0.049829628      0.046720196       0.80720988       0.80504026       0.74015764       0.74466686       0.70497083       0.71222006        1.0000000        2.1834379        1.0000000        2.2563244        1.0000000        2.4008926        1.0000000        1.1321446        1.0000000        1.2310066        1.0000000        1.3908423 
       1.0000000        1.0000000        1.0000000        1.0000000      0.046000000        9.5742865        9.4455459       0.17537813       0.17486328      0.098407664      0.098759112      0.048106699      0.046560397       0.80498748       0.80322560       0.73840489       0.74440259       0.70453101       0.71179616        1.0000000        2.1772530        1.0000000        2.2552363        1.0000000        2.3979527        1.0000000        1.1259597        1.0000000        1.2299185        1.0000000        1.3879024 
       1.0000000        1.0000000        1.0000000        1.0000000      0.047000000        9.5215129        9.3953495       0.17422582       0.17455342      0.097857340      0.098665278      0.047950791      0.046481655       0.80263403       0.80221275       0.73691163       0.74392689       0.70441842       0.71165022        1.0000000        2.1739981        1.0000000        2.2529761        1.0000000        2.3963247        1.0000000        1.1227048        1.0000000        1.2276583        1.0000000        1.3862744 
       1.0000000        1.0000000        1.0000000        1.0000000      0.048000000        9.4986313        9.3749331       0.17336029       0.17413171      0.097418481      0.098723208      0.047794824      0.046691810       0.80085418       0.80067105       0.73583537       0.74324104       0.70406171       0.71231897        1.0000000        2.1688893        1.0000000        2.2499993        1.0000000        2.4005249        1.0000000        1.1175960        1.0000000        1.2246815        1.0000000        1.3904746 
       1.0000000        1.0000000        1.0000000        1.0000000      0.049000000        9.4341199        9.3127822       0.17258894       0.17333007      0.097073591      0.098323561      0.047648221      0.046411383       0.79890003       0.79923874       0.73454443       0.74207336       0.70332662       0.71120252        1.0000000        2.1640644        1.0000000        2.2455446        1.0000000        2.3946314        1.0000000        1.1127711        1.0000000        1.2202268        1.0000000        1.3845811 
       1.0000000        1.0000000        1.0000000        1.0000000      0.050000000        9.4513586        9.3322836       0.17287906       0.17426301      0.097991672      0.099430874      0.048717464      0.046969894       0.79817002       0.79869422       0.73457864       0.74333773       0.70389107       0.71269088        1.0000000        2.1625126        1.0000000        2.2525697        1.0000000        2.4067985        1.0000000        1.1112193        1.0000000        1.2272519        1.0000000        1.3967482 
       1.0000000        1.0000000        1.0000000        1.0000000      0.051000000        9.4610250        9.3441209       0.17158460       0.17336480      0.096737187      0.099110163      0.047510534      0.046947534       0.79607448       0.79710944       0.73271226       0.74233967       0.70361934       0.71337871        1.0000000        2.1572141        1.0000000        2.2482879        1.0000000        2.4111217        1.0000000        1.1059208        1.0000000        1.2229701        1.0000000        1.4010714 
       1.0000000        1.0000000        1.0000000        1.0000000      0.052000000        9.4055335        9.2907144       0.17096393       0.17337075      0.096667892      0.099391901      0.047623519      0.047004152       0.79405874       0.79564138       0.73165798       0.74251312       0.70386428       0.71314068        1.0000000        2.1527091        1.0000000        2.2496953        1.0000000        2.4106622        1.0000000        1.1014159        1.0000000        1.2243775        1.0000000        1.4006119 
       1.0000000        1.0000000        1.0000000        1.0000000      0.053000000        9.3703678        9.2575529       0.16997097       0.17270278      0.096330421      0.099180272      0.047561414      0.047156479       0.79150245       0.79400553       0.73031728       0.74163331       0.70343397       0.71399138        1.0000000        2.1473439        1.0000000        2.2452792        1.0000000        2.4133589        1.0000000        1.0960506        1.0000000        1.2199614        1.0000000        1.4033086 
       1.0000000        1.0000000        1.0000000        1.0000000      0.054000000        9.3179681        9.2070814       0.16867307       0.17225133      0.095604679      0.099217999      0.047081254      0.047425243       0.78906361       0.79233427       0.72885309       0.74100013       0.70319930       0.71530962        1.0000000        2.1418299        1.0000000        2.2423585        1.0000000        2.4204573        1.0000000        1.0905366        1.0000000        1.2170407        1.0000000        1.4104070 
       1.0000000        1.0000000        1.0000000        1.0000000      0.055000000        9.2769722        9.1679419       0.16821653       0.17239258      0.095353149      0.099657878      0.046996730      0.047820571       0.78785014       0.79177911       0.72823691       0.74132463       0.70249661       0.71692478        1.0000000        2.1399985        1.0000000        2.2436159        1.0000000        2.4299093        1.0000000        1.0887052        1.0000000        1.2182981        1.0000000        1.4198590 
       1.0000000        1.0000000        1.0000000        1.0000000      0.056000000        9.2390487        9.1319827       0.16752592       0.17215287      0.095203979      0.099600218      0.046979670      0.047927612       0.78554933       0.79069230       0.72668758       0.74058804       0.70218071       0.71657002        1.0000000        2.1367641        1.0000000        2.2410663        1.0000000        2.4283096        1.0000000        1.0854708        1.0000000        1.2157485        1.0000000        1.4182593 
       1.0000000        1.0000000        1.0000000        1.0000000      0.057000000        9.2139089        9.1085618       0.16666771       0.17126407      0.094523320      0.099050692      0.046568315      0.047761212       0.78429060       0.78909400       0.72621763       0.73905781       0.70172392       0.71611187        1.0000000        2.1314548        1.0000000        2.2340898        1.0000000        2.4240237        1.0000000        1.0801615        1.0000000        1.2087720        1.0000000        1.4139734 
       1.0000000        1.0000000        1.0000000        1.0000000      0.058000000        9.1742205        9.0705324       0.16605265       0.17070510      0.094416054      0.098695025      0.046687666      0.047760797       0.78186032       0.78774963       0.72488444       0.73817383       0.70152951       0.71605667        1.0000000        2.1271594        1.0000000        2.2297496        1.0000000        2.4226137        1.0000000        1.0758661        1.0000000        1.2044318        1.0000000        1.4125634 
       1.0000000        1.0000000        1.0000000        1.0000000      0.059000000        9.1386549        9.0365690       0.16572583       0.17053137      0.094194337      0.098672115      0.046548784      0.047770814       0.78081195       0.78656348       0.72448237       0.73763194       0.70246831       0.71629085        1.0000000        2.1235984        1.0000000        2.2279726        1.0000000        2.4228221        1.0000000        1.0723051        1.0000000        1.2026548        1.0000000        1.4127718 
       1.0000000        1.0000000        1.0000000        1.0000000      0.060000000        9.0916095        8.9910719       0.16503913       0.17033742      0.094019049      0.098914173      0.046635428      0.047956079       0.77852793       0.78510780       0.72349133       0.73820167       0.70225332       0.71821401        1.0000000        2.1190460        1.0000000        2.2300474        1.0000000        2.4316644        1.0000000        1.0677527        1.0000000        1.2047296        1.0000000        1.4216141 
       1.0000000        1.0000000        1.0000000        1.0000000      0.061000000        9.0783806        8.9793403       0.16451358       0.17061797      0.093798347      0.099416381      0.046618007      0.048411252       0.77743750       0.78475463       0.72284858       0.73906662       0.70263093       0.71925397        1.0000000        2.1177074        1.0000000        2.2333635        1.0000000        2.4400387        1.0000000        1.0664141        1.0000000        1.2080457        1.0000000        1.4299884 
       1.0000000        1.0000000        1.0000000        1.0000000      0.062000000        9.0552866        8.9576952       0.16424521       0.17071342      0.093715189      0.099534722      0.046382916      0.048315955       0.77547154       0.78389279       0.72185056       0.73914860       0.70044127       0.71876271        1.0000000        2.1152467        1.0000000        2.2341906        1.0000000        2.4380519        1.0000000        1.0639534        1.0000000        1.2088728        1.0000000        1.4280016 
       1.0000000        1.0000000        1.0000000        1.0000000      0.063000000        9.0057684        8.9095798       0.16392934       0.17014923      0.093899008      0.099682658      0.046689589      0.048782247       0.77405715       0.78235226       0.72163156       0.73863614       0.70143545       0.71990876        1.0000000        2.1099746        1.0000000        2.2311878        1.0000000        2.4439929        1.0000000        1.0586813        1.0000000        1.2058700        1.0000000        1.4339425 
       1.0000000        1.0000000        1.0000000        1.0000000      0.064000000        8.9752681        8.8804383       0.16358390       0.16997017      0.093893452      0.099703638      0.046707856      0.048945783       0.77264483       0.78142383       0.72155292       0.73862643       0.70187095       0.72098750        1.0000000        2.1070528        1.0000000        2.2308248        1.0000000        2.4483458        1.0000000        1.0557595        1.0000000        1.2055070        1.0000000        1.4382955 
       1.0000000        1.0000000        1.0000000        1.0000000      0.065000000        8.9745233        8.8810107       0.16332440       0.16990714      0.093959340       0.10003012      0.046821342      0.049199117       0.77091325       0.78014482       0.72081609       0.73909303       0.70186450       0.72198246        1.0000000        2.1030705        1.0000000        2.2323078        1.0000000        2.4542059        1.0000000        1.0517772        1.0000000        1.2069900        1.0000000        1.4441555 
       1.0000000        1.0000000        1.0000000        1.0000000      0.066000000        8.9408616        8.8486264       0.16320589       0.16925012      0.094065762      0.099541975      0.046972472      0.048891237       0.76967934       0.77861825       0.72054723       0.73815979       0.70235574       0.72111979        1.0000000        2.0984496        1.0000000        2.2281023        1.0000000        2.4487281        1.0000000        1.0471563        1.0000000        1.2027845        1.0000000        1.4386778 
       1.0000000        1.0000000        1.0000000        1.0000000      0.067000000        8.8927339        8.8018601       0.16321531       0.16891813      0.094134661      0.099255360      0.047036515      0.048532498       0.76906991       0.77785067       0.72060514       0.73844532       0.70282025       0.72013081        1.0000000        2.0958696        1.0000000        2.2296003        1.0000000        2.4428749        1.0000000        1.0445763        1.0000000        1.2042825        1.0000000        1.4328245 
       1.0000000        1.0000000        1.0000000        1.0000000      0.068000000        8.8672277        8.7775536       0.16295050       0.16817472      0.093995085      0.098809806      0.047021991      0.048452836       0.76818353       0.77655402       0.72019467       0.73729151       0.70262038       0.72016163        1.0000000        2.0916947        1.0000000        2.2237756        1.0000000        2.4410259        1.0000000        1.0404014        1.0000000        1.1984577        1.0000000        1.4309756 
       1.0000000        1.0000000        1.0000000        1.0000000      0.069000000        8.8170401        8.7285313       0.16258040       0.16794523      0.094008949      0.098754071      0.047152432      0.048242773       0.76639742       0.77573895       0.71892371       0.73641015       0.70257974       0.71866020        1.0000000        2.0892876        1.0000000        2.2210610        1.0000000        2.4361263        1.0000000        1.0379943        1.0000000        1.1957431        1.0000000        1.4260760 
       1.0000000        1.0000000        1.0000000        1.0000000      0.070000000        8.7970168        8.7096404       0.16239915       0.16769936      0.093970133      0.098490849      0.047155742      0.048065555       0.76549004       0.77518608       0.71873256       0.73608987       0.70280064       0.71835213        1.0000000        2.0875933        1.0000000        2.2193228        1.0000000        2.4336101        1.0000000        1.0363000        1.0000000        1.1940050        1.0000000        1.4235598 
       1.0000000        1.0000000        1.0000000        1.0000000      0.071000000        8.7849929        8.6987174       0.16189325       0.16794890      0.093714053      0.098595997      0.047046370      0.048021114       0.76454267       0.77494972       0.71837879       0.73671672       0.70265934       0.71862580        1.0000000        2.0869898        1.0000000        2.2219589        1.0000000        2.4338664        1.0000000        1.0356965        1.0000000        1.1966411        1.0000000        1.4238160 
       1.0000000        1.0000000        1.0000000        1.0000000      0.072000000        8.7472370        8.6620322       0.16138903       0.16777858      0.093487560      0.098567281      0.046881046      0.048011707       0.76277876       0.77389846       0.71738316       0.73671575       0.70236617       0.71853411        1.0000000        2.0838261        1.0000000        2.2216840        1.0000000        2.4325874        1.0000000        1.0325328        1.0000000        1.1963661        1.0000000        1.4225371 
       1.0000000        1.0000000        1.0000000        1.0000000      0.073000000        8.7271964        8.6430334       0.16121139       0.16670759      0.093317328      0.097559130      0.046702404      0.047123287       0.76264584       0.77287607       0.71741492       0.73576611       0.70215871       0.71528585        1.0000000        2.0801990        1.0000000        2.2176363        1.0000000        2.4148261        1.0000000        1.0289057        1.0000000        1.1923184        1.0000000        1.4047757 
       1.0000000        1.0000000        1.0000000        1.0000000      0.074000000        8.7214392        8.6382903       0.16070860       0.16686389      0.093165831      0.097841344      0.046705404      0.047346233       0.76119829       0.77227787       0.71633150       0.73657313       0.70236269       0.71574793        1.0000000        2.0784620        1.0000000        2.2205806        1.0000000        2.4172908        1.0000000        1.0271688        1.0000000        1.1952628        1.0000000        1.4072405 
       1.0000000        1.0000000        1.0000000        1.0000000      0.075000000        8.7093650        8.6272037       0.16070013       0.16685977      0.093236814      0.098020497      0.046723924      0.047396956       0.76002274       0.77145402       0.71613019       0.73677752       0.70234755       0.71604518        1.0000000        2.0759135        1.0000000        2.2217410        1.0000000        2.4200527        1.0000000        1.0246202        1.0000000        1.1964232        1.0000000        1.4100023 
       1.0000000        1.0000000        1.0000000        1.0000000      0.076000000        8.6970256        8.6158264       0.16040876       0.16673588      0.093122679      0.097687467      0.046653446      0.046980966       0.75861732       0.77085889       0.71535690       0.73629564       0.70252798       0.71346837        1.0000000        2.0743537        1.0000000        2.2208816        1.0000000        2.4075319        1.0000000        1.0230604        1.0000000        1.1955638        1.0000000        1.3974816 
       1.0000000        1.0000000        1.0000000        1.0000000      0.077000000        8.7098528        8.6295913       0.16015729       0.16651373      0.093070867      0.097738997      0.046687646      0.047176960       0.75744287       0.76999772       0.71461711       0.73640926       0.70232039       0.71430942        1.0000000        2.0717897        1.0000000        2.2206879        1.0000000        2.4133128        1.0000000        1.0204964        1.0000000        1.1953701        1.0000000        1.4032625 
       1.0000000        1.0000000        1.0000000        1.0000000      0.078000000        8.7072463        8.6278988       0.15994867       0.16682080      0.093054851      0.098171032      0.046725901      0.047471915       0.75632506       0.76994140       0.71454596       0.73708013       0.70264813       0.71484003        1.0000000        2.0717203        1.0000000        2.2237064        1.0000000        2.4190788        1.0000000        1.0204270        1.0000000        1.1983886        1.0000000        1.4090285 
       1.0000000        1.0000000        1.0000000        1.0000000      0.079000000        8.6758997        8.5975316       0.15949701       0.16660070      0.092998476      0.097958942      0.046808711      0.047321019       0.75460482       0.76928047       0.71376498       0.73710335       0.70295579       0.71432219        1.0000000        2.0697358        1.0000000        2.2233461        1.0000000        2.4155763        1.0000000        1.0184425        1.0000000        1.1980283        1.0000000        1.4055259 
       1.0000000        1.0000000        1.0000000        1.0000000      0.080000000        8.6517130        8.5742124       0.15919792       0.16676783      0.093028740      0.098141889      0.046921543      0.047364664       0.75328173       0.76894786       0.71332712       0.73709871       0.70302065       0.71465148        1.0000000        2.0689634        1.0000000        2.2238938        1.0000000        2.4182290        1.0000000        1.0176701        1.0000000        1.1985760        1.0000000        1.4081786 
       1.0000000        1.0000000        1.0000000        1.0000000      0.081000000        8.6452992        8.5686454       0.15931898       0.16661491      0.093266930      0.097876087      0.047045847      0.047102365       0.75263020       0.76845106       0.71412192       0.73683383       0.70380618       0.71287219        1.0000000        2.0675310        1.0000000        2.2227997        1.0000000        2.4092960        1.0000000        1.0162377        1.0000000        1.1974819        1.0000000        1.3992456 
       1.0000000        1.0000000        1.0000000        1.0000000      0.082000000        8.6301690        8.5543418       0.15912401       0.16639510      0.093300297      0.097821750      0.047109763      0.047046134       0.75095761       0.76723777       0.71379216       0.73690197       0.70426042       0.71207526        1.0000000        2.0638257        1.0000000        2.2226443        1.0000000        2.4042628        1.0000000        1.0125324        1.0000000        1.1973265        1.0000000        1.3942125 
       1.0000000        1.0000000        1.0000000        1.0000000      0.083000000        8.5934582        8.5184381       0.15891074       0.16635817      0.093216202      0.097795531      0.047010146      0.047102373       0.74982928       0.76684194       0.71343141       0.73686880       0.70397581       0.71172179        1.0000000        2.0628867        1.0000000        2.2225581        1.0000000        2.4028221        1.0000000        1.0115934        1.0000000        1.1972403        1.0000000        1.3927718 
       1.0000000        1.0000000        1.0000000        1.0000000      0.084000000        8.5597196        8.4854880       0.15866696       0.16624691      0.093081350      0.097787268      0.047011636      0.047080367       0.74885458       0.76619714       0.71283500       0.73696905       0.70480145       0.71174736        1.0000000        2.0609235        1.0000000        2.2226327        1.0000000        2.4028419        1.0000000        1.0096302        1.0000000        1.1973149        1.0000000        1.3927915 
       1.0000000        1.0000000        1.0000000        1.0000000      0.085000000        8.5264216        8.4529606       0.15853422       0.16627618      0.093070333      0.097958503      0.046977027      0.047303934       0.74857993       0.76573043       0.71284635       0.73740988       0.70393092       0.71273265        1.0000000        2.0595084        1.0000000        2.2242340        1.0000000        2.4075962        1.0000000        1.0082152        1.0000000        1.1989162        1.0000000        1.3975458 
       1.0000000        1.0000000        1.0000000        1.0000000      0.086000000        8.5163149        8.4436071       0.15809177       0.16659914      0.092739916      0.098299683      0.046678048      0.047505089       0.74703434       0.76556026       0.71241041       0.73830910       0.70146452       0.71396928        1.0000000        2.0594102        1.0000000        2.2273927        1.0000000        2.4133872        1.0000000        1.0081169        1.0000000        1.2020749        1.0000000        1.4033369 
       1.0000000        1.0000000        1.0000000        1.0000000      0.087000000        8.4990810        8.4271096       0.15815866       0.16639002      0.092870154      0.098197682      0.046749053      0.047534854       0.74649490       0.76507780       0.71224920       0.73743241       0.70170386       0.71347232        1.0000000        2.0581588        1.0000000        2.2242185        1.0000000        2.4115530        1.0000000        1.0068655        1.0000000        1.1989007        1.0000000        1.4015027 
       1.0000000        1.0000000        1.0000000        1.0000000      0.088000000        8.4736362        8.4023849       0.15809685       0.16658227      0.092883625      0.098440975      0.046755816      0.047615935       0.74613430       0.76508527       0.71219236       0.73771523       0.70213107       0.71369060        1.0000000        2.0583316        1.0000000        2.2257950        1.0000000        2.4143013        1.0000000        1.0070383        1.0000000        1.2004772        1.0000000        1.4042510 
       1.0000000        1.0000000        1.0000000        1.0000000      0.089000000        8.4576625        8.3871158       0.15784773       0.16657859      0.092553078      0.098324136      0.046473817      0.047576215       0.74592698       0.76503203       0.71159474       0.73803040       0.69977161       0.71429872        1.0000000        2.0581133        1.0000000        2.2266011        1.0000000        2.4150821        1.0000000        1.0068200        1.0000000        1.2012833        1.0000000        1.4050317 
       1.0000000        1.0000000        1.0000000        1.0000000      0.090000000        8.4401596        8.3703704       0.15761031       0.16590575      0.092331225      0.097782603      0.046273603      0.047358786       0.74507195       0.76410630       0.71189203       0.73658416       0.70024131       0.71280265        1.0000000        2.0550971        1.0000000        2.2203455        1.0000000        2.4070005        1.0000000        1.0038038        1.0000000        1.1950277        1.0000000        1.3969502 
       1.0000000        1.0000000        1.0000000        1.0000000      0.091000000        8.4130521        8.3439363       0.15768283       0.16581795      0.092500560      0.097752683      0.046364931      0.047416566       0.74466755       0.76371385       0.71224820       0.73651255       0.70081343       0.71358277        1.0000000        2.0538754        1.0000000        2.2195934        1.0000000        2.4099822        1.0000000        1.0025821        1.0000000        1.1942756        1.0000000        1.3999319 
       1.0000000        1.0000000        1.0000000        1.0000000      0.092000000        8.3843634        8.3159067       0.15749056       0.16553374      0.092338761      0.097550784      0.046278723      0.047340503       0.74347008       0.76299602       0.71119783       0.73623819       0.70020440       0.71409488        1.0000000        2.0515497        1.0000000        2.2178836        1.0000000        2.4102406        1.0000000        1.0002564        1.0000000        1.1925657        1.0000000        1.4001903 
       1.0000000        1.0000000        1.0000000        1.0000000      0.093000000        8.3411407        8.2733296       0.15733435       0.16539809      0.092370376      0.097462419      0.046353848      0.047346212       0.74297355       0.76247729       0.71095208       0.73564791       0.70051409       0.71427247        1.0000000        2.0500881        1.0000000        2.2158517        1.0000000        2.4108856        1.0000000       0.99879483        1.0000000        1.1905339        1.0000000        1.4008353 
       1.0000000        1.0000000        1.0000000        1.0000000      0.094000000        8.3195031        8.2523244       0.15726079       0.16529931      0.092320519      0.097484313      0.046265623      0.047249947       0.74248602       0.76141203       0.71030108       0.73519371       0.70008633       0.71388428        1.0000000        2.0471396        1.0000000        2.2148263        1.0000000        2.4090636        1.0000000       0.99584632        1.0000000        1.1895085        1.0000000        1.3990133 
       1.0000000        1.0000000        1.0000000        1.0000000      0.095000000        8.3042490        8.2376897       0.15707714       0.16500117      0.092243105      0.097245679      0.046246646      0.047245487       0.74174455       0.76086316       0.70954905       0.73448634       0.69993745       0.71448970        1.0000000        2.0454397        1.0000000        2.2119134        1.0000000        2.4094543        1.0000000       0.99414638        1.0000000        1.1865956        1.0000000        1.3994039 
       1.0000000        1.0000000        1.0000000        1.0000000      0.096000000        8.2929508        8.2269987       0.15725680       0.16465529      0.092403013      0.097075247      0.046325031      0.047184934       0.74200540       0.75977821       0.71022087       0.73426820       0.70027145       0.71462764        1.0000000        2.0423351        1.0000000        2.2105004        1.0000000        2.4079958        1.0000000       0.99104182        1.0000000        1.1851826        1.0000000        1.3979455 
       1.0000000        1.0000000        1.0000000        1.0000000      0.097000000        8.2765903        8.2112333       0.15721838       0.16489149      0.092416124      0.097083655      0.046293026      0.046956017       0.74178608       0.76058541       0.71005169       0.73404549       0.69999821       0.71390366        1.0000000        2.0447837        1.0000000        2.2107833        1.0000000        2.4049547        1.0000000       0.99349038        1.0000000        1.1854655        1.0000000        1.3949044 
       1.0000000        1.0000000        1.0000000        1.0000000      0.098000000        8.2774885        8.2127150       0.15718853       0.16533452      0.092513652      0.097537041      0.046361190      0.047211693       0.74132194       0.76077316       0.70988565       0.73454325       0.70028383       0.71466007        1.0000000        2.0457643        1.0000000        2.2130253        1.0000000        2.4110960        1.0000000       0.99447099        1.0000000        1.1877075        1.0000000        1.4010457 
       1.0000000        1.0000000        1.0000000        1.0000000      0.099000000        8.2509233        8.1867219       0.15731556       0.16534038      0.092667336      0.097518772      0.046472838      0.047077701       0.74089897       0.76036063       0.71051584       0.73441645       0.70195173       0.71420701        1.0000000        2.0446504        1.0000000        2.2130619        1.0000000        2.4089401        1.0000000       0.99335713        1.0000000        1.1877441        1.0000000        1.3988898 
       1.0000000        1.0000000        1.0000000        1.0000000       0.10000000        8.2394869        8.1758466       0.15725751       0.16511562      0.092803749      0.097507588      0.046557220      0.047039784       0.74031147       0.75957766       0.71085549       0.73403979       0.70231561       0.71447280        1.0000000        2.0421944        1.0000000        2.2111100        1.0000000        2.4092800        1.0000000       0.99090112        1.0000000        1.1857922        1.0000000        1.3992296 
       1.0000000        1.0000000        1.0000000        1.0000000       0.10100000        8.2191725        8.1561373       0.15721430       0.16466514      0.092870439      0.096935054      0.046611318      0.046625799       0.73922368       0.75900450       0.71078119       0.73295389       0.70230270       0.71212941        1.0000000        2.0405814        1.0000000        2.2064034        1.0000000        2.3981410        1.0000000       0.98928814        1.0000000        1.1810856        1.0000000        1.3880907 
       1.0000000        1.0000000        1.0000000        1.0000000       0.10200000        8.1838438        8.1213477       0.15690915       0.16491976      0.092690556      0.097184612      0.046451009      0.046715848       0.73730327       0.75869284       0.71001286       0.73322308       0.70247208       0.71312535        1.0000000        2.0398290        1.0000000        2.2078559        1.0000000        2.4032788        1.0000000       0.98853570        1.0000000        1.1825381        1.0000000        1.3932285 
       1.0000000        1.0000000        1.0000000        1.0000000       0.10300000        8.1681129        8.1061460       0.15700821       0.16548415      0.092877777      0.097573540      0.046554389      0.047069699       0.73702865       0.76033886       0.70999700       0.73650095       0.70334443       0.71509700        1.0000000        2.0445473        1.0000000        2.2176682        1.0000000        2.4119345        1.0000000       0.99325398        1.0000000        1.1923504        1.0000000        1.4018842 
       1.0000000        1.0000000        1.0000000        1.0000000       0.10400000        8.1423622        8.0809147       0.15699007       0.16556100      0.092966403      0.097826099      0.046630914      0.047352499       0.73649336       0.76023605       0.71050206       0.73731952       0.70398341       0.71611909        1.0000000        2.0437494        1.0000000        2.2200723        1.0000000        2.4183141        1.0000000       0.99245606        1.0000000        1.1947545        1.0000000        1.4082638 
       1.0000000        1.0000000        1.0000000        1.0000000       0.10500000        8.1251966        8.0642590       0.15674406       0.16542137      0.092739951      0.097692417      0.046503614      0.047284554       0.73555835       0.75955322       0.70935423       0.73650913       0.70342568       0.71556491        1.0000000        2.0417710        1.0000000        2.2180398        1.0000000        2.4160559        1.0000000       0.99047774        1.0000000        1.1927220        1.0000000        1.4060055 
       1.0000000        1.0000000        1.0000000        1.0000000       0.10600000        8.1401002        8.0796635       0.15659294       0.16535616      0.092795703      0.097810171      0.046613317      0.047555474       0.73495029       0.75921644       0.70938260       0.73572718       0.70411853       0.71630836        1.0000000        2.0404678        1.0000000        2.2154064        1.0000000        2.4196852        1.0000000       0.98917452        1.0000000        1.1900886        1.0000000        1.4096349 
       1.0000000        1.0000000        1.0000000        1.0000000       0.10700000        8.1278118        8.0678669       0.15647627       0.16482758      0.092841305      0.097398001      0.046690187      0.047462956       0.73474347       0.75858962       0.70938913       0.73360199       0.70409561       0.71519125        1.0000000        2.0384067        1.0000000        2.2081472        1.0000000        2.4145438        1.0000000       0.98711341        1.0000000        1.1828294        1.0000000        1.4044935 
       1.0000000        1.0000000        1.0000000        1.0000000       0.10800000        8.1187671        8.0593054       0.15648097       0.16455978      0.092863564      0.097141946      0.046660446      0.047287433       0.73448589       0.75788908       0.70954846       0.73307862       0.70341351       0.71469211        1.0000000        2.0363782        1.0000000        2.2063853        1.0000000        2.4111813        1.0000000       0.98508495        1.0000000        1.1810675        1.0000000        1.4011310 
       1.0000000        1.0000000        1.0000000        1.0000000       0.10900000        8.1030231        8.0440361       0.15651385       0.16438254      0.092948778      0.097094261      0.046661248      0.047225040       0.73399117       0.75727226       0.70935671       0.73307415       0.70318921       0.71431301        1.0000000        2.0346011        1.0000000        2.2063850        1.0000000        2.4088333        1.0000000       0.98330782        1.0000000        1.1810672        1.0000000        1.3987829 
       1.0000000        1.0000000        1.0000000        1.0000000       0.11000000        8.0984738        8.0399533       0.15631597       0.16444490      0.092974303      0.097203189      0.046748006      0.047288160       0.73304920       0.75731605       0.70952174       0.73361166       0.70385774       0.71441042        1.0000000        2.0347000        1.0000000        2.2085018        1.0000000        2.4101400        1.0000000       0.98340670        1.0000000        1.1831840        1.0000000        1.4000896 
       1.0000000        1.0000000        1.0000000        1.0000000       0.11100000        8.0810610        8.0229990       0.15610460       0.16400718      0.092912528      0.096949035      0.046808488      0.047354335       0.73250503       0.75635659       0.70928162       0.73301732       0.70358545       0.71419359        1.0000000        2.0318393        1.0000000        2.2052639        1.0000000        2.4075145        1.0000000       0.98054602        1.0000000        1.1799461        1.0000000        1.3974641 
       1.0000000        1.0000000        1.0000000        1.0000000       0.11200000        8.0660230        8.0084116       0.15579123       0.16410186      0.092664165      0.096959770      0.046699236      0.047227802       0.73184822       0.75623270       0.70879145       0.73342437       0.70221751       0.71432098        1.0000000        2.0314435        1.0000000        2.2065836        1.0000000        2.4068458        1.0000000       0.98015016        1.0000000        1.1812658        1.0000000        1.3967955 
       1.0000000        1.0000000        1.0000000        1.0000000       0.11300000        8.0518394        7.9947151       0.15568722       0.16435363      0.092540321      0.097142102      0.046526271      0.047245825       0.73106507       0.75662765       0.70775417       0.73414931       0.70094518       0.71454456        1.0000000        2.0326994        1.0000000        2.2093901        1.0000000        2.4087425        1.0000000       0.98140606        1.0000000        1.1840723        1.0000000        1.3986922 
       1.0000000        1.0000000        1.0000000        1.0000000       0.11400000        8.0314737        7.9747844       0.15575390       0.16420254      0.092478939      0.096875749      0.046414962      0.046903840       0.73120545       0.75637526       0.70756395       0.73357874       0.70032810       0.71283748        1.0000000        2.0321612        1.0000000        2.2077989        1.0000000        2.4004142        1.0000000       0.98086794        1.0000000        1.1824811        1.0000000        1.3903638 
       1.0000000        1.0000000        1.0000000        1.0000000       0.11500000        8.0436375        7.9873759       0.15578438       0.16428744      0.092531004      0.096932272      0.046440361      0.046895592       0.73108426       0.75648102       0.70764034       0.73421775       0.70047643       0.71280825        1.0000000        2.0325520        1.0000000        2.2098396        1.0000000        2.4000508        1.0000000       0.98125873        1.0000000        1.1845218        1.0000000        1.3900005 
       1.0000000        1.0000000        1.0000000        1.0000000       0.11600000        8.0351365        7.9792957       0.15587732       0.16427071      0.092592996      0.096953179      0.046439616      0.046901712       0.73102401       0.75643109       0.70811287       0.73449525       0.70136487       0.71281386        1.0000000        2.0323492        1.0000000        2.2104635        1.0000000        2.4001090        1.0000000       0.98105586        1.0000000        1.1851457        1.0000000        1.3900586 
       1.0000000        1.0000000        1.0000000        1.0000000       0.11700000        8.0187566        7.9633298       0.15586778       0.16459752      0.092544176      0.097160023      0.046362717      0.047006296       0.73069287       0.75687937       0.70816503       0.73535591       0.70192083       0.71288931        1.0000000        2.0337484        1.0000000        2.2138077        1.0000000        2.4023990        1.0000000       0.98245511        1.0000000        1.1884899        1.0000000        1.3923486 
       1.0000000        1.0000000        1.0000000        1.0000000       0.11800000        8.0141362        7.9591168       0.15582504       0.16455626      0.092576765      0.097234529      0.046443883      0.047046657       0.73051865       0.75684375       0.70796105       0.73569634       0.70243770       0.71354341        1.0000000        2.0334964        1.0000000        2.2147008        1.0000000        2.4047478        1.0000000       0.98220306        1.0000000        1.1893830        1.0000000        1.3946974 
       1.0000000        1.0000000        1.0000000        1.0000000       0.11900000        7.9946360        7.9400173       0.15582545       0.16439169      0.092633547      0.096923240      0.046509552      0.046654846       0.73051200       0.75612930       0.70884717       0.73284550       0.70274596       0.71015059        1.0000000        2.0318019        1.0000000        2.2066551        1.0000000        2.3922717        1.0000000       0.98050857        1.0000000        1.1813373        1.0000000        1.3822214 
       1.0000000        1.0000000        1.0000000        1.0000000       0.12000000        7.9761594        7.9219353       0.15586685       0.16489805      0.092608528      0.097266391      0.046462045      0.046904370       0.73066333       0.75723815       0.70867388       0.73491382       0.70071371       0.71129874        1.0000000        2.0351550        1.0000000        2.2132432        1.0000000        2.3983829        1.0000000       0.98386166        1.0000000        1.1879254        1.0000000        1.3883326 
       1.0000000        1.0000000        1.0000000        1.0000000       0.12100000        7.9544040        7.9005682       0.15585193       0.16472155      0.092681445      0.097079596      0.046569062      0.046826687       0.73027037       0.75666261       0.70872029       0.73425762       0.70080265       0.71078449        1.0000000        2.0335965        1.0000000        2.2106634        1.0000000        2.3953794        1.0000000       0.98230317        1.0000000        1.1853456        1.0000000        1.3853291 
       1.0000000        1.0000000        1.0000000        1.0000000       0.12200000        7.9345297        7.8810761       0.15607879       0.16468969      0.092760870      0.097038585      0.046563696      0.046715189       0.73077987       0.75630639       0.70879958       0.73424104       0.70093457       0.71052183        1.0000000        2.0324422        1.0000000        2.2109118        1.0000000        2.3940613        1.0000000       0.98114888        1.0000000        1.1855940        1.0000000        1.3840110 
       1.0000000        1.0000000        1.0000000        1.0000000       0.12300000        7.9167036        7.8636265       0.15590950       0.16480907      0.092742894      0.097097560      0.046543311      0.046832956       0.73013351       0.75638601       0.70905258       0.73462980       0.70188730       0.71136742        1.0000000        2.0326286        1.0000000        2.2116367        1.0000000        2.3962472        1.0000000       0.98133532        1.0000000        1.1863189        1.0000000        1.3861968 
       1.0000000        1.0000000        1.0000000        1.0000000       0.12400000        7.9043678        7.8516981       0.15580381       0.16500913      0.092692396      0.097280237      0.046638636      0.046969561       0.72973904       0.75698669       0.70839791       0.73570855       0.70213869       0.71241573        1.0000000        2.0341756        1.0000000        2.2154703        1.0000000        2.4000499        1.0000000       0.98288233        1.0000000        1.1901525        1.0000000        1.3899995 
       1.0000000        1.0000000        1.0000000        1.0000000       0.12500000        7.8994224        7.8471172       0.15572286       0.16505049      0.092650027      0.097493781      0.046591416      0.047210089       0.72927103       0.75717606       0.70816430       0.73592812       0.70224870       0.71247788        1.0000000        2.0346320        1.0000000        2.2169306        1.0000000        2.4023798        1.0000000       0.98333871        1.0000000        1.1916128        1.0000000        1.3923295 
       1.0000000        1.0000000        1.0000000        1.0000000       0.12600000        7.8854262        7.8334799       0.15572957       0.16544366      0.092736998      0.097569932      0.046647597      0.047227452       0.72906594       0.75793266       0.70846220       0.73691131       0.70257189       0.71195893        1.0000000        2.0370088        1.0000000        2.2208354        1.0000000        2.3999761        1.0000000       0.98571552        1.0000000        1.1955176        1.0000000        1.3899257 
       1.0000000        1.0000000        1.0000000        1.0000000       0.12700000        7.8753532        7.8237607       0.15572464       0.16531174      0.092831072      0.097500490      0.046702070      0.047166933       0.72859944       0.75767966       0.70885629       0.73677214       0.70284916       0.71192709        1.0000000        2.0360996        1.0000000        2.2198971        1.0000000        2.3991365        1.0000000       0.98480633        1.0000000        1.1945793        1.0000000        1.3890862 
       1.0000000        1.0000000        1.0000000        1.0000000       0.12800000        7.8636903        7.8124462       0.15553799       0.16529725      0.092625743      0.097432512      0.046577329      0.047069489       0.72791098       0.75758457       0.70790272       0.73677363       0.70268282       0.71163927        1.0000000        2.0359210        1.0000000        2.2197656        1.0000000        2.3972738        1.0000000       0.98462769        1.0000000        1.1944478        1.0000000        1.3872234 
       1.0000000        1.0000000        1.0000000        1.0000000       0.12900000        7.8535108        7.8026100       0.15561293       0.16546449      0.092773253      0.097538461      0.046544838      0.047041546       0.72785933       0.75788200       0.70953055       0.73672826       0.70280964       0.71161629        1.0000000        2.0366381        1.0000000        2.2196852        1.0000000        2.3956181        1.0000000       0.98534483        1.0000000        1.1943674        1.0000000        1.3855678 
       1.0000000        1.0000000        1.0000000        1.0000000       0.13000000        7.8414654        7.7909030       0.15559254       0.16560035      0.092688304      0.097685623      0.046419271      0.047083686       0.72742435       0.75802806       0.70883716       0.73715846       0.70226709       0.71168813        1.0000000        2.0370421        1.0000000        2.2216151        1.0000000        2.3973402        1.0000000       0.98574880        1.0000000        1.1962972        1.0000000        1.3872899 
       1.0000000        1.0000000        1.0000000        1.0000000       0.13100000        7.8228687        7.7726398       0.15560081       0.16570486      0.092723413      0.097901336      0.046430990      0.047256579       0.72752470       0.75822156       0.70879200       0.73752818       0.70158803       0.71296261        1.0000000        2.0375673        1.0000000        2.2227847        1.0000000        2.4028843        1.0000000       0.98627403        1.0000000        1.1974669        1.0000000        1.3928340 
       1.0000000        1.0000000        1.0000000        1.0000000       0.13200000        7.8063922        7.7564920       0.15546688       0.16553266      0.092613251      0.097765397      0.046515447      0.047242297       0.72705487       0.75811906       0.70791831       0.73748252       0.70203138       0.71279758        1.0000000        2.0372016        1.0000000        2.2224089        1.0000000        2.4024486        1.0000000       0.98590829        1.0000000        1.1970911        1.0000000        1.3923983 
       1.0000000        1.0000000        1.0000000        1.0000000       0.13300000        7.7982079        7.7486318       0.15524031       0.16559494      0.092333209      0.097727554      0.046456721      0.047207293       0.72634489       0.75810635       0.70637043       0.73727079       0.70157901       0.71267412        1.0000000        2.0373885        1.0000000        2.2217290        1.0000000        2.4019056        1.0000000       0.98609517        1.0000000        1.1964112        1.0000000        1.3918553 
       1.0000000        1.0000000        1.0000000        1.0000000       0.13400000        7.7758818        7.7266251       0.15511102       0.16588750      0.092167281      0.097845467      0.046389171      0.047335596       0.72591284       0.75860154       0.70567145       0.73817297       0.70141140       0.71261956        1.0000000        2.0388848        1.0000000        2.2246159        1.0000000        2.4026731        1.0000000       0.98759148        1.0000000        1.1992981        1.0000000        1.3926228 
       1.0000000        1.0000000        1.0000000        1.0000000       0.13500000        7.7722668        7.7233565       0.15487429       0.16566103      0.092025617      0.097725488      0.046338137      0.047337224       0.72542702       0.75810740       0.70499946       0.73761984       0.70119536       0.71254762        1.0000000        2.0374715        1.0000000        2.2219148        1.0000000        2.4022439        1.0000000       0.98617821        1.0000000        1.1965970        1.0000000        1.3921935 
       1.0000000        1.0000000        1.0000000        1.0000000       0.13600000        7.7481117        7.6995117       0.15486826       0.16603947      0.092072868      0.097994446      0.046318683      0.047536928       0.72529430       0.75857028       0.70548653       0.73819699       0.70086412       0.71332813        1.0000000        2.0390925        1.0000000        2.2246339        1.0000000        2.4069470        1.0000000       0.98779923        1.0000000        1.1993161        1.0000000        1.3968967 
       1.0000000        1.0000000        1.0000000        1.0000000       0.13700000        7.7323023        7.6840081       0.15496076       0.16583484      0.092271188      0.097887436      0.046523909      0.047462113       0.72538828       0.75844513       0.70584400       0.73787786       0.70161300       0.71351707        1.0000000        2.0385147        1.0000000        2.2226809        1.0000000        2.4064836        1.0000000       0.98722139        1.0000000        1.1973631        1.0000000        1.3964332 
       1.0000000        1.0000000        1.0000000        1.0000000       0.13800000        7.7136700        7.6656777       0.15473890       0.16604813      0.091959416      0.098159232      0.046226355      0.047626087       0.72466956       0.75851897       0.70423346       0.73865522       0.69810521       0.71428512        1.0000000        2.0387633        1.0000000        2.2253801        1.0000000        2.4110416        1.0000000       0.98746996        1.0000000        1.2000623        1.0000000        1.4009912 
       1.0000000        1.0000000        1.0000000        1.0000000       0.13900000        7.6966935        7.6489989       0.15475799       0.16562939      0.091938329      0.097897460      0.046211306      0.047578403       0.72423643       0.75756572       0.70379049       0.73741195       0.69793255       0.71406158        1.0000000        2.0359413        1.0000000        2.2210416        1.0000000        2.4094371        1.0000000       0.98464796        1.0000000        1.1957238        1.0000000        1.3993867 
       1.0000000        1.0000000        1.0000000        1.0000000       0.14000000        7.6763034        7.6289025       0.15476106       0.16562076      0.091914783      0.097939348      0.046203434      0.047630813       0.72410259       0.75758566       0.70412307       0.73712823       0.69794509       0.71412646        1.0000000        2.0359938        1.0000000        2.2200866        1.0000000        2.4100707        1.0000000       0.98470049        1.0000000        1.1947688        1.0000000        1.4000204 
       1.0000000        1.0000000        1.0000000        1.0000000       0.14100000        7.6671898        7.6200787       0.15482515       0.16599264      0.091942842      0.098195094      0.046229799      0.047720872       0.72450464       0.75836692       0.70486350       0.73780042       0.69796718       0.71452389        1.0000000        2.0383303        1.0000000        2.2228543        1.0000000        2.4125651        1.0000000       0.98703702        1.0000000        1.1975365        1.0000000        1.4025147 
       1.0000000        1.0000000        1.0000000        1.0000000       0.14200000        7.6619439        7.6151187       0.15480725       0.16575023      0.091895944      0.097958314      0.046231463      0.047578165       0.72397258       0.75782876       0.70415627       0.73662834       0.69797320       0.71316503        1.0000000        2.0368967        1.0000000        2.2191253        1.0000000        2.4057279        1.0000000       0.98560342        1.0000000        1.1938075        1.0000000        1.3956776 
       1.0000000        1.0000000        1.0000000        1.0000000       0.14300000        7.6515367        7.6049937       0.15503073       0.16568319      0.092035051      0.097875823      0.046283239      0.047474972       0.72430758       0.75784428       0.70458720       0.73704945       0.69818475       0.71285212        1.0000000        2.0367714        1.0000000        2.2201025        1.0000000        2.4036916        1.0000000       0.98547815        1.0000000        1.1947847        1.0000000        1.3936412 
       1.0000000        1.0000000        1.0000000        1.0000000       0.14400000        7.6342951        7.5880307       0.15493009       0.16576149      0.092041606      0.097873442      0.046320939      0.047460261       0.72425425       0.75806955       0.70496189       0.73703120       0.69880899       0.71264234        1.0000000        2.0375531        1.0000000        2.2202950        1.0000000        2.4028428        1.0000000       0.98625976        1.0000000        1.1949772        1.0000000        1.3927924 
       1.0000000        1.0000000        1.0000000        1.0000000       0.14500000        7.6206787        7.5746892       0.15501622       0.16587026      0.092099255      0.097934468      0.046342673      0.047478220       0.72439166       0.75847538       0.70511628       0.73748602       0.69870032       0.71299970        1.0000000        2.0387801        1.0000000        2.2218679        1.0000000        2.4045980        1.0000000       0.98748685        1.0000000        1.1965501        1.0000000        1.3945477 
       1.0000000        1.0000000        1.0000000        1.0000000       0.14600000        7.6164449        7.5707267       0.15522499       0.16614485      0.092235842      0.098240385      0.046457351      0.047658924       0.72533035       0.75884185       0.70570428       0.73792791       0.69851072       0.71347030        1.0000000        2.0399111        1.0000000        2.2235380        1.0000000        2.4081350        1.0000000       0.98861780        1.0000000        1.1982202        1.0000000        1.3980846 
       1.0000000        1.0000000        1.0000000        1.0000000       0.14700000        7.5980510        7.5526274       0.15541556       0.16614999      0.092327887      0.098181447      0.046447952      0.047671802       0.72607314       0.75925572       0.70664383       0.73778365       0.69849185       0.71365364        1.0000000        2.0410945        1.0000000        2.2231421        1.0000000        2.4092457        1.0000000       0.98980124        1.0000000        1.1978243        1.0000000        1.3991953 
       1.0000000        1.0000000        1.0000000        1.0000000       0.14800000        7.5813461        7.5361866       0.15539436       0.16634780      0.092348053      0.098225696      0.046419255      0.047606088       0.72612042       0.75973081       0.70705333       0.73832148       0.69851722       0.71349237        1.0000000        2.0424845        1.0000000        2.2256157        1.0000000        2.4086428        1.0000000       0.99119117        1.0000000        1.2002979        1.0000000        1.3985925 
       1.0000000        1.0000000        1.0000000        1.0000000       0.14900000        7.5648833        7.5199847       0.15549257       0.16644174      0.092461906      0.098339738      0.046478577      0.047709297       0.72649128       0.76021380       0.70754635       0.73897257       0.69902410       0.71450241        1.0000000        2.0438642        1.0000000        2.2276623        1.0000000        2.4130367        1.0000000       0.99257089        1.0000000        1.2023445        1.0000000        1.4029864 
       1.0000000        1.0000000        1.0000000        1.0000000       0.15000000        7.5496193        7.5049783       0.15528954       0.16631019      0.092261021      0.098272775      0.046313434      0.047720307       0.72575462       0.75985721       0.70704761       0.73893330       0.69866575       0.71498707        1.0000000        2.0428200        1.0000000        2.2271017        1.0000000        2.4141152        1.0000000       0.99152671        1.0000000        1.2017839        1.0000000        1.4040649 
       1.0000000        1.0000000        1.0000000        1.0000000       0.15100000        7.5376063        7.4932197       0.15499456       0.16613237      0.092041340      0.098134495      0.046196218      0.047679329       0.72472809       0.75962165       0.70555032       0.73882779       0.69811775       0.71495158        1.0000000        2.0421120        1.0000000        2.2263531        1.0000000        2.4132571        1.0000000       0.99081872        1.0000000        1.2010353        1.0000000        1.4032068 
       1.0000000        1.0000000        1.0000000        1.0000000       0.15200000        7.5228612        7.4787258       0.15491397       0.16609665      0.092007548      0.098133570      0.046247333      0.047706715       0.72428085       0.75943619       0.70477494       0.73922163       0.69813846       0.71559956        1.0000000        2.0414358        1.0000000        2.2272870        1.0000000        2.4154044        1.0000000       0.99014252        1.0000000        1.2019692        1.0000000        1.4053541 
       1.0000000        1.0000000        1.0000000        1.0000000       0.15300000        7.5106763        7.4667891       0.15488487       0.16629611      0.092014647      0.098186312      0.046323373      0.047688409       0.72455464       0.75954785       0.70470162       0.73946812       0.69856176       0.71530382        1.0000000        2.0419810        1.0000000        2.2287690        1.0000000        2.4146213        1.0000000       0.99068769        1.0000000        1.2034512        1.0000000        1.4045709 
       1.0000000        1.0000000        1.0000000        1.0000000       0.15400000        7.5121833        7.4685412       0.15486695       0.16615848      0.092013077      0.098111487      0.046298653      0.047568310       0.72451416       0.75942305       0.70479452       0.73924544       0.69851753       0.71510210        1.0000000        2.0417570        1.0000000        2.2274576        1.0000000        2.4124923        1.0000000       0.99046372        1.0000000        1.2021398        1.0000000        1.4024420 
       1.0000000        1.0000000        1.0000000        1.0000000       0.15500000        7.5009603        7.4575604       0.15498025       0.16644535      0.092122393      0.098264500      0.046372062      0.047674311       0.72471935       0.75996229       0.70508094       0.73991252       0.69879530       0.71557259        1.0000000        2.0435023        1.0000000        2.2298607        1.0000000        2.4148573        1.0000000       0.99220899        1.0000000        1.2045429        1.0000000        1.4048070 
       1.0000000        1.0000000        1.0000000        1.0000000       0.15600000        7.4901996        7.4470389       0.15508856       0.16642582      0.092225867      0.098147872      0.046391590      0.047606232       0.72515583       0.76028486       0.70546669       0.73995828       0.69901341       0.71536561        1.0000000        2.0444603        1.0000000        2.2302103        1.0000000        2.4136772        1.0000000       0.99316700        1.0000000        1.2048925        1.0000000        1.4036269 
       1.0000000        1.0000000        1.0000000        1.0000000       0.15700000        7.4751920        7.4322677       0.15516862       0.16643786      0.092282691      0.098156433      0.046433279      0.047594808       0.72537506       0.76034711       0.70547886       0.74012796       0.69849159       0.71550354        1.0000000        2.0445731        1.0000000        2.2306958        1.0000000        2.4140552        1.0000000       0.99327978        1.0000000        1.2053780        1.0000000        1.4040049 
       1.0000000        1.0000000        1.0000000        1.0000000       0.15800000        7.4555825        7.4129150       0.15534853       0.16632802      0.092383480      0.098187296      0.046463787      0.047698497       0.72593004       0.76038726       0.70577114       0.74029650       0.69807613       0.71574466        1.0000000        2.0445069        1.0000000        2.2310293        1.0000000        2.4156577        1.0000000       0.99321365        1.0000000        1.2057115        1.0000000        1.4056073 
       1.0000000        1.0000000        1.0000000        1.0000000       0.15900000        7.4507546        7.4083178       0.15534176       0.16631024      0.092401565      0.098195325      0.046532335      0.047712419       0.72559808       0.76051498       0.70533075       0.74037619       0.69821054       0.71650575        1.0000000        2.0447866        1.0000000        2.2306176        1.0000000        2.4187739        1.0000000       0.99349330        1.0000000        1.2052998        1.0000000        1.4087235 
       1.0000000        1.0000000        1.0000000        1.0000000       0.16000000        7.4318642        7.3896552       0.15525708       0.16638433      0.092392084      0.098209330      0.046521360      0.047602012       0.72525283       0.76051495       0.70496587       0.74068757       0.69805111       0.71606952        1.0000000        2.0447954        1.0000000        2.2319409        1.0000000        2.4166407        1.0000000       0.99350208        1.0000000        1.2066231        1.0000000        1.4065904 
