
       1.0000000        1.0000000        1.0000000        1.0000000      0.035000000        10.332600        10.178538       0.15036260       0.15342615      0.085162723      0.086770980      0.042251930      0.042033126       0.75971104       0.76397330       0.70739454       0.71200725       0.68752368       0.69065788        1.0000000        2.0465083        1.0000000        2.1072067        1.0000000        2.2545377        1.0000000       0.99521504        1.0000000        1.0818889        1.0000000        1.2444873 
       1.0000000        1.0000000        1.0000000        1.0000000      0.036000000        10.250017        10.100201       0.14990518       0.15283432      0.084935185      0.086439352      0.041827053      0.041711299       0.75695317       0.76091928       0.70558103       0.70952690       0.68641292       0.68949961        1.0000000        2.0380449        1.0000000        2.0997588        1.0000000        2.2474802        1.0000000       0.98675161        1.0000000        1.0744410        1.0000000        1.2374299 
       1.0000000        1.0000000        1.0000000        1.0000000      0.037000000        10.212884        10.067061       0.14930904       0.15202901      0.084891368      0.086145531      0.041901413      0.041456508       0.75475320       0.75827212       0.70471872       0.70804371       0.68624537       0.68886585        1.0000000        2.0297319        1.0000000        2.0944797        1.0000000        2.2439633        1.0000000       0.97843865        1.0000000        1.0691619        1.0000000        1.2339130 
       1.0000000        1.0000000        1.0000000        1.0000000      0.038000000        10.151928        10.009868       0.14862308       0.14999061      0.084640659      0.084155091      0.041759658      0.039781181       0.75226389       0.75466783       0.70325568       0.70355950       0.68494318       0.68161187        1.0000000        2.0186367        1.0000000        2.0770401        1.0000000        2.2075863        1.0000000       0.96734345        1.0000000        1.0517223        1.0000000        1.1975360 
       1.0000000        1.0000000        1.0000000        1.0000000      0.039000000        10.058419        9.9199109       0.14738214       0.14885565      0.084244649      0.083865234      0.042074383      0.039945298       0.74906540       0.75152531       0.70156726       0.70166354       0.68458533       0.68078776        1.0000000        2.0090768        1.0000000        2.0694100        1.0000000        2.2069603        1.0000000       0.95778353        1.0000000        1.0440922        1.0000000        1.1969099 
       1.0000000        1.0000000        1.0000000        1.0000000      0.040000000        9.9573970        9.8222490       0.14663766       0.14861548      0.083846124      0.084013760      0.041843323      0.040198461       0.74637499       0.74962363       0.69990340       0.70110102       0.68298658       0.68120663        1.0000000        2.0031664        1.0000000        2.0678385        1.0000000        2.2090988        1.0000000       0.95187306        1.0000000        1.0425207        1.0000000        1.1990484 
       1.0000000        1.0000000        1.0000000        1.0000000      0.041000000        9.8762173        9.7442525       0.14617790       0.14812516      0.083919883      0.084015474      0.042051321      0.040158266       0.74375489       0.74713197       0.69871482       0.70026861       0.68330601       0.68097203        1.0000000        1.9956790        1.0000000        2.0649812        1.0000000        2.2082372        1.0000000       0.94438567        1.0000000        1.0396634        1.0000000        1.1981869 
       1.0000000        1.0000000        1.0000000        1.0000000      0.042000000        9.8336796        9.7047353       0.14552789       0.14732280      0.083738982      0.083635868      0.042042887      0.039886092       0.74164422       0.74433285       0.69767284       0.69868912       0.68296432       0.67996191        1.0000000        1.9870118        1.0000000        2.0587343        1.0000000        2.2010176        1.0000000       0.93571851        1.0000000        1.0334165        1.0000000        1.1909673 
       1.0000000        1.0000000        1.0000000        1.0000000      0.043000000        9.8242003        9.6981266       0.14490538       0.14708419      0.083544924      0.083711069      0.041979380      0.039875417       0.73909088       0.74221885       0.69616534       0.69794560       0.68202987       0.68021757        1.0000000        1.9807052        1.0000000        2.0561244        1.0000000        2.2016351        1.0000000       0.92941188        1.0000000        1.0308066        1.0000000        1.1915847 
       1.0000000        1.0000000        1.0000000        1.0000000      0.044000000        9.7706926        9.6473507       0.14413312       0.14675207      0.083156544      0.083736872      0.041694674      0.039743505       0.73604171       0.73991940       0.69381071       0.69738980       0.68102239       0.68011030        1.0000000        1.9738509        1.0000000        2.0542874        1.0000000        2.2008054        1.0000000       0.92255763        1.0000000        1.0289696        1.0000000        1.1907551 
       1.0000000        1.0000000        1.0000000        1.0000000      0.045000000        9.7077191        9.5872342       0.14381662       0.14715811      0.083188900      0.084134239      0.041808883      0.039777619       0.73375711       0.73933789       0.69280206       0.69869767       0.68092687       0.68018862        1.0000000        1.9722100        1.0000000        2.0602148        1.0000000        2.2054354        1.0000000       0.92091675        1.0000000        1.0348970        1.0000000        1.1953850 
       1.0000000        1.0000000        1.0000000        1.0000000      0.046000000        9.6384823        9.5204701       0.14283009       0.14693956      0.082779519      0.084292183      0.042017435      0.039830285       0.73115625       0.73773600       0.69099561       0.69855034       0.67960690       0.68051197        1.0000000        1.9669746        1.0000000        2.0594747        1.0000000        2.2086009        1.0000000       0.91568130        1.0000000        1.0341569        1.0000000        1.1985505 
       1.0000000        1.0000000        1.0000000        1.0000000      0.047000000        9.5979207        9.4822709       0.14211859       0.14638001      0.082320461      0.083934591      0.041713532      0.039838432       0.72791537       0.73554805       0.68869177       0.69676897       0.67720376       0.67975233        1.0000000        1.9608871        1.0000000        2.0529976        1.0000000        2.2016477        1.0000000       0.90959379        1.0000000        1.0276798        1.0000000        1.1915973 
       1.0000000        1.0000000        1.0000000        1.0000000      0.048000000        9.5298158        9.4164258       0.14177435       0.14669327      0.082147932      0.084299300      0.041680426      0.039983845       0.72582827       0.73507122       0.68728424       0.69706939       0.67626242       0.68030432        1.0000000        1.9596363        1.0000000        2.0547103        1.0000000        2.2060533        1.0000000       0.90834302        1.0000000        1.0293925        1.0000000        1.1960030 
       1.0000000        1.0000000        1.0000000        1.0000000      0.049000000        9.4466324        9.3354062       0.14144708       0.14648342      0.081927745      0.084068448      0.041367653      0.039871121       0.72425310       0.73367942       0.68519675       0.69610100       0.67354117       0.67939716        1.0000000        1.9561686        1.0000000        2.0521002        1.0000000        2.2009773        1.0000000       0.90487532        1.0000000        1.0267823        1.0000000        1.1909269 
       1.0000000        1.0000000        1.0000000        1.0000000      0.050000000        9.4042593        9.2951072       0.14131027       0.14686558      0.081948143      0.084471583      0.041548380      0.040080928       0.72280848       0.73351382       0.68463426       0.69671333       0.67439380       0.68039102        1.0000000        1.9558668        1.0000000        2.0546313        1.0000000        2.2065643        1.0000000       0.90457355        1.0000000        1.0293135        1.0000000        1.1965140 
       1.0000000        1.0000000        1.0000000        1.0000000      0.051000000        9.3157133        9.2085513       0.14074763       0.14669760      0.081432238      0.084532605      0.041099067      0.040272087       0.72132828       0.73278999       0.68395973       0.69669598       0.67272481       0.68070153        1.0000000        1.9534898        1.0000000        2.0543875        1.0000000        2.2091978        1.0000000       0.90219653        1.0000000        1.0290697        1.0000000        1.1991475 
       1.0000000        1.0000000        1.0000000        1.0000000      0.052000000        9.2789024        9.1736516       0.14060408       0.14618375      0.081450259      0.084317099      0.041104077      0.040149064       0.72024779       0.73088908       0.68377870       0.69609305       0.67292108       0.68052967        1.0000000        1.9476920        1.0000000        2.0523402        1.0000000        2.2069417        1.0000000       0.89639866        1.0000000        1.0270224        1.0000000        1.1968914 
       1.0000000        1.0000000        1.0000000        1.0000000      0.053000000        9.2292571        9.1258434       0.14033028       0.14573193      0.081466887      0.084202245      0.041230982      0.040152025       0.71886942       0.72958780       0.68318421       0.69611962       0.67367500       0.68062656        1.0000000        1.9434762        1.0000000        2.0518491        1.0000000        2.2066118        1.0000000       0.89218288        1.0000000        1.0265313        1.0000000        1.1965615 
       1.0000000        1.0000000        1.0000000        1.0000000      0.054000000        9.2131339        9.1114877       0.14015256       0.14572277      0.081509663      0.084136523      0.041319098      0.039893119       0.71713411       0.72812472       0.68224323       0.69548656       0.67410465       0.67972008        1.0000000        1.9399127        1.0000000        2.0510016        1.0000000        2.2017976        1.0000000       0.88861945        1.0000000        1.0256838        1.0000000        1.1917473 
       1.0000000        1.0000000        1.0000000        1.0000000      0.055000000        9.1596874        9.0597430       0.13998496       0.14572568      0.081418247      0.084333363      0.041256958      0.039903559       0.71575268       0.72677705       0.68122561       0.69569636       0.67311180       0.67988312        1.0000000        1.9360042        1.0000000        2.0522199        1.0000000        2.2042495        1.0000000       0.88471087        1.0000000        1.0269021        1.0000000        1.1941992 
       1.0000000        1.0000000        1.0000000        1.0000000      0.056000000        9.1148861        9.0167423       0.13956541       0.14356877      0.081378182      0.082749989      0.041384540      0.039323341       0.71430357       0.72428634       0.68059411       0.69377846       0.67333049       0.67922450        1.0000000        1.9270511        1.0000000        2.0421763        1.0000000        2.1956137        1.0000000       0.87575782        1.0000000        1.0168585        1.0000000        1.1855634 
       1.0000000        1.0000000        1.0000000        1.0000000      0.057000000        9.0752238        8.9786557       0.13939297       0.14341485      0.081288835      0.082686118      0.041319423      0.039210757       0.71298336       0.72335749       0.67970922       0.69369331       0.67254678       0.67926562        1.0000000        1.9242774        1.0000000        2.0419065        1.0000000        2.1947467        1.0000000       0.87298410        1.0000000        1.0165887        1.0000000        1.1846963 
       1.0000000        1.0000000        1.0000000        1.0000000      0.058000000        9.0335514        8.9385040       0.13926205       0.14325546      0.081295877      0.082701688      0.041364253      0.039202405       0.71192280       0.72269535       0.67932173       0.69394172       0.67277122       0.67964760        1.0000000        1.9219705        1.0000000        2.0420349        1.0000000        2.1963036        1.0000000       0.87067719        1.0000000        1.0167171        1.0000000        1.1862532 
       1.0000000        1.0000000        1.0000000        1.0000000      0.059000000        8.9795891        8.8860104       0.13907765       0.14320994      0.081293355      0.082769502      0.041389179      0.039318092       0.71087701       0.72138583       0.67866845       0.69388247       0.67201018       0.67952550        1.0000000        1.9186354        1.0000000        2.0427877        1.0000000        2.1963043        1.0000000       0.86734208        1.0000000        1.0174699        1.0000000        1.1862540 
       1.0000000        1.0000000        1.0000000        1.0000000      0.060000000        8.9199843        8.8278249       0.13897686       0.14296799      0.081269389      0.082759532      0.041390960      0.039396500       0.70973492       0.72064011       0.67806803       0.69366410       0.67133156       0.67959558        1.0000000        1.9162038        1.0000000        2.0414491        1.0000000        2.1977686        1.0000000       0.86491052        1.0000000        1.0161313        1.0000000        1.1877183 
       1.0000000        1.0000000        1.0000000        1.0000000      0.061000000        8.8801317        8.7893448       0.13858925       0.14326078      0.081147516      0.083105584      0.041363022      0.039581034       0.70830486       0.72055207       0.67743236       0.69455304       0.67127966       0.68043619        1.0000000        1.9157344        1.0000000        2.0446095        1.0000000        2.2030821        1.0000000       0.86444107        1.0000000        1.0192917        1.0000000        1.1930318 
       1.0000000        1.0000000        1.0000000        1.0000000      0.062000000        8.8794505        8.7899917       0.13809713       0.14311055      0.081027452      0.083079059      0.041394251      0.039543398       0.70667338       0.71906222       0.67650825       0.69424955       0.67184037       0.68070437        1.0000000        1.9117493        1.0000000        2.0435543        1.0000000        2.2036146        1.0000000       0.86045603        1.0000000        1.0182365        1.0000000        1.1935642 
       1.0000000        1.0000000        1.0000000        1.0000000      0.063000000        8.8364060        8.7482331       0.13783619       0.14310443      0.080971098      0.083069541      0.041362122      0.039340654       0.70474294       0.71832347       0.67562708       0.69421052       0.67142663       0.68025430        1.0000000        1.9095789        1.0000000        2.0433706        1.0000000        2.2006849        1.0000000       0.85828565        1.0000000        1.0180528        1.0000000        1.1906346 
       1.0000000        1.0000000        1.0000000        1.0000000      0.064000000        8.7905426        8.7036153       0.13745377       0.14301754      0.080769546      0.083025645      0.041300179      0.039313140       0.70318814       0.71757138       0.67433920       0.69368809       0.67097228       0.68027847        1.0000000        1.9073538        1.0000000        2.0414390        1.0000000        2.2005340        1.0000000       0.85606046        1.0000000        1.0161212        1.0000000        1.1904837 
       1.0000000        1.0000000        1.0000000        1.0000000      0.065000000        8.7471109        8.6613910       0.13717141       0.14326934      0.080684534      0.083194039      0.041415323      0.039431426       0.70198504       0.71723358       0.67329213       0.69427203       0.67092472       0.68046791        1.0000000        1.9067003        1.0000000        2.0441494        1.0000000        2.2024369        1.0000000       0.85540703        1.0000000        1.0188316        1.0000000        1.1923866 
       1.0000000        1.0000000        1.0000000        1.0000000      0.066000000        8.7021654        8.6176165       0.13706233       0.14307532      0.080658237      0.083141461      0.041415105      0.039426613       0.70081480       0.71680412       0.67262746       0.69408646       0.67079038       0.68017436        1.0000000        1.9053620        1.0000000        2.0436828        1.0000000        2.2015386        1.0000000       0.85406871        1.0000000        1.0183650        1.0000000        1.1914883 
       1.0000000        1.0000000        1.0000000        1.0000000      0.067000000        8.6517832        8.5684822       0.13703869       0.14321124      0.080741991      0.083320264      0.041506153      0.039623884       0.70024847       0.71624519       0.67251376       0.69447712       0.67146235       0.68063750        1.0000000        1.9040311        1.0000000        2.0454694        1.0000000        2.2057102        1.0000000       0.85273782        1.0000000        1.0201515        1.0000000        1.1956599 
       1.0000000        1.0000000        1.0000000        1.0000000      0.068000000        8.6138670        8.5316658       0.13686085       0.14348725      0.080694460      0.083537206      0.041455478      0.039578678       0.69903390       0.71638068       0.67190788       0.69458268       0.67045838       0.68101540        1.0000000        1.9044921        1.0000000        2.0461627        1.0000000        2.2073149        1.0000000       0.85319878        1.0000000        1.0208449        1.0000000        1.1972646 
       1.0000000        1.0000000        1.0000000        1.0000000      0.069000000        8.5866013        8.5054682       0.13683223       0.14360603      0.080866929      0.083725435      0.041682771      0.039915737       0.69848956       0.71608102       0.67236507       0.69476203       0.67211242       0.68211371        1.0000000        1.9038598        1.0000000        2.0471884        1.0000000        2.2137153        1.0000000       0.85256648        1.0000000        1.0218706        1.0000000        1.2036650 
       1.0000000        1.0000000        1.0000000        1.0000000      0.070000000        8.5528193        8.4727242       0.13680589       0.14359630      0.080964909      0.083740100      0.041842590      0.039918990       0.69785508       0.71596986       0.67246416       0.69479155       0.67332718       0.68244981        1.0000000        1.9033848        1.0000000        2.0471726        1.0000000        2.2154045        1.0000000       0.85209155        1.0000000        1.0218548        1.0000000        1.2053542 
       1.0000000        1.0000000        1.0000000        1.0000000      0.071000000        8.5292126        8.4501267       0.13659072       0.14346269      0.080927748      0.083709210      0.041879334      0.039833700       0.69708652       0.71520011       0.67210640       0.69484922       0.67304466       0.68287058        1.0000000        1.9010461        1.0000000        2.0468111        1.0000000        2.2170368        1.0000000       0.84975277        1.0000000        1.0214933        1.0000000        1.2069865 
       1.0000000        1.0000000        1.0000000        1.0000000      0.072000000        8.5100110        8.4319065       0.13647761       0.14324813      0.081018207      0.083676825      0.042086511      0.039999540       0.69643667       0.71474359       0.67217581       0.69449263       0.67428205       0.68325717        1.0000000        1.8995674        1.0000000        2.0457119        1.0000000        2.2191187        1.0000000       0.84827415        1.0000000        1.0203941        1.0000000        1.2090684 
       1.0000000        1.0000000        1.0000000        1.0000000      0.073000000        8.4717090        8.3945596       0.13638334       0.14320097      0.081083974      0.083784269      0.042163762      0.040094797       0.69572154       0.71406007       0.67223591       0.69442690       0.67450535       0.68381935        1.0000000        1.8973857        1.0000000        2.0450298        1.0000000        2.2221110        1.0000000       0.84609243        1.0000000        1.0197120        1.0000000        1.2120607 
       1.0000000        1.0000000        1.0000000        1.0000000      0.074000000        8.4452241        8.3690043       0.13624385       0.14320680      0.081098321      0.083820627      0.042246288      0.040018722       0.69490666       0.71323191       0.67212824       0.69447986       0.67496828       0.68376868        1.0000000        1.8951585        1.0000000        2.0451062        1.0000000        2.2214153        1.0000000       0.84386519        1.0000000        1.0197884        1.0000000        1.2113650 
       1.0000000        1.0000000        1.0000000        1.0000000      0.075000000        8.4269665        8.3516520       0.13604563       0.14254679      0.081124326      0.083368601      0.042269581      0.039734372       0.69386892       0.71179676       0.67175769       0.69275608       0.67507441       0.68231880        1.0000000        1.8908069        1.0000000        2.0384402        1.0000000        2.2131375        1.0000000       0.83951365        1.0000000        1.0131224        1.0000000        1.2030872 
       1.0000000        1.0000000        1.0000000        1.0000000      0.076000000        8.4093880        8.3349554       0.13593280       0.14284996      0.080982659      0.083593394      0.042084000      0.039923210       0.69306725       0.71149185       0.67163835       0.69326812       0.67500947       0.68257436        1.0000000        1.8903202        1.0000000        2.0406046        1.0000000        2.2157077        1.0000000       0.83902686        1.0000000        1.0152868        1.0000000        1.2056573 
       1.0000000        1.0000000        1.0000000        1.0000000      0.077000000        8.3885594        8.3149863       0.13581988       0.14281151      0.080935261      0.083531457      0.042019492      0.039882652       0.69233804       0.71116101       0.67150383       0.69306908       0.67505464       0.68259883        1.0000000        1.8894445        1.0000000        2.0399838        1.0000000        2.2156107        1.0000000       0.83815119        1.0000000        1.0146660        1.0000000        1.2055603 
       1.0000000        1.0000000        1.0000000        1.0000000      0.078000000        8.3527439        8.2800087       0.13572139       0.14270188      0.080884538      0.083486572      0.042005561      0.039795115       0.69171150       0.71072198       0.67116327       0.69280801       0.67465020       0.68252067        1.0000000        1.8880938        1.0000000        2.0389603        1.0000000        2.2145662        1.0000000       0.83680049        1.0000000        1.0136425        1.0000000        1.2045158 
       1.0000000        1.0000000        1.0000000        1.0000000      0.079000000        8.3259829        8.2541455       0.13559568       0.14229641      0.080864120      0.083179903      0.042005017      0.039609684       0.69106405       0.70977162       0.67101696       0.69195934       0.67497245       0.68198782        1.0000000        1.8853540        1.0000000        2.0354556        1.0000000        2.2107842        1.0000000       0.83406068        1.0000000        1.0101378        1.0000000        1.2007338 
       1.0000000        1.0000000        1.0000000        1.0000000      0.080000000        8.3000899        8.2290478       0.13558668       0.14210287      0.080930890      0.083021220      0.042040082      0.039555625       0.69068842       0.70911888       0.67104930       0.69146985       0.67520546       0.68134811        1.0000000        1.8835586        1.0000000        2.0338483        1.0000000        2.2079153        1.0000000       0.83226533        1.0000000        1.0085304        1.0000000        1.1978650 
       1.0000000        1.0000000        1.0000000        1.0000000      0.081000000        8.2719646        8.2016986       0.13553043       0.14219363      0.080903452      0.083070756      0.041963452      0.039440302       0.69023636       0.70941339       0.67092109       0.69165767       0.67494838       0.68119238        1.0000000        1.8843715        1.0000000        2.0344163        1.0000000        2.2071930        1.0000000       0.83307825        1.0000000        1.0090985        1.0000000        1.1971427 
       1.0000000        1.0000000        1.0000000        1.0000000      0.082000000        8.2482663        8.1787579       0.13529453       0.14233540      0.080746597      0.083159888      0.041928753      0.039439962       0.68936951       0.70946893       0.67041541       0.69239289       0.67452242       0.68126228        1.0000000        1.8845611        1.0000000        2.0368016        1.0000000        2.2078303        1.0000000       0.83326786        1.0000000        1.0114838        1.0000000        1.1977800 
       1.0000000        1.0000000        1.0000000        1.0000000      0.083000000        8.2175050        8.1487366       0.13521816       0.14238066      0.080694585      0.083178704      0.041840118      0.039462081       0.68889754       0.70947804       0.67018737       0.69253561       0.67421298       0.68139941        1.0000000        1.8846511        1.0000000        2.0376832        1.0000000        2.2084017        1.0000000       0.83335785        1.0000000        1.0123654        1.0000000        1.1983514 
       1.0000000        1.0000000        1.0000000        1.0000000      0.084000000        8.1769849        8.1089394       0.13516940       0.14209597      0.080722960      0.083151313      0.041877058      0.039612760       0.68839069       0.70849499       0.67018879       0.69254723       0.67444642       0.68244068        1.0000000        1.8816651        1.0000000        2.0370168        1.0000000        2.2113162        1.0000000       0.83037181        1.0000000        1.0116990        1.0000000        1.2012658 
       1.0000000        1.0000000        1.0000000        1.0000000      0.085000000        8.1575108        8.0901716       0.13518812       0.14225769      0.080758211      0.083283831      0.041850846      0.039624300       0.68806226       0.70823980       0.67027118       0.69266880       0.67439451       0.68252087        1.0000000        1.8811443        1.0000000        2.0377601        1.0000000        2.2126246        1.0000000       0.82985102        1.0000000        1.0124423        1.0000000        1.2025743 
       1.0000000        1.0000000        1.0000000        1.0000000      0.086000000        8.1401423        8.0734934       0.13505453       0.14231037      0.080629763      0.083243420      0.041703942      0.039563014       0.68758407       0.70805132       0.66981967       0.69244037       0.67359442       0.68133832        1.0000000        1.8807557        1.0000000        2.0374100        1.0000000        2.2077574        1.0000000       0.82946238        1.0000000        1.0120922        1.0000000        1.1977071 
       1.0000000        1.0000000        1.0000000        1.0000000      0.087000000        8.1209657        8.0549919       0.13502597       0.14235007      0.080669098      0.083242559      0.041747201      0.039536820       0.68714289       0.70821181       0.67004598       0.69262102       0.67380273       0.68113968        1.0000000        1.8812084        1.0000000        2.0381151        1.0000000        2.2074915        1.0000000       0.82991509        1.0000000        1.0127973        1.0000000        1.1974412 
       1.0000000        1.0000000        1.0000000        1.0000000      0.088000000        8.1145397        8.0492260       0.13501527       0.14275177      0.080759479      0.083578666      0.041903873      0.039747070       0.68652658       0.70877364       0.67021152       0.69365873       0.67447190       0.68252783        1.0000000        1.8829626        1.0000000        2.0416587        1.0000000        2.2126786        1.0000000       0.83166930        1.0000000        1.0163409        1.0000000        1.2026282 
       1.0000000        1.0000000        1.0000000        1.0000000      0.089000000        8.0956273        8.0309595       0.13503838       0.14296764      0.080912450      0.083771840      0.042075370      0.039842837       0.68632876       0.70886453       0.67051568       0.69404660       0.67482303       0.68281657        1.0000000        1.8832899        1.0000000        2.0431976        1.0000000        2.2148796        1.0000000       0.83199663        1.0000000        1.0178798        1.0000000        1.2048293 
       1.0000000        1.0000000        1.0000000        1.0000000      0.090000000        8.0793221        8.0153487       0.13512382       0.14319547      0.081010816      0.083928622      0.042114196      0.039952867       0.68617987       0.70949334       0.67077709       0.69449144       0.67490113       0.68323672        1.0000000        1.8851603        1.0000000        2.0449617        1.0000000        2.2176545        1.0000000       0.83386700        1.0000000        1.0196439        1.0000000        1.2076042 
       1.0000000        1.0000000        1.0000000        1.0000000      0.091000000        8.0427176        7.9793613       0.13514468       0.14329687      0.081066957      0.084059858      0.042151354      0.040031873       0.68573227       0.70953867       0.67093789       0.69468796       0.67511798       0.68350539        1.0000000        1.8853964        1.0000000        2.0460367        1.0000000        2.2196576        1.0000000       0.83410312        1.0000000        1.0207189        1.0000000        1.2096073 
       1.0000000        1.0000000        1.0000000        1.0000000      0.092000000        8.0321549        7.9694030       0.13494449       0.14327001      0.080921291      0.084019294      0.042039973      0.039997769       0.68518277       0.70922901       0.67059089       0.69468365       0.67500043       0.68398818        1.0000000        1.8845594        1.0000000        2.0456617        1.0000000        2.2207490        1.0000000       0.83326609        1.0000000        1.0203439        1.0000000        1.2106987 
       1.0000000        1.0000000        1.0000000        1.0000000      0.093000000        8.0196820        7.9575219       0.13503543       0.14331208      0.081149582      0.084108313      0.042321887      0.040044434       0.68486379       0.70924289       0.67083235       0.69490126       0.67571058       0.68417938        1.0000000        1.8845790        1.0000000        2.0464387        1.0000000        2.2216224        1.0000000       0.83328568        1.0000000        1.0211209        1.0000000        1.2115721 
       1.0000000        1.0000000        1.0000000        1.0000000      0.094000000        7.9930525        7.9314720       0.13505327       0.14340821      0.081222693      0.084226993      0.042367032      0.040113371       0.68458825       0.70909068       0.67112828       0.69515980       0.67573169       0.68423163        1.0000000        1.8841513        1.0000000        2.0476639        1.0000000        2.2224625        1.0000000       0.83285796        1.0000000        1.0223461        1.0000000        1.2124122 
       1.0000000        1.0000000        1.0000000        1.0000000      0.095000000        7.9801198        7.9191072       0.13507880       0.14339629      0.081296340      0.084203028      0.042418849      0.040130347       0.68426857       0.70910997       0.67133467       0.69520700       0.67567358       0.68416644        1.0000000        1.8841856        1.0000000        2.0478848        1.0000000        2.2221758        1.0000000       0.83289231        1.0000000        1.0225670        1.0000000        1.2121254 
       1.0000000        1.0000000        1.0000000        1.0000000      0.096000000        7.9585938        7.8981377       0.13510684       0.14332799      0.081357223      0.084184888      0.042479167      0.040141051       0.68385375       0.70901076       0.67152788       0.69527796       0.67566973       0.68433854        1.0000000        1.8838572        1.0000000        2.0479743        1.0000000        2.2227322        1.0000000       0.83256387        1.0000000        1.0226565        1.0000000        1.2126819 
       1.0000000        1.0000000        1.0000000        1.0000000      0.097000000        7.9424413        7.8825308       0.13500396       0.14335128      0.081241508      0.084297357      0.042320753      0.040075119       0.68364559       0.70828067       0.67150185       0.69584418       0.67553386       0.68372396        1.0000000        1.8817733        1.0000000        2.0501757        1.0000000        2.2228148        1.0000000       0.83048005        1.0000000        1.0248579        1.0000000        1.2127645 
       1.0000000        1.0000000        1.0000000        1.0000000      0.098000000        7.9347080        7.8753322       0.13494411       0.14321307      0.081227799      0.084202514      0.042332916      0.040035511       0.68317803       0.70720886       0.67141426       0.69506378       0.67550724       0.68326481        1.0000000        1.8789029        1.0000000        2.0474170        1.0000000        2.2202596        1.0000000       0.82760962        1.0000000        1.0220992        1.0000000        1.2102093 
       1.0000000        1.0000000        1.0000000        1.0000000      0.099000000        7.9074557        7.8486044       0.13496287       0.14280767      0.081278374      0.083926218      0.042320992      0.039955201       0.68288612       0.70626595       0.67170916       0.69432309       0.67549396       0.68277624        1.0000000        1.8761546        1.0000000        2.0444469        1.0000000        2.2171073        1.0000000       0.82486127        1.0000000        1.0191291        1.0000000        1.2070569 
       1.0000000        1.0000000        1.0000000        1.0000000       0.10000000        7.8800003        7.8216634       0.13497605       0.14287952      0.081282869      0.083987794      0.042259710      0.039926493       0.68270986       0.70647629       0.67193257       0.69456431       0.67537762       0.68290853        1.0000000        1.8767268        1.0000000        2.0451025        1.0000000        2.2177347        1.0000000       0.82543354        1.0000000        1.0197847        1.0000000        1.2076843 
       1.0000000        1.0000000        1.0000000        1.0000000       0.10100000        7.8632288        7.8054465       0.13487762       0.14303302      0.081255801      0.084082178      0.042273683      0.040028115       0.68200010       0.70728094       0.67172833       0.69517959       0.67558257       0.68365353        1.0000000        1.8790660        1.0000000        2.0470223        1.0000000        2.2207990        1.0000000       0.82777275        1.0000000        1.0217045        1.0000000        1.2107486 
       1.0000000        1.0000000        1.0000000        1.0000000       0.10200000        7.8547753        7.7974872       0.13477203       0.14313295      0.081188973      0.084161012      0.042266685      0.040039221       0.68176748       0.70771659       0.67157974       0.69573507       0.67557244       0.68391984        1.0000000        1.8801940        1.0000000        2.0484562        1.0000000        2.2219401        1.0000000       0.82890068        1.0000000        1.0231384        1.0000000        1.2118898 
       1.0000000        1.0000000        1.0000000        1.0000000       0.10300000        7.8357528        7.7789498       0.13477912       0.14339514      0.081192537      0.084439873      0.042238474      0.040405055       0.68172871       0.70826362       0.67160303       0.69691504       0.67545064       0.68600999        1.0000000        1.8815608        1.0000000        2.0522086        1.0000000        2.2301299        1.0000000       0.83026752        1.0000000        1.0268908        1.0000000        1.2200796 
       1.0000000        1.0000000        1.0000000        1.0000000       0.10400000        7.8316730        7.7753461       0.13480094       0.14342864      0.081192914      0.084523652      0.042184334      0.040437314       0.68166913       0.70834096       0.67177885       0.69706697       0.67537124       0.68650656        1.0000000        1.8817391        1.0000000        2.0525589        1.0000000        2.2325306        1.0000000       0.83044577        1.0000000        1.0272411        1.0000000        1.2224803 
       1.0000000        1.0000000        1.0000000        1.0000000       0.10500000        7.8195786        7.7637192       0.13476566       0.14326978      0.081212560      0.084567078      0.042238808      0.040381414       0.68138126       0.70785382       0.67190352       0.69711460       0.67570658       0.68689055        1.0000000        1.8800511        1.0000000        2.0521465        1.0000000        2.2339630        1.0000000       0.82875782        1.0000000        1.0268287        1.0000000        1.2239127 
       1.0000000        1.0000000        1.0000000        1.0000000       0.10600000        7.8004310        7.7450306       0.13477515       0.14330093      0.081251171      0.084677180      0.042301851      0.040478133       0.68108742       0.70776043       0.67198807       0.69715814       0.67581731       0.68767744        1.0000000        1.8797865        1.0000000        2.0523085        1.0000000        2.2377295        1.0000000       0.82849317        1.0000000        1.0269907        1.0000000        1.2276791 
       1.0000000        1.0000000        1.0000000        1.0000000       0.10700000        7.7781681        7.7232186       0.13477821       0.14311710      0.081326353      0.084551750      0.042378841      0.040425522       0.68057328       0.70734920       0.67203811       0.69691715       0.67565275       0.68739562        1.0000000        1.8785331        1.0000000        2.0513137        1.0000000        2.2362982        1.0000000       0.82723984        1.0000000        1.0259959        1.0000000        1.2262478 
       1.0000000        1.0000000        1.0000000        1.0000000       0.10800000        7.7563856        7.7018790       0.13478377       0.14330068      0.081383976      0.084642839      0.042472138      0.040374518       0.68032721       0.70744911       0.67225618       0.69697316       0.67607960       0.68743447        1.0000000        1.8789943        1.0000000        2.0516879        1.0000000        2.2361859        1.0000000       0.82770103        1.0000000        1.0263701        1.0000000        1.2261356 
       1.0000000        1.0000000        1.0000000        1.0000000       0.10900000        7.7456065        7.6915351       0.13484176       0.14338194      0.081430181      0.084696072      0.042494151      0.040387587       0.68037150       0.70744612       0.67240599       0.69714862       0.67623786       0.68746569        1.0000000        1.8790175        1.0000000        2.0526508        1.0000000        2.2363081        1.0000000       0.82772424        1.0000000        1.0273330        1.0000000        1.2262577 
       1.0000000        1.0000000        1.0000000        1.0000000       0.11000000        7.7169930        7.6633492       0.13491126       0.14332296      0.081478284      0.084771413      0.042534671      0.040544767       0.68036924       0.70748579       0.67250071       0.69788586       0.67640640       0.68823088        1.0000000        1.8788391        1.0000000        2.0547831        1.0000000        2.2406895        1.0000000       0.82754583        1.0000000        1.0294653        1.0000000        1.2306392 
       1.0000000        1.0000000        1.0000000        1.0000000       0.11100000        7.6911343        7.6379108       0.13473131       0.14342444      0.081443920      0.084997545      0.042548522      0.040686789       0.67985369       0.70736797       0.67232811       0.69827937       0.67662833       0.68901618        1.0000000        1.8785615        1.0000000        2.0561846        1.0000000        2.2438206        1.0000000       0.82726822        1.0000000        1.0308668        1.0000000        1.2337703 
       1.0000000        1.0000000        1.0000000        1.0000000       0.11200000        7.6763973        7.6235869       0.13474592       0.14363104      0.081537145      0.085275169      0.042769171      0.041021074       0.67977274       0.70759649       0.67211134       0.69898794       0.67693068       0.69013243        1.0000000        1.8790972        1.0000000        2.0586431        1.0000000        2.2505994        1.0000000       0.82780388        1.0000000        1.0333253        1.0000000        1.2405490 
       1.0000000        1.0000000        1.0000000        1.0000000       0.11300000        7.6505260        7.5981621       0.13459929       0.14363239      0.081405219      0.085366881      0.042712666      0.041103073       0.67947454       0.70754416       0.67124671       0.69919691       0.67590145       0.69057940        1.0000000        1.8787916        1.0000000        2.0591719        1.0000000        2.2531369        1.0000000       0.82749827        1.0000000        1.0338541        1.0000000        1.2430865 
       1.0000000        1.0000000        1.0000000        1.0000000       0.11400000        7.6354115        7.5834463       0.13438591       0.14366291      0.081144102      0.085439797      0.042436792      0.041159858       0.67899373       0.70784598       0.67034342       0.69966895       0.67438000       0.69123007        1.0000000        1.8795846        1.0000000        2.0605560        1.0000000        2.2561205        1.0000000       0.82829133        1.0000000        1.0352382        1.0000000        1.2460701 
       1.0000000        1.0000000        1.0000000        1.0000000       0.11500000        7.6136188        7.5620458       0.13442643       0.14360617      0.081151184      0.085428118      0.042423399      0.041121549       0.67912028       0.70687805       0.67054149       0.69886462       0.67437217       0.69069090        1.0000000        1.8769396        1.0000000        2.0583101        1.0000000        2.2543639        1.0000000       0.82564629        1.0000000        1.0329923        1.0000000        1.2443136 
       1.0000000        1.0000000        1.0000000        1.0000000       0.11600000        7.5976849        7.5464976       0.13446965       0.14377546      0.081198116      0.085648639      0.042490566      0.041311817       0.67913605       0.70701837       0.67063833       0.69937114       0.67479535       0.69141665        1.0000000        1.8772880        1.0000000        2.0600643        1.0000000        2.2588278        1.0000000       0.82599466        1.0000000        1.0347465        1.0000000        1.2487775 
       1.0000000        1.0000000        1.0000000        1.0000000       0.11700000        7.5847838        7.5339759       0.13450981       0.14383846      0.081215069      0.085698752      0.042452868      0.041297206       0.67924776       0.70698566       0.67089971       0.69945536       0.67463452       0.69141304        1.0000000        1.8772380        1.0000000        2.0603573        1.0000000        2.2587953        1.0000000       0.82594471        1.0000000        1.0350395        1.0000000        1.2487449 
       1.0000000        1.0000000        1.0000000        1.0000000       0.11800000        7.5609866        7.5105521       0.13452414       0.14392088      0.081147316      0.085734249      0.042298126      0.041289770       0.67902610       0.70700109       0.67049177       0.69954139       0.67367201       0.69149782        1.0000000        1.8773470        1.0000000        2.0608086        1.0000000        2.2594267        1.0000000       0.82605366        1.0000000        1.0354908        1.0000000        1.2493764 
       1.0000000        1.0000000        1.0000000        1.0000000       0.11900000        7.5304651        7.4803980       0.13456616       0.14324174      0.081221366      0.085174545      0.042431574      0.040929311       0.67896156       0.70547651       0.67059149       0.69788003       0.67379313       0.68970337        1.0000000        1.8729356        1.0000000        2.0550688        1.0000000        2.2501377        1.0000000       0.82164233        1.0000000        1.0297510        1.0000000        1.2400874 
       1.0000000        1.0000000        1.0000000        1.0000000       0.12000000        7.5140649        7.4643594       0.13459842       0.14339467      0.081290542      0.085446605      0.042464466      0.041316467       0.67877301       0.70564803       0.67073904       0.69837837       0.67395911       0.69040688        1.0000000        1.8733784        1.0000000        2.0570745        1.0000000        2.2555488        1.0000000       0.82208507        1.0000000        1.0317567        1.0000000        1.2454985 
       1.0000000        1.0000000        1.0000000        1.0000000       0.12100000        7.4994294        7.4500799       0.13461352       0.14348155      0.081321144      0.085457103      0.042493617      0.041337369       0.67872604       0.70585559       0.67082135       0.69834373       0.67407305       0.69033749        1.0000000        1.8740101        1.0000000        2.0571516        1.0000000        2.2552159        1.0000000       0.82271677        1.0000000        1.0318338        1.0000000        1.2451656 
       1.0000000        1.0000000        1.0000000        1.0000000       0.12200000        7.4923907        7.4433916       0.13455050       0.14362374      0.081262117      0.085612077      0.042439347      0.041446453       0.67826935       0.70599782       0.67035614       0.69849566       0.67351606       0.69051636        1.0000000        1.8744829        1.0000000        2.0580959        1.0000000        2.2572102        1.0000000       0.82318960        1.0000000        1.0327781        1.0000000        1.2471599 
       1.0000000        1.0000000        1.0000000        1.0000000       0.12300000        7.4738735        7.4252195       0.13467719       0.14366231      0.081339760      0.085698732      0.042413359      0.041524722       0.67827874       0.70581536       0.67048999       0.69871834       0.67300846       0.69071763        1.0000000        1.8738529        1.0000000        2.0591281        1.0000000        2.2586563        1.0000000       0.82255956        1.0000000        1.0338103        1.0000000        1.2486059 
       1.0000000        1.0000000        1.0000000        1.0000000       0.12400000        7.4432906        7.3950100       0.13468154       0.14388340      0.081362438      0.085808620      0.042463689      0.041508995       0.67832600       0.70609983       0.67055492       0.69928215       0.67320453       0.69080087        1.0000000        1.8747302        1.0000000        2.0612247        1.0000000        2.2588854        1.0000000       0.82343691        1.0000000        1.0359069        1.0000000        1.2488351 
       1.0000000        1.0000000        1.0000000        1.0000000       0.12500000        7.4245202        7.3765737       0.13457135       0.14377292      0.081296998      0.085796567      0.042441084      0.041569270       0.67794845       0.70573377       0.67006555       0.69931952       0.67315913       0.69128587        1.0000000        1.8735754        1.0000000        2.0608620        1.0000000        2.2610980        1.0000000       0.82228212        1.0000000        1.0355442        1.0000000        1.2510476 
       1.0000000        1.0000000        1.0000000        1.0000000       0.12600000        7.4031768        7.3555594       0.13460986       0.14391502      0.081404019      0.085904477      0.042575636      0.041602362       0.67805177       0.70599261       0.67051924       0.69964083       0.67401337       0.69143989        1.0000000        1.8743296        1.0000000        2.0620368        1.0000000        2.2621407        1.0000000       0.82303627        1.0000000        1.0367190        1.0000000        1.2520903 
       1.0000000        1.0000000        1.0000000        1.0000000       0.12700000        7.3850192        7.3377260       0.13465576       0.14384103      0.081468184      0.085820040      0.042601867      0.041565173       0.67810421       0.70570129       0.67073541       0.69933910       0.67401221       0.69096729        1.0000000        1.8735566        1.0000000        2.0612542        1.0000000        2.2602032        1.0000000       0.82226331        1.0000000        1.0359364        1.0000000        1.2501528 
       1.0000000        1.0000000        1.0000000        1.0000000       0.12800000        7.3684156        7.3214418       0.13470687       0.14390286      0.081495664      0.085904809      0.042582895      0.041638064       0.67815234       0.70583254       0.67074399       0.69960232       0.67390226       0.69137344        1.0000000        1.8738952        1.0000000        2.0619012        1.0000000        2.2621914        1.0000000       0.82260190        1.0000000        1.0365834        1.0000000        1.2521411 
       1.0000000        1.0000000        1.0000000        1.0000000       0.12900000        7.3513626        7.3047035       0.13472770       0.14413043      0.081536896      0.086044057      0.042628408      0.041693729       0.67820030       0.70634311       0.67094681       0.70003967       0.67416705       0.69142620        1.0000000        1.8753900        1.0000000        2.0638349        1.0000000        2.2632094        1.0000000       0.82409667        1.0000000        1.0385171        1.0000000        1.2531591 
       1.0000000        1.0000000        1.0000000        1.0000000       0.13000000        7.3304740        7.2841251       0.13465835       0.14428246      0.081513273      0.086143466      0.042638644      0.041633928       0.67795007       0.70659809       0.67075927       0.70050961       0.67416048       0.69149556        1.0000000        1.8761541        1.0000000        2.0654677        1.0000000        2.2633230        1.0000000       0.82486078        1.0000000        1.0401499        1.0000000        1.2532727 
       1.0000000        1.0000000        1.0000000        1.0000000       0.13100000        7.3181402        7.2720971       0.13475311       0.14437141      0.081658899      0.086256592      0.042735185      0.041697108       0.67793561       0.70634864       0.67098727       0.70040218       0.67473280       0.69148252        1.0000000        1.8756303        1.0000000        2.0653718        1.0000000        2.2642401        1.0000000       0.82433705        1.0000000        1.0400540        1.0000000        1.2541898 
       1.0000000        1.0000000        1.0000000        1.0000000       0.13200000        7.3004840        7.2547421       0.13465315       0.14440160      0.081641462      0.086307239      0.042739525      0.041724227       0.67783854       0.70636346       0.67089821       0.70027241       0.67500222       0.69151870        1.0000000        1.8757438        1.0000000        2.0647787        1.0000000        2.2650580        1.0000000       0.82445053        1.0000000        1.0394609        1.0000000        1.2550077 
       1.0000000        1.0000000        1.0000000        1.0000000       0.13300000        7.2866465        7.2412017       0.13463752       0.14444717      0.081670636      0.086348536      0.042781945      0.041724775       0.67776393       0.70641699       0.67080387       0.70026672       0.67513841       0.69157110        1.0000000        1.8759302        1.0000000        2.0647732        1.0000000        2.2654803        1.0000000       0.82463690        1.0000000        1.0394554        1.0000000        1.2554300 
       1.0000000        1.0000000        1.0000000        1.0000000       0.13400000        7.2638196        7.2186677       0.13463231       0.14470114      0.081625541      0.086568287      0.042664403      0.041813275       0.67759428       0.70685477       0.67055226       0.70081367       0.67442303       0.69198636        1.0000000        1.8772524        1.0000000        2.0668620        1.0000000        2.2687251        1.0000000       0.82595907        1.0000000        1.0415442        1.0000000        1.2586748 
       1.0000000        1.0000000        1.0000000        1.0000000       0.13500000        7.2378053        7.1929709       0.13463554       0.14478905      0.081632876      0.086745531      0.042686802      0.041957072       0.67760663       0.70708391       0.67046011       0.70141352       0.67451271       0.69294375        1.0000000        1.8778591        1.0000000        2.0685873        1.0000000        2.2727522        1.0000000       0.82656583        1.0000000        1.0432695        1.0000000        1.2627019 
       1.0000000        1.0000000        1.0000000        1.0000000       0.13600000        7.2212684        7.1767183       0.13450945       0.14495656      0.081511165      0.086871717      0.042611824      0.042052025       0.67729582       0.70745354       0.67021100       0.70194142       0.67435524       0.69334610        1.0000000        1.8789458        1.0000000        2.0705072        1.0000000        2.2749823        1.0000000       0.82765248        1.0000000        1.0451894        1.0000000        1.2649320 
       1.0000000        1.0000000        1.0000000        1.0000000       0.13700000        7.2081543        7.1638847       0.13457150       0.14500466      0.081562687      0.086858628      0.042674875      0.041951981       0.67738744       0.70715867       0.67021466       0.70145776       0.67448235       0.69289966        1.0000000        1.8783534        1.0000000        2.0693360        1.0000000        2.2725927        1.0000000       0.82706015        1.0000000        1.0440181        1.0000000        1.2625423 
       1.0000000        1.0000000        1.0000000        1.0000000       0.13800000        7.1945415        7.1505485       0.13455734       0.14498617      0.081623855      0.086951789      0.042708990      0.042163872       0.67725289       0.70713637       0.67035036       0.70198232       0.67495767       0.69497208        1.0000000        1.8782763        1.0000000        2.0701916        1.0000000        2.2783041        1.0000000       0.82698302        1.0000000        1.0448738        1.0000000        1.2682538 
       1.0000000        1.0000000        1.0000000        1.0000000       0.13900000        7.1777140        7.1339939       0.13460133       0.14506344      0.081643790      0.087093134      0.042677220      0.042243482       0.67724982       0.70714952       0.67018804       0.70221817       0.67418452       0.69535753        1.0000000        1.8783338        1.0000000        2.0709134        1.0000000        2.2799948        1.0000000       0.82704053        1.0000000        1.0455956        1.0000000        1.2699445 
       1.0000000        1.0000000        1.0000000        1.0000000       0.14000000        7.1671771        7.1237263       0.13454559       0.14514579      0.081525302      0.087094706      0.042561272      0.042166391       0.67708437       0.70714983       0.66989969       0.70209011       0.67380493       0.69492323        1.0000000        1.8784867        1.0000000        2.0706930        1.0000000        2.2782262        1.0000000       0.82719343        1.0000000        1.0453752        1.0000000        1.2681758 
       1.0000000        1.0000000        1.0000000        1.0000000       0.14100000        7.1662710        7.1230858       0.13430937       0.14542825      0.081202440      0.087293407      0.042198539      0.042220976       0.67613728       0.70735739       0.66864624       0.70308324       0.67250861       0.69543964        1.0000000        1.8791512        1.0000000        2.0743441        1.0000000        2.2802093        1.0000000       0.82785796        1.0000000        1.0490263        1.0000000        1.2701590 
       1.0000000        1.0000000        1.0000000        1.0000000       0.14200000        7.1495914        7.1066684       0.13433622       0.14513779      0.081219076      0.087087129      0.042257524      0.042182422       0.67644967       0.70647625       0.66887511       0.70163709       0.67289858       0.69481487        1.0000000        1.8766246        1.0000000        2.0695147        1.0000000        2.2776655        1.0000000       0.82533134        1.0000000        1.0441969        1.0000000        1.2676152 
       1.0000000        1.0000000        1.0000000        1.0000000       0.14300000        7.1345089        7.0918446       0.13450613       0.14489214      0.081367946      0.086934716      0.042411946      0.042134345       0.67698088       0.70604299       0.66949699       0.70121326       0.67372817       0.69443082        1.0000000        1.8752692        1.0000000        2.0677606        1.0000000        2.2748911        1.0000000       0.82397591        1.0000000        1.0424428        1.0000000        1.2648408 
       1.0000000        1.0000000        1.0000000        1.0000000       0.14400000        7.1137158        7.0713068       0.13454059       0.14467111      0.081418214      0.086719870      0.042505670      0.041920595       0.67707478       0.70503696       0.66970445       0.70017770       0.67415537       0.69306309        1.0000000        1.8725841        1.0000000        2.0647605        1.0000000        2.2680882        1.0000000       0.82129084        1.0000000        1.0394427        1.0000000        1.2580379 
       1.0000000        1.0000000        1.0000000        1.0000000       0.14500000        7.0969770        7.0548200       0.13450808       0.14479841      0.081307364      0.086789445      0.042332276      0.041975322       0.67690155       0.70519862       0.66958672       0.70067430       0.67368837       0.69411932        1.0000000        1.8731780        1.0000000        2.0664167        1.0000000        2.2706834        1.0000000       0.82188473        1.0000000        1.0410989        1.0000000        1.2606331 
       1.0000000        1.0000000        1.0000000        1.0000000       0.14600000        7.0901907        7.0482824       0.13451406       0.14480085      0.081353479      0.086780112      0.042443982      0.041930128       0.67690937       0.70508532       0.66978573       0.70043889       0.67434346       0.69371331        1.0000000        1.8729057        1.0000000        2.0658714        1.0000000        2.2696698        1.0000000       0.82161239        1.0000000        1.0405536        1.0000000        1.2596195 
       1.0000000        1.0000000        1.0000000        1.0000000       0.14700000        7.0737178        7.0320795       0.13450368       0.14469838      0.081389860      0.086684748      0.042505401      0.041889547       0.67697187       0.70499462       0.66988976       0.70022354       0.67427863       0.69364593        1.0000000        1.8725677        1.0000000        2.0648718        1.0000000        2.2690408        1.0000000       0.82127443        1.0000000        1.0395540        1.0000000        1.2589905 
       1.0000000        1.0000000        1.0000000        1.0000000       0.14800000        7.0698509        7.0284547       0.13448156       0.14470261      0.081361647      0.086802267      0.042462751      0.041943845       0.67668087       0.70482377       0.66938563       0.70040417       0.67388004       0.69391313        1.0000000        1.8720208        1.0000000        2.0653833        1.0000000        2.2710096        1.0000000       0.82072753        1.0000000        1.0400654        1.0000000        1.2609593 
       1.0000000        1.0000000        1.0000000        1.0000000       0.14900000        7.0531929        7.0120358       0.13434763       0.14464539      0.081278852      0.086924841      0.042453298      0.042131848       0.67645489       0.70469964       0.66919844       0.70063954       0.67386052       0.69498634        1.0000000        1.8715321        1.0000000        2.0656515        1.0000000        2.2761240        1.0000000       0.82023879        1.0000000        1.0403337        1.0000000        1.2660736 
       1.0000000        1.0000000        1.0000000        1.0000000       0.15000000        7.0359176        6.9949966       0.13441248       0.14461382      0.081354585      0.086959841      0.042484521      0.042186331       0.67647415       0.70443767       0.66936888       0.70070265       0.67385913       0.69514501        1.0000000        1.8707346        1.0000000        2.0661006        1.0000000        2.2776128        1.0000000       0.81944132        1.0000000        1.0407828        1.0000000        1.2675625 
       1.0000000        1.0000000        1.0000000        1.0000000       0.15100000        7.0248090        6.9841212       0.13443564       0.14482086      0.081430179      0.087148471      0.042579680      0.042263903       0.67629413       0.70461182       0.66936895       0.70087065       0.67400510       0.69519211        1.0000000        1.8713607        1.0000000        2.0671399        1.0000000        2.2788115        1.0000000       0.82006743        1.0000000        1.0418221        1.0000000        1.2687611 
       1.0000000        1.0000000        1.0000000        1.0000000       0.15200000        7.0031431        6.9626856       0.13440097       0.14487638      0.081412203      0.087163150      0.042554493      0.042275328       0.67595303       0.70495356       0.66891142       0.70098303       0.67371736       0.69515894        1.0000000        1.8722532        1.0000000        2.0675350        1.0000000        2.2789701        1.0000000       0.82095993        1.0000000        1.0422172        1.0000000        1.2689198 
       1.0000000        1.0000000        1.0000000        1.0000000       0.15300000        6.9875010        6.9472710       0.13437099       0.14467614      0.081422066      0.086922153      0.042546494      0.042179024       0.67575181       0.70457936       0.66902601       0.70014965       0.67366235       0.69380565        1.0000000        1.8711056        1.0000000        2.0648359        1.0000000        2.2730058        1.0000000       0.81981228        1.0000000        1.0395181        1.0000000        1.2629555 
       1.0000000        1.0000000        1.0000000        1.0000000       0.15400000        6.9682962        6.9282909       0.13435715       0.14497405      0.081429489      0.087139854      0.042604496      0.042335629       0.67550606       0.70507302       0.66886092       0.70089352       0.67382216       0.69491355        1.0000000        1.8726464        1.0000000        2.0675070        1.0000000        2.2778448        1.0000000       0.82135313        1.0000000        1.0421892        1.0000000        1.2677945 
       1.0000000        1.0000000        1.0000000        1.0000000       0.15500000        6.9481717        6.9083884       0.13437341       0.14524044      0.081452238      0.087307953      0.042613527      0.042459136       0.67544570       0.70570300       0.66877582       0.70128291       0.67373037       0.69508285        1.0000000        1.8745537        1.0000000        2.0696267        1.0000000        2.2799559        1.0000000       0.82326038        1.0000000        1.0443089        1.0000000        1.2699055 
       1.0000000        1.0000000        1.0000000        1.0000000       0.15600000        6.9270934        6.8875295       0.13434905       0.14545123      0.081434287      0.087441992      0.042598831      0.042458802       0.67546149       0.70602724       0.66885957       0.70147961       0.67399536       0.69521637        1.0000000        1.8756385        1.0000000        2.0704980        1.0000000        2.2806035        1.0000000       0.82434517        1.0000000        1.0451801        1.0000000        1.2705532 
       1.0000000        1.0000000        1.0000000        1.0000000       0.15700000        6.9052736        6.8659264       0.13435065       0.14552007      0.081411804      0.087509130      0.042622145      0.042496139       0.67542844       0.70616143       0.66863396       0.70173502       0.67370476       0.69548453        1.0000000        1.8760204        1.0000000        2.0714844        1.0000000        2.2823836        1.0000000       0.82472712        1.0000000        1.0461666        1.0000000        1.2723333 
       1.0000000        1.0000000        1.0000000        1.0000000       0.15800000        6.8912054        6.8520936       0.13429550       0.14552829      0.081337894      0.087488186      0.042483276      0.042480474       0.67525441       0.70640126       0.66846879       0.70171487       0.67331233       0.69509377        1.0000000        1.8766415        1.0000000        2.0714577        1.0000000        2.2815307        1.0000000       0.82534818        1.0000000        1.0461399        1.0000000        1.2714803 
       1.0000000        1.0000000        1.0000000        1.0000000       0.15900000        6.8732736        6.8343731       0.13433970       0.14563429      0.081360978      0.087575786      0.042524425      0.042509635       0.67544685       0.70662838       0.66871431       0.70187266       0.67375894       0.69528025        1.0000000        1.8774204        1.0000000        2.0721742        1.0000000        2.2822063        1.0000000       0.82612711        1.0000000        1.0468564        1.0000000        1.2721560 
       1.0000000        1.0000000        1.0000000        1.0000000       0.16000000        6.8575633        6.8188717       0.13431431       0.14527462      0.081405289      0.087412304      0.042615036      0.042483793       0.67531144       0.70633462       0.66885763       0.70217772       0.67424815       0.69569562        1.0000000        1.8760105        1.0000000        2.0726998        1.0000000        2.2834210        1.0000000       0.82471725        1.0000000        1.0473820        1.0000000        1.2733707 
