
       1.0000000        1.0000000        1.0000000        1.0000000      0.035000000        10.241965        10.073897       0.14741800       0.15263970      0.083590647      0.087151887      0.042020556      0.042231802       0.75346382       0.76053106       0.70287933       0.71091611       0.68295931       0.69213063        1.0000000        2.0362059        1.0000000        2.1049801        1.0000000        2.2675160        1.0000000       0.98491265        1.0000000        1.0796623        1.0000000        1.2574657 
       1.0000000        1.0000000        1.0000000        1.0000000      0.036000000        10.150948        9.9875124       0.14673639       0.15196040      0.083391150      0.086995965      0.042071816      0.042262365       0.75088838       0.75811382       0.70129567       0.71032790       0.68235991       0.69205981        1.0000000        2.0286400        1.0000000        2.1023569        1.0000000        2.2672755        1.0000000       0.97734671        1.0000000        1.0770391        1.0000000        1.2572251 
       1.0000000        1.0000000        1.0000000        1.0000000      0.037000000        10.037471        9.8783911       0.14543863       0.15060987      0.082988492      0.085338632      0.041918938      0.040502921       0.74744972       0.75389041       0.69961830       0.70675963       0.68178984       0.68521693        1.0000000        2.0163574        1.0000000        2.0890259        1.0000000        2.2273390        1.0000000       0.96506413        1.0000000        1.0637081        1.0000000        1.2172887 
       1.0000000        1.0000000        1.0000000        1.0000000      0.038000000        10.002335        9.8473599       0.14491125       0.15005369      0.082765252      0.085118289      0.041641924      0.040544317       0.74468024       0.75175118       0.69752311       0.70572345       0.68051321       0.68469378        1.0000000        2.0097650        1.0000000        2.0846017        1.0000000        2.2264017        1.0000000       0.95847173        1.0000000        1.0592839        1.0000000        1.2163514 
       1.0000000        1.0000000        1.0000000        1.0000000      0.039000000        9.9019419        9.7508425       0.14408862       0.14956281      0.082321643      0.085068096      0.041499073      0.040653295       0.74314730       0.75030953       0.69672930       0.70517828       0.68059379       0.68558378        1.0000000        2.0048877        1.0000000        2.0818152        1.0000000        2.2297652        1.0000000       0.95359440        1.0000000        1.0564974        1.0000000        1.2197148 
       1.0000000        1.0000000        1.0000000        1.0000000      0.040000000        9.8195454        9.6721112       0.14346198       0.14919396      0.082023064      0.085051081      0.041464362      0.040723859       0.74095313       0.74843292       0.69513100       0.70457865       0.67971476       0.68599444        1.0000000        1.9989779        1.0000000        2.0795975        1.0000000        2.2316360        1.0000000       0.94768458        1.0000000        1.0542797        1.0000000        1.2215857 
       1.0000000        1.0000000        1.0000000        1.0000000      0.041000000        9.7419122        9.5979506       0.14314505       0.14889445      0.081962500      0.084895553      0.041396454      0.040714079       0.73982404       0.74736114       0.69468842       0.70391034       0.67946937       0.68581015        1.0000000        1.9955908        1.0000000        2.0768088        1.0000000        2.2292785        1.0000000       0.94429754        1.0000000        1.0514910        1.0000000        1.2192282 
       1.0000000        1.0000000        1.0000000        1.0000000      0.042000000        9.6436857        9.5030192       0.14242472       0.14871947      0.081614551      0.084808610      0.041168382      0.040406411       0.73783588       0.74604526       0.69354901       0.70292115       0.67858959       0.68497379        1.0000000        1.9916047        1.0000000        2.0738031        1.0000000        2.2267740        1.0000000       0.94031141        1.0000000        1.0484853        1.0000000        1.2167237 
       1.0000000        1.0000000        1.0000000        1.0000000      0.043000000        9.5861020        9.4485670       0.14091609       0.14868237      0.080322428      0.085072106      0.040082082      0.040585285       0.73464753       0.74477338       0.69105540       0.70271164       0.67661865       0.68521593        1.0000000        1.9876617        1.0000000        2.0738567        1.0000000        2.2299152        1.0000000       0.93636841        1.0000000        1.0485389        1.0000000        1.2198649 
       1.0000000        1.0000000        1.0000000        1.0000000      0.044000000        9.5689857        9.4344309       0.13988134       0.14854944      0.079932871      0.085068454      0.040003106      0.040644133       0.73037392       0.74306677       0.68817402       0.70252090       0.67504366       0.68547449        1.0000000        1.9828227        1.0000000        2.0735826        1.0000000        2.2306092        1.0000000       0.93152941        1.0000000        1.0482647        1.0000000        1.2205588 
       1.0000000        1.0000000        1.0000000        1.0000000      0.045000000        9.5114514        9.3800134       0.13930510       0.14813550      0.079781255      0.084855045      0.040044648      0.040396931       0.72826846       0.74083742       0.68677789       0.70125661       0.67493287       0.68508834        1.0000000        1.9763116        1.0000000        2.0685862        1.0000000        2.2264592        1.0000000       0.92501835        1.0000000        1.0432684        1.0000000        1.2164089 
       1.0000000        1.0000000        1.0000000        1.0000000      0.046000000        9.4469041        9.3181635       0.13878179       0.14793724      0.079374720      0.084983828      0.039472817      0.040440967       0.72422552       0.73829251       0.68322698       0.70051125       0.67014056       0.68575450        1.0000000        1.9690552        1.0000000        2.0662274        1.0000000        2.2308422        1.0000000       0.91776190        1.0000000        1.0409096        1.0000000        1.2207918 
       1.0000000        1.0000000        1.0000000        1.0000000      0.047000000        9.4069893        9.2808259       0.13810490       0.14746189      0.079137277      0.084767101      0.039393317      0.040256074       0.72092577       0.73644342       0.68108335       0.69932994       0.66791460       0.68442087        1.0000000        1.9635634        1.0000000        2.0621875        1.0000000        2.2233003        1.0000000       0.91227010        1.0000000        1.0368697        1.0000000        1.2132500 
       1.0000000        1.0000000        1.0000000        1.0000000      0.048000000        9.3771844        9.2534862       0.13731875       0.14727034      0.078588432      0.084694161      0.039080012      0.040304092       0.71841361       0.73445874       0.67918359       0.69909179       0.66687998       0.68429504        1.0000000        1.9582627        1.0000000        2.0619467        1.0000000        2.2229734        1.0000000       0.90696937        1.0000000        1.0366289        1.0000000        1.2129231 
       1.0000000        1.0000000        1.0000000        1.0000000      0.049000000        9.3487720        9.2274343       0.13642004       0.14717943      0.078135501      0.084885097      0.038808224      0.040358312       0.71517681       0.73256233       0.67689615       0.69923309       0.66607918       0.68481790        1.0000000        1.9526634        1.0000000        2.0626713        1.0000000        2.2262865        1.0000000       0.90137011        1.0000000        1.0373535        1.0000000        1.2162362 
       1.0000000        1.0000000        1.0000000        1.0000000      0.050000000        9.3073591        9.1882841       0.13617653       0.14525804      0.078122908      0.083485846      0.038990649      0.039699115       0.71367542       0.73033555       0.67577995       0.69785425       0.66593168       0.68424688        1.0000000        1.9445007        1.0000000        2.0547595        1.0000000        2.2170390        1.0000000       0.89320740        1.0000000        1.0294417        1.0000000        1.2069887 
       1.0000000        1.0000000        1.0000000        1.0000000      0.051000000        9.2551610        9.1382570       0.13567354       0.14509316      0.077952789      0.083518630      0.039074594      0.039736780       0.71084346       0.72887759       0.67379815       0.69769703       0.66539953       0.68392750        1.0000000        1.9402648        1.0000000        2.0542398        1.0000000        2.2178387        1.0000000       0.88897146        1.0000000        1.0289220        1.0000000        1.2077883 
       1.0000000        1.0000000        1.0000000        1.0000000      0.052000000        9.2283858        9.1135667       0.13557999       0.14498793      0.077998861      0.083529857      0.039163732      0.039852013       0.70900535       0.72839805       0.67292400       0.69772316       0.66545332       0.68366784        1.0000000        1.9388063        1.0000000        2.0548892        1.0000000        2.2162616        1.0000000       0.88751297        1.0000000        1.0295714        1.0000000        1.2062112 
       1.0000000        1.0000000        1.0000000        1.0000000      0.053000000        9.1956021        9.0827872       0.13503040       0.14486053      0.077849232      0.083646183      0.039228998      0.039943787       0.70738033       0.72645036       0.67193681       0.69745233       0.66559435       0.68430284        1.0000000        1.9333639        1.0000000        2.0543628        1.0000000        2.2198009        1.0000000       0.88207062        1.0000000        1.0290450        1.0000000        1.2097506 
       1.0000000        1.0000000        1.0000000        1.0000000      0.054000000        9.1420592        9.0311724       0.13475150       0.14482434      0.077800234      0.083776361      0.039319677      0.039957702       0.70560941       0.72559145       0.67091254       0.69770214       0.66523320       0.68491115        1.0000000        1.9308209        1.0000000        2.0554069        1.0000000        2.2222011        1.0000000       0.87952765        1.0000000        1.0300891        1.0000000        1.2121508 
       1.0000000        1.0000000        1.0000000        1.0000000      0.055000000        9.0895585        8.9805283       0.13461067       0.14489678      0.077872026      0.083905020      0.039488399      0.040096978       0.70457329       0.72507299       0.67056319       0.69794775       0.66529687       0.68490692        1.0000000        1.9295960        1.0000000        2.0567811        1.0000000        2.2240296        1.0000000       0.87830268        1.0000000        1.0314633        1.0000000        1.2139793 
       1.0000000        1.0000000        1.0000000        1.0000000      0.056000000        9.0400506        8.9329846       0.13438319       0.14493970      0.077845469      0.083960449      0.039495203      0.039996742       0.70331065       0.72395979       0.66992730       0.69782512       0.66527367       0.68462322        1.0000000        1.9264972        1.0000000        2.0564410        1.0000000        2.2217818        1.0000000       0.87520395        1.0000000        1.0311232        1.0000000        1.2117315 
       1.0000000        1.0000000        1.0000000        1.0000000      0.057000000        9.0091684        8.9038214       0.13432862       0.14486363      0.077936230      0.083979926      0.039585450      0.040125351       0.70210248       0.72342164       0.66955813       0.69733293       0.66554842       0.68458796        1.0000000        1.9251175        1.0000000        2.0555588        1.0000000        2.2224669        1.0000000       0.87382419        1.0000000        1.0302410        1.0000000        1.2124166 
       1.0000000        1.0000000        1.0000000        1.0000000      0.058000000        8.9505943        8.8469062       0.13439547       0.14501918      0.078077784      0.084079644      0.039723644      0.040136125       0.70095587       0.72371505       0.66906836       0.69731242       0.66594829       0.68445335        1.0000000        1.9259547        1.0000000        2.0560730        1.0000000        2.2211845        1.0000000       0.87466143        1.0000000        1.0307552        1.0000000        1.2111342 
       1.0000000        1.0000000        1.0000000        1.0000000      0.059000000        8.9003611        8.7982752       0.13416944       0.14451447      0.078016181      0.083812304      0.039712895      0.040085835       0.69965890       0.72231244       0.66844597       0.69691967       0.66611648       0.68415418        1.0000000        1.9219453        1.0000000        2.0541717        1.0000000        2.2189990        1.0000000       0.87065199        1.0000000        1.0288539        1.0000000        1.2089487 
       1.0000000        1.0000000        1.0000000        1.0000000      0.060000000        8.8889387        8.7884012       0.13396305       0.14382114      0.077987322      0.083677006      0.039708540      0.040122691       0.69813883       0.72002314       0.66758160       0.69620017       0.66531261       0.68397113        1.0000000        1.9150815        1.0000000        2.0504246        1.0000000        2.2188298        1.0000000       0.86378820        1.0000000        1.0251068        1.0000000        1.2087794 
       1.0000000        1.0000000        1.0000000        1.0000000      0.061000000        8.8621594        8.7631192       0.13359415       0.14397140      0.077872014      0.083914316      0.039657555      0.040261960       0.69627062       0.71928922       0.66677587       0.69707469       0.66509055       0.68535700        1.0000000        1.9131160        1.0000000        2.0533834        1.0000000        2.2256906        1.0000000       0.86182266        1.0000000        1.0280655        1.0000000        1.2156402 
       1.0000000        1.0000000        1.0000000        1.0000000      0.062000000        8.8172519        8.7196605       0.13348217       0.14395864      0.077870708      0.084024560      0.039681401      0.040394291       0.69572578       0.71900799       0.66678891       0.69720454       0.66540906       0.68581260        1.0000000        1.9121120        1.0000000        2.0538309        1.0000000        2.2285589        1.0000000       0.86081867        1.0000000        1.0285131        1.0000000        1.2185085 
       1.0000000        1.0000000        1.0000000        1.0000000      0.063000000        8.7680553        8.6718667       0.13345007       0.14402151      0.077897459      0.084138333      0.039700969      0.040442528       0.69548409       0.71846916       0.66687103       0.69713316       0.66564302       0.68603054        1.0000000        1.9106954        1.0000000        2.0541076        1.0000000        2.2297123        1.0000000       0.85940208        1.0000000        1.0287898        1.0000000        1.2196620 
       1.0000000        1.0000000        1.0000000        1.0000000      0.064000000        8.7164077        8.6215779       0.13346606       0.14393496      0.077984480      0.084236679      0.039770332      0.040532363       0.69454789       0.71828254       0.66695292       0.69744000       0.66585441       0.68647585        1.0000000        1.9098793        1.0000000        2.0553066        1.0000000        2.2326258        1.0000000       0.85858604        1.0000000        1.0299888        1.0000000        1.2225755 
       1.0000000        1.0000000        1.0000000        1.0000000      0.065000000        8.7051975        8.6116849       0.13319107       0.14368316      0.078043975      0.084100414      0.039993922      0.040391933       0.69343209       0.71743461       0.66684315       0.69753154       0.66759596       0.68641565        1.0000000        1.9071288        1.0000000        2.0547371        1.0000000        2.2304653        1.0000000       0.85583551        1.0000000        1.0294193        1.0000000        1.2204150 
       1.0000000        1.0000000        1.0000000        1.0000000      0.066000000        8.6784332        8.5861980       0.13293355       0.14375002      0.078104170      0.084205795      0.040067428      0.040466613       0.69197880       0.71680070       0.66652657       0.69752899       0.66811310       0.68679246        1.0000000        1.9055414        1.0000000        2.0548636        1.0000000        2.2328851        1.0000000       0.85424813        1.0000000        1.0295458        1.0000000        1.2228348 
       1.0000000        1.0000000        1.0000000        1.0000000      0.067000000        8.6213172        8.5304434       0.13290891       0.14379687      0.078235043      0.084368086      0.040257858      0.040670492       0.69130327       0.71642470       0.66654738       0.69707068       0.66820073       0.68682351        1.0000000        1.9045709        1.0000000        2.0540136        1.0000000        2.2351692        1.0000000       0.85327764        1.0000000        1.0286958        1.0000000        1.2251188 
       1.0000000        1.0000000        1.0000000        1.0000000      0.068000000        8.5812340        8.4915599       0.13280106       0.14353976      0.078206872      0.084223238      0.040182781      0.040594045       0.69053590       0.71579185       0.66636808       0.69661867       0.66817198       0.68681426        1.0000000        1.9025319        1.0000000        2.0520866        1.0000000        2.2343547        1.0000000       0.85123865        1.0000000        1.0267688        1.0000000        1.2243044 
       1.0000000        1.0000000        1.0000000        1.0000000      0.069000000        8.5357949        8.4472861       0.13263680       0.14368739      0.078218933      0.084405435      0.040279754      0.040754190       0.68950587       0.71539565       0.66612473       0.69670486       0.66809735       0.68692023        1.0000000        1.9016973        1.0000000        2.0531844        1.0000000        2.2360221        1.0000000       0.85040402        1.0000000        1.0278666        1.0000000        1.2259717 
       1.0000000        1.0000000        1.0000000        1.0000000      0.070000000        8.5063158        8.4189394       0.13256907       0.14370708      0.078188303      0.084395280      0.040206609      0.040661274       0.68863418       0.71501243       0.66590291       0.69669536       0.66819269       0.68636196        1.0000000        1.9007432        1.0000000        2.0535400        1.0000000        2.2332649        1.0000000       0.84944993        1.0000000        1.0282222        1.0000000        1.2232146 
       1.0000000        1.0000000        1.0000000        1.0000000      0.071000000        8.4664973        8.3802218       0.13252467       0.14360469      0.078308222      0.084410122      0.040371039      0.040724084       0.68790436       0.71461446       0.66604455       0.69656915       0.66883001       0.68652803        1.0000000        1.8994786        1.0000000        2.0531313        1.0000000        2.2338016        1.0000000       0.84818526        1.0000000        1.0278135        1.0000000        1.2237512 
       1.0000000        1.0000000        1.0000000        1.0000000      0.072000000        8.4377321        8.3525273       0.13236628       0.14358527      0.078424576      0.084451282      0.040636647      0.040717873       0.68695433       0.71419910       0.66570570       0.69662655       0.66908869       0.68686618        1.0000000        1.8980977        1.0000000        2.0531504        1.0000000        2.2353604        1.0000000       0.84680439        1.0000000        1.0278326        1.0000000        1.2253100 
       1.0000000        1.0000000        1.0000000        1.0000000      0.073000000        8.4021994        8.3180364       0.13238250       0.14385948      0.078501438      0.084604224      0.040681683      0.040686734       0.68649474       0.71429009       0.66572406       0.69681819       0.66918199       0.68683513        1.0000000        1.8983646        1.0000000        2.0539990        1.0000000        2.2355882        1.0000000       0.84707130        1.0000000        1.0286811        1.0000000        1.2255379 
       1.0000000        1.0000000        1.0000000        1.0000000      0.074000000        8.3661421        8.2829932       0.13218903       0.14401057      0.078439517      0.084713165      0.040613298      0.040737818       0.68535397       0.71397928       0.66522058       0.69703634       0.66904300       0.68700125        1.0000000        1.8976400        1.0000000        2.0548860        1.0000000        2.2370330        1.0000000       0.84634667        1.0000000        1.0295682        1.0000000        1.2269826 
       1.0000000        1.0000000        1.0000000        1.0000000      0.075000000        8.3281827        8.2460215       0.13215095       0.14412658      0.078476134      0.084816364      0.040715856      0.040743001       0.68494278       0.71383428       0.66526826       0.69727973       0.66908768       0.68690669        1.0000000        1.8972978        1.0000000        2.0564428        1.0000000        2.2368324        1.0000000       0.84600455        1.0000000        1.0311250        1.0000000        1.2267821 
       1.0000000        1.0000000        1.0000000        1.0000000      0.076000000        8.3159185        8.2347193       0.13194817       0.14431529      0.078257540      0.084969161      0.040391881      0.040889302       0.68400369       0.71371391       0.66470485       0.69786935       0.66864371       0.68726429        1.0000000        1.8971235        1.0000000        2.0587816        1.0000000        2.2400321        1.0000000       0.84583024        1.0000000        1.0334638        1.0000000        1.2299818 
       1.0000000        1.0000000        1.0000000        1.0000000      0.077000000        8.2876847        8.2074231       0.13179986       0.14439494      0.078378244      0.085017213      0.040652022      0.040824336       0.68268150       0.71334669       0.66448818       0.69795307       0.66937571       0.68758890        1.0000000        1.8959365        1.0000000        2.0588665        1.0000000        2.2405546        1.0000000       0.84464322        1.0000000        1.0335487        1.0000000        1.2305043 
       1.0000000        1.0000000        1.0000000        1.0000000      0.078000000        8.2572337        8.1778862       0.13173041       0.14440691      0.078369428      0.085148265      0.040667313      0.040926435       0.68206042       0.71292824       0.66424554       0.69869180       0.66924688       0.68853504        1.0000000        1.8947379        1.0000000        2.0610061        1.0000000        2.2449611        1.0000000       0.84344465        1.0000000        1.0356883        1.0000000        1.2349108 
       1.0000000        1.0000000        1.0000000        1.0000000      0.079000000        8.2503284        8.1719603       0.13160725       0.14403163      0.078358743      0.085022104      0.040681960      0.040997579       0.68131463       0.71161779       0.66393056       0.69831438       0.66915707       0.68893057        1.0000000        1.8908165        1.0000000        2.0592499        1.0000000        2.2466677        1.0000000       0.83952323        1.0000000        1.0339321        1.0000000        1.2366174 
       1.0000000        1.0000000        1.0000000        1.0000000      0.080000000        8.2059127        8.1284122       0.13148928       0.14404955      0.078332633      0.085074356      0.040662940      0.041077219       0.68051619       0.71116732       0.66379293       0.69901335       0.66921844       0.68954688        1.0000000        1.8895505        1.0000000        2.0613695        1.0000000        2.2486749        1.0000000       0.83825725        1.0000000        1.0360517        1.0000000        1.2386246 
       1.0000000        1.0000000        1.0000000        1.0000000      0.081000000        8.1878341        8.1111802       0.13140626       0.14394551      0.078284566      0.085027070      0.040599924      0.041017222       0.67984927       0.71098015       0.66347241       0.69919926       0.66923246       0.68972194        1.0000000        1.8889432        1.0000000        2.0616087        1.0000000        2.2483925        1.0000000       0.83764990        1.0000000        1.0362908        1.0000000        1.2383422 
       1.0000000        1.0000000        1.0000000        1.0000000      0.082000000        8.1848529        8.1090257       0.13134022       0.14381962      0.078283839      0.085040920      0.040559467      0.041079854       0.67933879       0.71020583       0.66380012       0.69901932       0.66952283       0.68990753        1.0000000        1.8865816        1.0000000        2.0604746        1.0000000        2.2489388        1.0000000       0.83528831        1.0000000        1.0351568        1.0000000        1.2388885 
       1.0000000        1.0000000        1.0000000        1.0000000      0.083000000        8.1548751        8.0798550       0.13128376       0.14360150      0.078235865      0.084866092      0.040451383      0.040904690       0.67883442       0.70948677       0.66389278       0.69865877       0.66955832       0.68960486        1.0000000        1.8846328        1.0000000        2.0590154        1.0000000        2.2469412        1.0000000       0.83333946        1.0000000        1.0336976        1.0000000        1.2368909 
       1.0000000        1.0000000        1.0000000        1.0000000      0.084000000        8.1250949        8.0508634       0.13117458       0.14349745      0.078145614      0.084653227      0.040374230      0.040676457       0.67802529       0.70925778       0.66356248       0.69829153       0.66842237       0.68823035        1.0000000        1.8841179        1.0000000        2.0579956        1.0000000        2.2398410        1.0000000       0.83282465        1.0000000        1.0326778        1.0000000        1.2297907 
       1.0000000        1.0000000        1.0000000        1.0000000      0.085000000        8.1200206        8.0465596       0.13111338       0.14335087      0.078103458      0.084612090      0.040272625      0.040751340       0.67756960       0.70820036       0.66363494       0.69809542       0.66834672       0.68787264        1.0000000        1.8812367        1.0000000        2.0569953        1.0000000        2.2385134        1.0000000       0.82994339        1.0000000        1.0316774        1.0000000        1.2284631 
       1.0000000        1.0000000        1.0000000        1.0000000      0.086000000        8.1090128        8.0363050       0.13101995       0.14332210      0.078098292      0.084603227      0.040251521      0.040686966       0.67666793       0.70770871       0.66357185       0.69798651       0.66858110       0.68774805        1.0000000        1.8798345        1.0000000        2.0565160        1.0000000        2.2376743        1.0000000       0.82854118        1.0000000        1.0311982        1.0000000        1.2276239 
       1.0000000        1.0000000        1.0000000        1.0000000      0.087000000        8.0964199        8.0244484       0.13101667       0.14347777      0.078142598      0.084822488      0.040225985      0.040964470       0.67630483       0.70820291       0.66376195       0.69883149       0.66911269       0.68937035        1.0000000        1.8811446        1.0000000        2.0592894        1.0000000        2.2445687        1.0000000       0.82985128        1.0000000        1.0339716        1.0000000        1.2345183 
       1.0000000        1.0000000        1.0000000        1.0000000      0.088000000        8.0775532        8.0063020       0.13086359       0.14358229      0.078155223      0.084893140      0.040329391      0.040841868       0.67560069       0.70811030       0.66335870       0.69899190       0.66953401       0.68924999        1.0000000        1.8806840        1.0000000        2.0598109        1.0000000        2.2437715        1.0000000       0.82939071        1.0000000        1.0344931        1.0000000        1.2337212 
       1.0000000        1.0000000        1.0000000        1.0000000      0.089000000        8.0680442        7.9974975       0.13084811       0.14369625      0.078285677      0.085063182      0.040517054      0.040940235       0.67498659       0.70839760       0.66342488       0.69960698       0.67001106       0.69004644        1.0000000        1.8813363        1.0000000        2.0616832        1.0000000        2.2477356        1.0000000       0.83004299        1.0000000        1.0363654        1.0000000        1.2376852 
       1.0000000        1.0000000        1.0000000        1.0000000      0.090000000        8.0436055        7.9738163       0.13083550       0.14403944      0.078412400      0.085380767      0.040733309      0.041111429       0.67459776       0.70881381       0.66353759       0.70022923       0.67070214       0.69030388        1.0000000        1.8826143        1.0000000        2.0646209        1.0000000        2.2508350        1.0000000       0.83132096        1.0000000        1.0393031        1.0000000        1.2407847 
       1.0000000        1.0000000        1.0000000        1.0000000      0.091000000        8.0176797        7.9485638       0.13075161       0.14410019      0.078369211      0.085418674      0.040666286      0.041052879       0.67393793       0.70885230       0.66368322       0.70028397       0.67052092       0.69035577        1.0000000        1.8827365        1.0000000        2.0648167        1.0000000        2.2514316        1.0000000       0.83144323        1.0000000        1.0394989        1.0000000        1.2413813 
       1.0000000        1.0000000        1.0000000        1.0000000      0.092000000        7.9958559        7.9273993       0.13077496       0.14420291      0.078453960      0.085461570      0.040792323      0.040997185       0.67348615       0.70852013       0.66361652       0.70004137       0.67059493       0.68919344        1.0000000        1.8821116        1.0000000        2.0645157        1.0000000        2.2477294        1.0000000       0.83081827        1.0000000        1.0391979        1.0000000        1.2376791 
       1.0000000        1.0000000        1.0000000        1.0000000      0.093000000        7.9901516        7.9223405       0.13070995       0.14412427      0.078470064      0.085517289      0.040807323      0.041116189       0.67300803       0.70793790       0.66352530       0.69993363       0.67069334       0.69024092        1.0000000        1.8805069        1.0000000        2.0637468        1.0000000        2.2500380        1.0000000       0.82921360        1.0000000        1.0384290        1.0000000        1.2399877 
       1.0000000        1.0000000        1.0000000        1.0000000      0.094000000        7.9636561        7.8964773       0.13064328       0.14432965      0.078428880      0.085678352      0.040751677      0.041200579       0.67260125       0.70805460       0.66368905       0.70037875       0.67106699       0.69059600        1.0000000        1.8809359        1.0000000        2.0653367        1.0000000        2.2516848        1.0000000       0.82964260        1.0000000        1.0400189        1.0000000        1.2416345 
       1.0000000        1.0000000        1.0000000        1.0000000      0.095000000        7.9452530        7.8786938       0.13038091       0.14413628      0.078211133      0.085543127      0.040626446      0.041216894       0.67170956       0.70762520       0.66268429       0.70001271       0.67047199       0.69106350        1.0000000        1.8795708        1.0000000        2.0636424        1.0000000        2.2530680        1.0000000       0.82827750        1.0000000        1.0383246        1.0000000        1.2430177 
       1.0000000        1.0000000        1.0000000        1.0000000      0.096000000        7.9201664        7.8542143       0.13039209       0.14430024      0.078265334      0.085686165      0.040584236      0.041331923       0.67125476       0.70776075       0.66283288       0.70051001       0.67054911       0.69162131        1.0000000        1.8799707        1.0000000        2.0653760        1.0000000        2.2558537        1.0000000       0.82867743        1.0000000        1.0400582        1.0000000        1.2458034 
       1.0000000        1.0000000        1.0000000        1.0000000      0.097000000        7.9132825        7.8479255       0.13029551       0.14443833      0.078192064      0.085916648      0.040559788      0.041437484       0.67061370       0.70799592       0.66243466       0.70076157       0.66993650       0.69205425        1.0000000        1.8806259        1.0000000        2.0663438        1.0000000        2.2594281        1.0000000       0.82933257        1.0000000        1.0410260        1.0000000        1.2493778 
       1.0000000        1.0000000        1.0000000        1.0000000      0.098000000        7.9000071        7.8352336       0.13034041       0.14458602      0.078254200      0.085976946      0.040552767      0.041554492       0.67041978       0.70809502       0.66277317       0.70094357       0.67029071       0.69255128        1.0000000        1.8809679        1.0000000        2.0667791        1.0000000        2.2618351        1.0000000       0.82967464        1.0000000        1.0414613        1.0000000        1.2517848 
       1.0000000        1.0000000        1.0000000        1.0000000      0.099000000        7.8880984        7.8238970       0.13026124       0.14478831      0.078215932      0.086161929      0.040520984      0.041694014       0.67012097       0.70865519       0.66276362       0.70162089       0.67057004       0.69438174        1.0000000        1.8826718        1.0000000        2.0689682        1.0000000        2.2679164        1.0000000       0.83137849        1.0000000        1.0436504        1.0000000        1.2578661 
       1.0000000        1.0000000        1.0000000        1.0000000       0.10000000        7.8633433        7.7997031       0.13020748       0.14476206      0.078274819      0.086142158      0.040625388      0.041669442       0.66936515       0.70862164       0.66266341       0.70170219       0.67089755       0.69445573        1.0000000        1.8825230        1.0000000        2.0690897        1.0000000        2.2677450        1.0000000       0.83122971        1.0000000        1.0437719        1.0000000        1.2576946 
       1.0000000        1.0000000        1.0000000        1.0000000       0.10100000        7.8393779        7.7763426       0.13005935       0.14462009      0.078226844      0.086072204      0.040597585      0.041609874       0.66862831       0.70834183       0.66251871       0.70121640       0.67067505       0.69410551        1.0000000        1.8815239        1.0000000        2.0669901        1.0000000        2.2662187        1.0000000       0.83023063        1.0000000        1.0416723        1.0000000        1.2561684 
       1.0000000        1.0000000        1.0000000        1.0000000       0.10200000        7.8148140        7.7523179       0.12990867       0.14481148      0.078184535      0.086294389      0.040623355      0.041715540       0.66807595       0.70844063       0.66236246       0.70179576       0.67101796       0.69498998        1.0000000        1.8818470        1.0000000        2.0690107        1.0000000        2.2700448        1.0000000       0.83055375        1.0000000        1.0436929        1.0000000        1.2599944 
       1.0000000        1.0000000        1.0000000        1.0000000       0.10300000        7.7861947        7.7242277       0.12987479       0.14513014      0.078065470      0.086527407      0.040447639      0.041784286       0.66793935       0.70875329       0.66252678       0.70213129       0.67107036       0.69503409        1.0000000        1.8829837        1.0000000        2.0708509        1.0000000        2.2712583        1.0000000       0.83169045        1.0000000        1.0455331        1.0000000        1.2612079 
       1.0000000        1.0000000        1.0000000        1.0000000       0.10400000        7.7691377        7.7076901       0.12976456       0.14522283      0.078048019      0.086648728      0.040480284      0.041931072       0.66744432       0.70896131       0.66242955       0.70248680       0.67106977       0.69559914        1.0000000        1.8835933        1.0000000        2.0721542        1.0000000        2.2748977        1.0000000       0.83229998        1.0000000        1.0468363        1.0000000        1.2648474 
       1.0000000        1.0000000        1.0000000        1.0000000       0.10500000        7.7597228        7.6987853       0.12977506       0.14533112      0.078175493      0.086822076      0.040708372      0.042108389       0.66714443       0.70936402       0.66250601       0.70304121       0.67186647       0.69587146        1.0000000        1.8845582        1.0000000        2.0740194        1.0000000        2.2780233        1.0000000       0.83326493        1.0000000        1.0487016        1.0000000        1.2679730 
       1.0000000        1.0000000        1.0000000        1.0000000       0.10600000        7.7364373        7.6760005       0.12979907       0.14546162      0.078158862      0.086950449      0.040677145      0.042107935       0.66694431       0.70927662       0.66254581       0.70329700       0.67167788       0.69593190        1.0000000        1.8843478        1.0000000        2.0750930        1.0000000        2.2783020        1.0000000       0.83305448        1.0000000        1.0497752        1.0000000        1.2682517 
       1.0000000        1.0000000        1.0000000        1.0000000       0.10700000        7.7186776        7.6587327       0.12990927       0.14549076      0.078245217      0.086973221      0.040718425      0.042078753       0.66717281       0.70933698       0.66286867       0.70308164       0.67182029       0.69573946        1.0000000        1.8845827        1.0000000        2.0742839        1.0000000        2.2773078        1.0000000       0.83328936        1.0000000        1.0489661        1.0000000        1.2672575 
       1.0000000        1.0000000        1.0000000        1.0000000       0.10800000        7.7019581        7.6424964       0.12986198       0.14575280      0.078204529      0.087223952      0.040679405      0.042248609       0.66685729       0.70974382       0.66268954       0.70345948       0.67145182       0.69633225        1.0000000        1.8858411        1.0000000        2.0755767        1.0000000        2.2802631        1.0000000       0.83454783        1.0000000        1.0502589        1.0000000        1.2702128 
       1.0000000        1.0000000        1.0000000        1.0000000       0.10900000        7.6719534        7.6129664       0.12978460       0.14584913      0.078143963      0.087393096      0.040624924      0.042352968       0.66644765       0.71001671       0.66218444       0.70396914       0.67083176       0.69702756        1.0000000        1.8865560        1.0000000        2.0772951        1.0000000        2.2842358        1.0000000       0.83526269        1.0000000        1.0519773        1.0000000        1.2741855 
       1.0000000        1.0000000        1.0000000        1.0000000       0.11000000        7.6511670        7.5926465       0.12990754       0.14593523      0.078312808      0.087643703      0.040760484      0.042638509       0.66648612       0.70987816       0.66253939       0.70435310       0.67129729       0.69775636        1.0000000        1.8859184        1.0000000        2.0782674        1.0000000        2.2888238        1.0000000       0.83462515        1.0000000        1.0529496        1.0000000        1.2787735 
       1.0000000        1.0000000        1.0000000        1.0000000       0.11100000        7.6331153        7.5750533       0.12984960       0.14567993      0.078262939      0.087418120      0.040751243      0.042444973       0.66627465       0.70930784       0.66229555       0.70385093       0.67124306       0.69736145        1.0000000        1.8843132        1.0000000        2.0764066        1.0000000        2.2858963        1.0000000       0.83301988        1.0000000        1.0510888        1.0000000        1.2758460 
       1.0000000        1.0000000        1.0000000        1.0000000       0.11200000        7.6178446        7.5602333       0.12981927       0.14568437      0.078231258      0.087416248      0.040706926      0.042375779       0.66610881       0.70909984       0.66239553       0.70368260       0.67145685       0.69697730        1.0000000        1.8838139        1.0000000        2.0762852        1.0000000        2.2839953        1.0000000       0.83252060        1.0000000        1.0509674        1.0000000        1.2739450 
       1.0000000        1.0000000        1.0000000        1.0000000       0.11300000        7.5985601        7.5414358       0.12962892       0.14496541      0.078084255      0.086844712      0.040547363      0.042063133       0.66509949       0.70760139       0.66144449       0.70242266       0.67090226       0.69574472        1.0000000        1.8792961        1.0000000        2.0711469        1.0000000        2.2764240        1.0000000       0.82800276        1.0000000        1.0458291        1.0000000        1.2663736 
       1.0000000        1.0000000        1.0000000        1.0000000       0.11400000        7.5741361        7.5174468       0.12959777       0.14514029      0.078106450      0.087055741      0.040600270      0.042226202       0.66502262       0.70788213       0.66128915       0.70289534       0.67095005       0.69622060        1.0000000        1.8800543        1.0000000        2.0728084        1.0000000        2.2798855        1.0000000       0.82876105        1.0000000        1.0474906        1.0000000        1.2698352 
       1.0000000        1.0000000        1.0000000        1.0000000       0.11500000        7.5609561        7.5046946       0.12962177       0.14502123      0.078140451      0.086837320      0.040624756      0.042040009       0.66513493       0.70814754       0.66141877       0.70206794       0.67099210       0.69466574        1.0000000        1.8807464        1.0000000        2.0704652        1.0000000        2.2751151        1.0000000       0.82945310        1.0000000        1.0451474        1.0000000        1.2650648 
       1.0000000        1.0000000        1.0000000        1.0000000       0.11600000        7.5398842        7.4840435       0.12960328       0.14478854      0.078125528      0.086640867      0.040621736      0.041932358       0.66490546       0.70745008       0.66138213       0.70117503       0.67108434       0.69387671        1.0000000        1.8788265        1.0000000        2.0675555        1.0000000        2.2719529        1.0000000       0.82753320        1.0000000        1.0422377        1.0000000        1.2619026 
       1.0000000        1.0000000        1.0000000        1.0000000       0.11700000        7.5261803        7.4707535       0.12960590       0.14477917      0.078130690      0.086660809      0.040615110      0.041951673       0.66471751       0.70746643       0.66134719       0.70154471       0.67116755       0.69444861        1.0000000        1.8788179        1.0000000        2.0687120        1.0000000        2.2741752        1.0000000       0.82752464        1.0000000        1.0433942        1.0000000        1.2641248 
       1.0000000        1.0000000        1.0000000        1.0000000       0.11800000        7.5104822        7.4554628       0.12956046       0.14480374      0.078093204      0.086676853      0.040621755      0.041967774       0.66459332       0.70756976       0.66123718       0.70165433       0.67126516       0.69457998        1.0000000        1.8791568        1.0000000        2.0692453        1.0000000        2.2746684        1.0000000       0.82786350        1.0000000        1.0439275        1.0000000        1.2646180 
       1.0000000        1.0000000        1.0000000        1.0000000       0.11900000        7.4885086        7.4338900       0.12957256       0.14480608      0.078057694      0.086692760      0.040568488      0.041941890       0.66466813       0.70743413       0.66148836       0.70157542       0.67110972       0.69459046        1.0000000        1.8787742        1.0000000        2.0689392        1.0000000        2.2744573        1.0000000       0.82748089        1.0000000        1.0436214        1.0000000        1.2644070 
       1.0000000        1.0000000        1.0000000        1.0000000       0.12000000        7.4714281        7.4172040       0.12957456       0.14473902      0.078052949      0.086689722      0.040553389      0.042082440       0.66472737       0.70759009       0.66137392       0.70188574       0.67095254       0.69493018        1.0000000        1.8790167        1.0000000        2.0698530        1.0000000        2.2767329        1.0000000       0.82772344        1.0000000        1.0445352        1.0000000        1.2666825 
       1.0000000        1.0000000        1.0000000        1.0000000       0.12100000        7.4568433        7.4030075       0.12963742       0.14465865      0.078103571      0.086625800      0.040599348      0.042092786       0.66491956       0.70777174       0.66168254       0.70180795       0.67110954       0.69516298        1.0000000        1.8795289        1.0000000        2.0693404        1.0000000        2.2778466        1.0000000       0.82823562        1.0000000        1.0440226        1.0000000        1.2677963 
       1.0000000        1.0000000        1.0000000        1.0000000       0.12200000        7.4380423        7.3845887       0.12957706       0.14468155      0.078046465      0.086675307      0.040589107      0.042143592       0.66482856       0.70763570       0.66145955       0.70218091       0.67129535       0.69640831        1.0000000        1.8791691        1.0000000        2.0701759        1.0000000        2.2809006        1.0000000       0.82787584        1.0000000        1.0448581        1.0000000        1.2708502 
       1.0000000        1.0000000        1.0000000        1.0000000       0.12300000        7.4166043        7.3635272       0.12955914       0.14431577      0.078003818      0.086282278      0.040550881      0.041918742       0.66488967       0.70691836       0.66163013       0.70115251       0.67127550       0.69518521        1.0000000        1.8772881        1.0000000        2.0666712        1.0000000        2.2739041        1.0000000       0.82599476        1.0000000        1.0413534        1.0000000        1.2638538 
       1.0000000        1.0000000        1.0000000        1.0000000       0.12400000        7.3933441        7.3406744       0.12946556       0.14430957      0.077980952      0.086310730      0.040604612      0.041940276       0.66463143       0.70654084       0.66125813       0.70137843       0.67129010       0.69597503        1.0000000        1.8761760        1.0000000        2.0671485        1.0000000        2.2753390        1.0000000       0.82488267        1.0000000        1.0418307        1.0000000        1.2652887 
       1.0000000        1.0000000        1.0000000        1.0000000       0.12500000        7.3666293        7.3143241       0.12949417       0.14435827      0.077997697      0.086357949      0.040592991      0.042017449       0.66464135       0.70662662       0.66135958       0.70166972       0.67119133       0.69633003        1.0000000        1.8764057        1.0000000        2.0682553        1.0000000        2.2772432        1.0000000       0.82511244        1.0000000        1.0429375        1.0000000        1.2671929 
       1.0000000        1.0000000        1.0000000        1.0000000       0.12600000        7.3476746        7.2957283       0.12941305       0.14407377      0.077993760      0.086103830      0.040640128      0.041908473       0.66447581       0.70587503       0.66126711       0.70089459       0.67136184       0.69645162        1.0000000        1.8742715        1.0000000        2.0652091        1.0000000        2.2749410        1.0000000       0.82297823        1.0000000        1.0398912        1.0000000        1.2648906 
       1.0000000        1.0000000        1.0000000        1.0000000       0.12700000        7.3314087        7.2798161       0.12936485       0.14410879      0.077986725      0.086057441      0.040654661      0.041794062       0.66432702       0.70561326       0.66121636       0.70040048       0.67148532       0.69551507        1.0000000        1.8736728        1.0000000        2.0640483        1.0000000        2.2713945        1.0000000       0.82237947        1.0000000        1.0387305        1.0000000        1.2613442 
       1.0000000        1.0000000        1.0000000        1.0000000       0.12800000        7.3165584        7.2653143       0.12943631       0.14390693      0.078043704      0.085929859      0.040668871      0.041840830       0.66448223       0.70517329       0.66134534       0.70015335       0.67138933       0.69586506        1.0000000        1.8723589        1.0000000        2.0627606        1.0000000        2.2715579        1.0000000       0.82106560        1.0000000        1.0374428        1.0000000        1.2615075 
       1.0000000        1.0000000        1.0000000        1.0000000       0.12900000        7.2981918        7.2472910       0.12946456       0.14375121      0.078082920      0.085810507      0.040676588      0.041809957       0.66442324       0.70493027       0.66162484       0.70006406       0.67162041       0.69572563        1.0000000        1.8715610        1.0000000        2.0621446        1.0000000        2.2704130        1.0000000       0.82026770        1.0000000        1.0368267        1.0000000        1.2603627 
       1.0000000        1.0000000        1.0000000        1.0000000       0.13000000        7.2810415        7.2304790       0.12948504       0.14397200      0.078126330      0.085964759      0.040718706      0.041883825       0.66440758       0.70533639       0.66208726       0.70048263       0.67227501       0.69594002        1.0000000        1.8728225        1.0000000        2.0640224        1.0000000        2.2725736        1.0000000       0.82152916        1.0000000        1.0387046        1.0000000        1.2625232 
       1.0000000        1.0000000        1.0000000        1.0000000       0.13100000        7.2669804        7.2167515       0.12950821       0.14402165      0.078152086      0.085905263      0.040749272      0.041794854       0.66467148       0.70558104       0.66248055       0.70039567       0.67248407       0.69602185        1.0000000        1.8736697        1.0000000        2.0637939        1.0000000        2.2711782        1.0000000       0.82237641        1.0000000        1.0384761        1.0000000        1.2611279 
       1.0000000        1.0000000        1.0000000        1.0000000       0.13200000        7.2537684        7.2038682       0.12949126       0.14408258      0.078142919      0.086081366      0.040697362      0.041827692       0.66449755       0.70540262       0.66226611       0.70055791       0.67202834       0.69623250        1.0000000        1.8730313        1.0000000        2.0641747        1.0000000        2.2724301        1.0000000       0.82173803        1.0000000        1.0388569        1.0000000        1.2623798 
       1.0000000        1.0000000        1.0000000        1.0000000       0.13300000        7.2362474        7.1866713       0.12946371       0.14442079      0.078126838      0.086370095      0.040696063      0.041944824       0.66438232       0.70608213       0.66230913       0.70134555       0.67200414       0.69688889        1.0000000        1.8749850        1.0000000        2.0670982        1.0000000        2.2767748        1.0000000       0.82369166        1.0000000        1.0417803        1.0000000        1.2667244 
       1.0000000        1.0000000        1.0000000        1.0000000       0.13400000        7.2074486        7.1581920       0.12948870       0.14460177      0.078201374      0.086501979      0.040766186      0.042072533       0.66428569       0.70686529       0.66228198       0.70215429       0.67196668       0.69770033        1.0000000        1.8770959        1.0000000        2.0698538        1.0000000        2.2812199        1.0000000       0.82580260        1.0000000        1.0445360        1.0000000        1.2711696 
       1.0000000        1.0000000        1.0000000        1.0000000       0.13500000        7.1832002        7.1342899       0.12934935       0.14435893      0.078048997      0.086512708      0.040617732      0.042133417       0.66411124       0.70619171       0.66193644       0.70228938       0.67150957       0.69813924        1.0000000        1.8749182        1.0000000        2.0697828        1.0000000        2.2836599        1.0000000       0.82362494        1.0000000        1.0444650        1.0000000        1.2736096 
       1.0000000        1.0000000        1.0000000        1.0000000       0.13600000        7.1663970        7.1177969       0.12941613       0.14442918      0.078122938      0.086533534      0.040693345      0.042106307       0.66416983       0.70617677       0.66210201       0.70210659       0.67173587       0.69787967        1.0000000        1.8750139        1.0000000        2.0694008        1.0000000        2.2832045        1.0000000       0.82372059        1.0000000        1.0440830        1.0000000        1.2731542 
       1.0000000        1.0000000        1.0000000        1.0000000       0.13700000        7.1599644        7.1116703       0.12943423       0.14470764      0.078101633      0.086785315      0.040638022      0.042216880       0.66375661       0.70692360       0.66152829       0.70300692       0.67100220       0.69885050        1.0000000        1.8772530        1.0000000        2.0724685        1.0000000        2.2875363        1.0000000       0.82595973        1.0000000        1.0471507        1.0000000        1.2774860 
       1.0000000        1.0000000        1.0000000        1.0000000       0.13800000        7.1463836        7.0983913       0.12941334       0.14470939      0.078057195      0.086812361      0.040598286      0.042230893       0.66366193       0.70681928       0.66128800       0.70302906       0.67059133       0.69891702        1.0000000        1.8769178        1.0000000        2.0724244        1.0000000        2.2879819        1.0000000       0.82562452        1.0000000        1.0471066        1.0000000        1.2779316 
       1.0000000        1.0000000        1.0000000        1.0000000       0.13900000        7.1264108        7.0787162       0.12937967       0.14483038      0.077980659      0.086938052      0.040506290      0.042337697       0.66346495       0.70699154       0.66076428       0.70342065       0.66980706       0.69918023        1.0000000        1.8773723        1.0000000        2.0739642        1.0000000        2.2903283        1.0000000       0.82607903        1.0000000        1.0486464        1.0000000        1.2802780 
       1.0000000        1.0000000        1.0000000        1.0000000       0.14000000        7.1144019        7.0670011       0.12930642       0.14492250      0.077962421      0.087006099      0.040520996      0.042334536       0.66291396       0.70723832       0.66028197       0.70358936       0.66976469       0.69929591        1.0000000        1.8781265        1.0000000        2.0746483        1.0000000        2.2908717        1.0000000       0.82683317        1.0000000        1.0493305        1.0000000        1.2808214 
       1.0000000        1.0000000        1.0000000        1.0000000       0.14100000        7.1049631        7.0578520       0.12927408       0.14485630      0.078003818      0.087023179      0.040554470      0.042351283       0.66291661       0.70687768       0.66046049       0.70338355       0.66997089       0.69933146        1.0000000        1.8770352        1.0000000        2.0738187        1.0000000        2.2915082        1.0000000       0.82574191        1.0000000        1.0485009        1.0000000        1.2814578 
       1.0000000        1.0000000        1.0000000        1.0000000       0.14200000        7.1042027        7.0573776       0.12931271       0.14499479      0.078050038      0.087076173      0.040582294      0.042460071       0.66290293       0.70770857       0.66064445       0.70385447       0.67040217       0.69974430        1.0000000        1.8793488        1.0000000        2.0754964        1.0000000        2.2937356        1.0000000       0.82805553        1.0000000        1.0501786        1.0000000        1.2836853 
       1.0000000        1.0000000        1.0000000        1.0000000       0.14300000        7.0909322        7.0443893       0.12928213       0.14478451      0.078008276      0.086912912      0.040571109      0.042331171       0.66286586       0.70681704       0.66046473       0.70281001       0.67015184       0.69837595        1.0000000        1.8766567        1.0000000        2.0723483        1.0000000        2.2885422        1.0000000       0.82536341        1.0000000        1.0470305        1.0000000        1.2784919 
       1.0000000        1.0000000        1.0000000        1.0000000       0.14400000        7.0757980        7.0295336       0.12937804       0.14483312      0.078090540      0.086955371      0.040614626      0.042327421       0.66305666       0.70676893       0.66076354       0.70288296       0.67005965       0.69831394        1.0000000        1.8765400        1.0000000        2.0727343        1.0000000        2.2884464        1.0000000       0.82524672        1.0000000        1.0474165        1.0000000        1.2783961 
       1.0000000        1.0000000        1.0000000        1.0000000       0.14500000        7.0605841        7.0145946       0.12943612       0.14490572      0.078147026      0.087150770      0.040664639      0.042682789       0.66322687       0.70707100       0.66093804       0.70341378       0.67018463       0.69920800        1.0000000        1.8772203        1.0000000        2.0744591        1.0000000        2.2937747        1.0000000       0.82592696        1.0000000        1.0491413        1.0000000        1.2837244 
       1.0000000        1.0000000        1.0000000        1.0000000       0.14600000        7.0414039        6.9956858       0.12943968       0.14477863      0.078169618      0.087092642      0.040688777      0.042663631       0.66332000       0.70654954       0.66108000       0.70340353       0.67046503       0.69918435        1.0000000        1.8756817        1.0000000        2.0742887        1.0000000        2.2928334        1.0000000       0.82438839        1.0000000        1.0489709        1.0000000        1.2827831 
       1.0000000        1.0000000        1.0000000        1.0000000       0.14700000        7.0169033        6.9714797       0.12944885       0.14475541      0.078162199      0.087050541      0.040664104      0.042636257       0.66331190       0.70634106       0.66113511       0.70338185       0.67045745       0.69937383        1.0000000        1.8751117        1.0000000        2.0740823        1.0000000        2.2927085        1.0000000       0.82381840        1.0000000        1.0487645        1.0000000        1.2826582 
       1.0000000        1.0000000        1.0000000        1.0000000       0.14800000        7.0004744        6.9553149       0.12939540       0.14483144      0.078103823      0.087104446      0.040620351      0.042618048       0.66299687       0.70649593       0.66094731       0.70356475       0.67026113       0.69921793        1.0000000        1.8755469        1.0000000        2.0747851        1.0000000        2.2929646        1.0000000       0.82425358        1.0000000        1.0494673        1.0000000        1.2829142 
       1.0000000        1.0000000        1.0000000        1.0000000       0.14900000        6.9772887        6.9323901       0.12945296       0.14497597      0.078169101      0.087230676      0.040692427      0.042727598       0.66316141       0.70658252       0.66123477       0.70404681       0.67068993       0.69949122        1.0000000        1.8758748        1.0000000        2.0767928        1.0000000        2.2947212        1.0000000       0.82458150        1.0000000        1.0514750        1.0000000        1.2846709 
       1.0000000        1.0000000        1.0000000        1.0000000       0.15000000        6.9623947        6.9177536       0.12940928       0.14484414      0.078100171      0.087132284      0.040602469      0.042642211       0.66292997       0.70629222       0.66089260       0.70390466       0.67003530       0.69933192        1.0000000        1.8750018        1.0000000        2.0760607        1.0000000        2.2927955        1.0000000       0.82370853        1.0000000        1.0507429        1.0000000        1.2827451 
       1.0000000        1.0000000        1.0000000        1.0000000       0.15100000        6.9577472        6.9133605       0.12938724       0.14479003      0.078113440      0.087113357      0.040624714      0.042609349       0.66294298       0.70595843       0.66096233       0.70362199       0.67034347       0.69906983        1.0000000        1.8740416        1.0000000        2.0751095        1.0000000        2.2919487        1.0000000       0.82274829        1.0000000        1.0497917        1.0000000        1.2818984 
       1.0000000        1.0000000        1.0000000        1.0000000       0.15200000        6.9442578        6.9001224       0.12935323       0.14451089      0.078126539      0.086877913      0.040650673      0.042518476       0.66282802       0.70508068       0.66105275       0.70245225       0.67058223       0.69770908        1.0000000        1.8716573        1.0000000        2.0713076        1.0000000        2.2852357        1.0000000       0.82036396        1.0000000        1.0459898        1.0000000        1.2751854 
       1.0000000        1.0000000        1.0000000        1.0000000       0.15300000        6.9300936        6.8862063       0.12931416       0.14454208      0.078097445      0.086890007      0.040663859      0.042517570       0.66245460       0.70509910       0.66068187       0.70253378       0.67061309       0.69780762        1.0000000        1.8717180        1.0000000        2.0716694        1.0000000        2.2855901        1.0000000       0.82042471        1.0000000        1.0463516        1.0000000        1.2755397 
       1.0000000        1.0000000        1.0000000        1.0000000       0.15400000        6.9145767        6.8709346       0.12930400       0.14444171      0.078091485      0.086933435      0.040672325      0.042542344       0.66228130       0.70478792       0.66044940       0.70250797       0.67020346       0.69777281        1.0000000        1.8707139        1.0000000        2.0714357        1.0000000        2.2858263        1.0000000       0.81942062        1.0000000        1.0461179        1.0000000        1.2757760 
       1.0000000        1.0000000        1.0000000        1.0000000       0.15500000        6.8998379        6.8564380       0.12928549       0.14434110      0.078075783      0.086893316      0.040664132      0.042610422       0.66227783       0.70433357       0.66038965       0.70259022       0.67018433       0.69839474        1.0000000        1.8693885        1.0000000        2.0712963        1.0000000        2.2868825        1.0000000       0.81809521        1.0000000        1.0459785        1.0000000        1.2768321 
       1.0000000        1.0000000        1.0000000        1.0000000       0.15600000        6.8943919        6.8512313       0.12929974       0.14450512      0.078058152      0.086999330      0.040635328      0.042674913       0.66215233       0.70473107       0.66051851       0.70275001       0.67028083       0.69825165        1.0000000        1.8705394        1.0000000        2.0720818        1.0000000        2.2874852        1.0000000       0.81924613        1.0000000        1.0467639        1.0000000        1.2774349 
       1.0000000        1.0000000        1.0000000        1.0000000       0.15700000        6.8752052        6.8322809       0.12926298       0.14435960      0.078029863      0.086765055      0.040639381      0.042446014       0.66222127       0.70406179       0.66048344       0.70162058       0.67029549       0.69648304        1.0000000        1.8687179        1.0000000        2.0686566        1.0000000        2.2794992        1.0000000       0.81742459        1.0000000        1.0433388        1.0000000        1.2694488 
       1.0000000        1.0000000        1.0000000        1.0000000       0.15800000        6.8606435        6.8179760       0.12918447       0.14469716      0.077910101      0.087090603      0.040536107      0.042634444       0.66210731       0.70492894       0.66029062       0.70284583       0.66996730       0.69860488        1.0000000        1.8714175        1.0000000        2.0725826        1.0000000        2.2871737        1.0000000       0.82012423        1.0000000        1.0472648        1.0000000        1.2771234 
       1.0000000        1.0000000        1.0000000        1.0000000       0.15900000        6.8478907        6.8054538       0.12919168       0.14469571      0.077932519      0.087063695      0.040579649      0.042549623       0.66213785       0.70477521       0.66024061       0.70224607       0.66989113       0.69717334        1.0000000        1.8708944        1.0000000        2.0709718        1.0000000        2.2830347        1.0000000       0.81960107        1.0000000        1.0456540        1.0000000        1.2729844 
       1.0000000        1.0000000        1.0000000        1.0000000       0.16000000        6.8388363        6.7966273       0.12919682       0.14441522      0.077937709      0.086690511      0.040611980      0.042273060       0.66214989       0.70402039       0.66020965       0.70076159       0.67020100       0.69520335        1.0000000        1.8690839        1.0000000        2.0661729        1.0000000        2.2724389        1.0000000       0.81779064        1.0000000        1.0408551        1.0000000        1.2623886 
