
       1.0000000        1.0000000        1.0000000        1.0000000      0.035000000        10.357847        10.189779       0.14763932       0.15255408      0.084038015      0.087724604      0.042534076      0.043180472       0.75367096       0.76001861       0.70379233       0.71236821       0.68434611       0.69475351        1.0000000        2.0340285        1.0000000        2.1101264        1.0000000        2.2800943        1.0000000       0.98273525        1.0000000        1.0848086        1.0000000        1.2700440 
       1.0000000        1.0000000        1.0000000        1.0000000      0.036000000        10.270176        10.106740       0.14682805       0.15177716      0.083759952      0.087371965      0.042543585      0.043139872       0.75098987       0.75736358       0.70218574       0.71145438       0.68367931       0.69453015        1.0000000        2.0255744        1.0000000        2.1060428        1.0000000        2.2786804        1.0000000       0.97428114        1.0000000        1.0807249        1.0000000        1.2686301 
       1.0000000        1.0000000        1.0000000        1.0000000      0.037000000        10.149764        9.9906848       0.14552056       0.15045434      0.083336578      0.085798629      0.042343758      0.041242442       0.74759020       0.75316890       0.70038157       0.70794753       0.68314411       0.68933798        1.0000000        2.0133200        1.0000000        2.0930814        1.0000000        2.2488771        1.0000000       0.96202671        1.0000000        1.0677636        1.0000000        1.2388267 
       1.0000000        1.0000000        1.0000000        1.0000000      0.038000000        10.117531        9.9625566       0.14503863       0.14996088      0.083211744      0.085651373      0.042165983      0.041295705       0.74476398       0.75101856       0.69828502       0.70697238       0.68184843       0.68975734        1.0000000        2.0065530        1.0000000        2.0893359        1.0000000        2.2504963        1.0000000       0.95525971        1.0000000        1.0640181        1.0000000        1.2404459 
       1.0000000        1.0000000        1.0000000        1.0000000      0.039000000        10.020592        9.8694921       0.14418905       0.14950751      0.082761705      0.085577753      0.041921917      0.041490963       0.74311845       0.74977780       0.69763393       0.70639173       0.68152091       0.69128684        1.0000000        2.0022777        1.0000000        2.0859830        1.0000000        2.2565237        1.0000000       0.95098445        1.0000000        1.0606652        1.0000000        1.2464734 
       1.0000000        1.0000000        1.0000000        1.0000000      0.040000000        9.9379976        9.7905634       0.14351825       0.14917883      0.082443033      0.085548196      0.041813734      0.041612959       0.74083680       0.74813808       0.69624150       0.70575167       0.68028564       0.69176052        1.0000000        1.9971230        1.0000000        2.0834650        1.0000000        2.2586452        1.0000000       0.94582966        1.0000000        1.0581472        1.0000000        1.2485948 
       1.0000000        1.0000000        1.0000000        1.0000000      0.041000000        9.8578637        9.7139020       0.14329841       0.14897591      0.082475037      0.085570808      0.041825882      0.041645253       0.73971147       0.74700045       0.69596887       0.70523641       0.68030986       0.69166178        1.0000000        1.9936027        1.0000000        2.0809770        1.0000000        2.2589243        1.0000000       0.94230941        1.0000000        1.0556592        1.0000000        1.2488739 
       1.0000000        1.0000000        1.0000000        1.0000000      0.042000000        9.7614283        9.6207618       0.14242496       0.14914273      0.081951320      0.085636659      0.041417476      0.041386663       0.73749748       0.74603596       0.69476207       0.70450883       0.67935208       0.69129333        1.0000000        1.9908700        1.0000000        2.0797640        1.0000000        2.2567774        1.0000000       0.93957671        1.0000000        1.0544462        1.0000000        1.2467271 
       1.0000000        1.0000000        1.0000000        1.0000000      0.043000000        9.7008474        9.5633124       0.14068526       0.14892193      0.080455636      0.085748013      0.040166023      0.041420539       0.73416528       0.74468109       0.69213899       0.70411268       0.67770715       0.69149379        1.0000000        1.9865592        1.0000000        2.0781187        1.0000000        2.2578133        1.0000000       0.93526590        1.0000000        1.0528009        1.0000000        1.2477630 
       1.0000000        1.0000000        1.0000000        1.0000000      0.044000000        9.6894105        9.5548557       0.13979302       0.14856475      0.080213354      0.085565665      0.040115412      0.041276496       0.73004153       0.74283450       0.68959275       0.70348346       0.67593343       0.69026049        1.0000000        1.9812029        1.0000000        2.0760381        1.0000000        2.2536273        1.0000000       0.92990956        1.0000000        1.0507203        1.0000000        1.2435770 
       1.0000000        1.0000000        1.0000000        1.0000000      0.045000000        9.6215661        9.4901281       0.13928853       0.14822411      0.080155346      0.085453779      0.040221685      0.041033206       0.72806400       0.74051226       0.68858228       0.70298476       0.67593150       0.69017706        1.0000000        1.9743461        1.0000000        2.0734216        1.0000000        2.2511163        1.0000000       0.92305279        1.0000000        1.0481038        1.0000000        1.2410659 
       1.0000000        1.0000000        1.0000000        1.0000000      0.046000000        9.5643870        9.4356464       0.13879870       0.14817377      0.079890144      0.085800201      0.039795954      0.041408365       0.72392427       0.73837161       0.68525127       0.70220189       0.67303608       0.69311354        1.0000000        1.9683624        1.0000000        2.0712158        1.0000000        2.2637457        1.0000000       0.91706910        1.0000000        1.0458980        1.0000000        1.2536954 
       1.0000000        1.0000000        1.0000000        1.0000000      0.047000000        9.5351101        9.4089467       0.13804720       0.14758932      0.079570697      0.085512989      0.039721137      0.041146077       0.72079098       0.73616700       0.68292580       0.70081198       0.67170028       0.69224879        1.0000000        1.9617972        1.0000000        2.0660320        1.0000000        2.2580321        1.0000000       0.91050394        1.0000000        1.0407142        1.0000000        1.2479818 
       1.0000000        1.0000000        1.0000000        1.0000000      0.048000000        9.5155714        9.3918731       0.13726016       0.14743239      0.078998342      0.085539179      0.039374543      0.041233628       0.71805797       0.73413627       0.68098902       0.70057922       0.67076100       0.69211215        1.0000000        1.9561964        1.0000000        2.0656584        1.0000000        2.2576680        1.0000000       0.90490311        1.0000000        1.0403406        1.0000000        1.2476176 
       1.0000000        1.0000000        1.0000000        1.0000000      0.049000000        9.4917374        9.3703997       0.13625931       0.14731891      0.078418386      0.085672893      0.038954027      0.041165688       0.71483125       0.73216154       0.67862893       0.70062148       0.66933613       0.69259222        1.0000000        1.9504588        1.0000000        2.0663350        1.0000000        2.2599199        1.0000000       0.89916554        1.0000000        1.0410172        1.0000000        1.2498696 
       1.0000000        1.0000000        1.0000000        1.0000000      0.050000000        9.4466697        9.3275947       0.13615091       0.14566216      0.078441027      0.084486207      0.039190648      0.040663381       0.71357206       0.73014845       0.67757115       0.69952143       0.66917477       0.69213406        1.0000000        1.9431806        1.0000000        2.0604219        1.0000000        2.2528222        1.0000000       0.89188735        1.0000000        1.0351041        1.0000000        1.2427719 
       1.0000000        1.0000000        1.0000000        1.0000000      0.051000000        9.3999652        9.2830612       0.13571795       0.14539965      0.078182693      0.084298564      0.039189319      0.040533466       0.71079510       0.72911305       0.67602520       0.69844158       0.66767581       0.69078004        1.0000000        1.9403309        1.0000000        2.0565980        1.0000000        2.2496093        1.0000000       0.88903763        1.0000000        1.0312802        1.0000000        1.2395589 
       1.0000000        1.0000000        1.0000000        1.0000000      0.052000000        9.3736749        9.2588558       0.13561647       0.14521798      0.078189825      0.084292301      0.039244028      0.040741931       0.70901494       0.72838274       0.67505822       0.69832590       0.66766505       0.69090198        1.0000000        1.9380499        1.0000000        2.0562964        1.0000000        2.2506230        1.0000000       0.88675664        1.0000000        1.0309786        1.0000000        1.2405727 
       1.0000000        1.0000000        1.0000000        1.0000000      0.053000000        9.3363374        9.2235225       0.13495379       0.14519430      0.077991655      0.084518169      0.039290759      0.040908829       0.70724655       0.72678011       0.67386865       0.69834690       0.66775739       0.69228300        1.0000000        1.9336655        1.0000000        2.0568754        1.0000000        2.2568478        1.0000000       0.88237220        1.0000000        1.0315576        1.0000000        1.2467975 
       1.0000000        1.0000000        1.0000000        1.0000000      0.054000000        9.2863037        9.1754169       0.13473210       0.14516026      0.077936513      0.084753905      0.039343225      0.041017957       0.70563562       0.72559659       0.67244976       0.69874862       0.66730892       0.69355111        1.0000000        1.9301578        1.0000000        2.0583895        1.0000000        2.2618881        1.0000000       0.87886451        1.0000000        1.0330717        1.0000000        1.2518378 
       1.0000000        1.0000000        1.0000000        1.0000000      0.055000000        9.2303839        9.1213536       0.13461095       0.14511414      0.077922830      0.084802046      0.039472751      0.041151871       0.70475767       0.72512523       0.67191144       0.69851175       0.66725557       0.69353961        1.0000000        1.9290355        1.0000000        2.0580612        1.0000000        2.2635403        1.0000000       0.87774221        1.0000000        1.0327434        1.0000000        1.2534900 
       1.0000000        1.0000000        1.0000000        1.0000000      0.056000000        9.1752232        9.0681573       0.13439181       0.14512890      0.077885754      0.084823494      0.039457894      0.040978272       0.70353207       0.72403158       0.67130427       0.69856213       0.66703167       0.69247727        1.0000000        1.9260746        1.0000000        2.0580446        1.0000000        2.2580060        1.0000000       0.87478127        1.0000000        1.0327268        1.0000000        1.2479556 
       1.0000000        1.0000000        1.0000000        1.0000000      0.057000000        9.1416197        9.0362727       0.13438422       0.14486957      0.078010437      0.084720113      0.039558633      0.041129489       0.70235037       0.72328469       0.67105569       0.69793343       0.66698097       0.69235980        1.0000000        1.9240380        1.0000000        2.0561775        1.0000000        2.2582711        1.0000000       0.87274475        1.0000000        1.0308597        1.0000000        1.2482208 
       1.0000000        1.0000000        1.0000000        1.0000000      0.058000000        9.0845861        8.9808981       0.13450552       0.14483153      0.078216178      0.084649163      0.039766001      0.041064354       0.70120286       0.72308097       0.67078074       0.69743122       0.66728271       0.69119704        1.0000000        1.9233949        1.0000000        2.0550341        1.0000000        2.2525834        1.0000000       0.87210165        1.0000000        1.0297163        1.0000000        1.2425331 
       1.0000000        1.0000000        1.0000000        1.0000000      0.059000000        9.0286975        8.9266116       0.13423809       0.14443321      0.078167278      0.084324546      0.039749776      0.040866622       0.69970308       0.72201993       0.67024072       0.69712275       0.66737729       0.69000276        1.0000000        1.9205540        1.0000000        2.0537550        1.0000000        2.2462778        1.0000000       0.86926072        1.0000000        1.0284372        1.0000000        1.2362274 
       1.0000000        1.0000000        1.0000000        1.0000000      0.060000000        9.0199616        8.9194240       0.13404728       0.14366204      0.078167222      0.084114494      0.039783644      0.040948655       0.69822203       0.71974661       0.66929312       0.69600730       0.66700359       0.69019130        1.0000000        1.9137096        1.0000000        2.0490476        1.0000000        2.2467828        1.0000000       0.86241631        1.0000000        1.0237297        1.0000000        1.2367325 
       1.0000000        1.0000000        1.0000000        1.0000000      0.061000000        8.9949296        8.8958894       0.13351115       0.14399684      0.077972429      0.084493459      0.039640744      0.041011043       0.69592115       0.71942457       0.66870380       0.69786585       0.66654339       0.69123190        1.0000000        1.9129542        1.0000000        2.0557718        1.0000000        2.2524844        1.0000000       0.86166091        1.0000000        1.0304540        1.0000000        1.2424341 
       1.0000000        1.0000000        1.0000000        1.0000000      0.062000000        8.9456369        8.8480455       0.13337712       0.14393033      0.077976189      0.084589050      0.039667882      0.041148485       0.69536516       0.71889058       0.66866169       0.69808174       0.66709291       0.69160131        1.0000000        1.9112635        1.0000000        2.0563356        1.0000000        2.2549512        1.0000000       0.85997016        1.0000000        1.0310178        1.0000000        1.2449008 
       1.0000000        1.0000000        1.0000000        1.0000000      0.063000000        8.8954663        8.7992776       0.13346347       0.14391270      0.078072348      0.084626503      0.039773426      0.041151310       0.69530781       0.71813663       0.66871741       0.69790461       0.66703890       0.69148095        1.0000000        1.9092411        1.0000000        2.0561321        1.0000000        2.2541459        1.0000000       0.85794781        1.0000000        1.0308143        1.0000000        1.2440956 
       1.0000000        1.0000000        1.0000000        1.0000000      0.064000000        8.8386863        8.7438565       0.13347475       0.14376247      0.078161237      0.084699678      0.039851548      0.041303894       0.69431796       0.71787108       0.66883525       0.69793096       0.66743401       0.69187687        1.0000000        1.9081085        1.0000000        2.0562277        1.0000000        2.2566717        1.0000000       0.85681522        1.0000000        1.0309099        1.0000000        1.2466213 
       1.0000000        1.0000000        1.0000000        1.0000000      0.065000000        8.8361535        8.7426409       0.13324720       0.14366210      0.078338131      0.084634769      0.040190148      0.041139658       0.69311336       0.71738792       0.66894803       0.69846503       0.66928692       0.69186613        1.0000000        1.9066237        1.0000000        2.0577345        1.0000000        2.2552418        1.0000000       0.85533045        1.0000000        1.0324167        1.0000000        1.2451915 
       1.0000000        1.0000000        1.0000000        1.0000000      0.066000000        8.8127086        8.7204734       0.13316772       0.14382056      0.078519716      0.085025170      0.040335823      0.041524208       0.69206045       0.71661065       0.66906476       0.69936050       0.67027462       0.69461130        1.0000000        1.9044557        1.0000000        2.0603055        1.0000000        2.2679946        1.0000000       0.85316242        1.0000000        1.0349876        1.0000000        1.2579443 
       1.0000000        1.0000000        1.0000000        1.0000000      0.067000000        8.7630658        8.6721920       0.13305304       0.14376344      0.078571187      0.085001754      0.040462680      0.041620132       0.69124823       0.71654298       0.66886669       0.69898587       0.66965876       0.69377493        1.0000000        1.9043558        1.0000000        2.0591108        1.0000000        2.2662575        1.0000000       0.85306251        1.0000000        1.0337930        1.0000000        1.2562071 
       1.0000000        1.0000000        1.0000000        1.0000000      0.068000000        8.7192795        8.6296054       0.13301100       0.14349512      0.078533453      0.084855687      0.040384037      0.041589531       0.69068094       0.71581001       0.66860815       0.69883838       0.66966429       0.69401174        1.0000000        1.9020823        1.0000000        2.0581005        1.0000000        2.2663120        1.0000000       0.85078898        1.0000000        1.0327827        1.0000000        1.2562616 
       1.0000000        1.0000000        1.0000000        1.0000000      0.069000000        8.6799833        8.5914745       0.13284766       0.14366265      0.078553044      0.085083243      0.040473993      0.041718665       0.68983230       0.71538873       0.66834390       0.69900019       0.66975957       0.69387556        1.0000000        1.9011622        1.0000000        2.0595570        1.0000000        2.2665932        1.0000000       0.84986894        1.0000000        1.0342392        1.0000000        1.2565428 
       1.0000000        1.0000000        1.0000000        1.0000000      0.070000000        8.6598728        8.5724964       0.13279143       0.14378119      0.078548151      0.085165489      0.040444606      0.041720932       0.68904320       0.71510642       0.66831653       0.69972999       0.67009175       0.69379290        1.0000000        1.9003953        1.0000000        2.0620154        1.0000000        2.2668090        1.0000000       0.84910196        1.0000000        1.0366976        1.0000000        1.2567587 
       1.0000000        1.0000000        1.0000000        1.0000000      0.071000000        8.6240432        8.5377676       0.13281101       0.14369221      0.078726993      0.085326385      0.040628612      0.041876178       0.68848392       0.71477651       0.66867654       0.70023847       0.67023374       0.69464577        1.0000000        1.8992878        1.0000000        2.0636142        1.0000000        2.2710714        1.0000000       0.84799454        1.0000000        1.0382964        1.0000000        1.2610211 
       1.0000000        1.0000000        1.0000000        1.0000000      0.072000000        8.5931059        8.5079011       0.13273774       0.14375232      0.078889350      0.085401915      0.040930394      0.041882143       0.68782124       0.71464566       0.66853468       0.70064512       0.67047405       0.69498584        1.0000000        1.8987103        1.0000000        2.0648106        1.0000000        2.2721276        1.0000000       0.84741702        1.0000000        1.0394928        1.0000000        1.2620773 
       1.0000000        1.0000000        1.0000000        1.0000000      0.073000000        8.5562478        8.4720848       0.13273899       0.14390623      0.078951541      0.085419317      0.040981009      0.041801539       0.68734987       0.71432456       0.66857010       0.70109204       0.67070364       0.69424795        1.0000000        1.8977677        1.0000000        2.0659477        1.0000000        2.2692637        1.0000000       0.84647439        1.0000000        1.0406299        1.0000000        1.2592134 
       1.0000000        1.0000000        1.0000000        1.0000000      0.074000000        8.5161529        8.4330041       0.13256835       0.14407648      0.078856133      0.085629077      0.040898148      0.041926738       0.68636773       0.71401449       0.66815815       0.70126838       0.67032007       0.69492707        1.0000000        1.8969450        1.0000000        2.0665305        1.0000000        2.2733509        1.0000000       0.84565172        1.0000000        1.0412127        1.0000000        1.2633006 
       1.0000000        1.0000000        1.0000000        1.0000000      0.075000000        8.4823353        8.4001740       0.13256305       0.14435751      0.078910393      0.085804369      0.040974697      0.041986363       0.68606059       0.71426941       0.66827491       0.70161418       0.67034092       0.69513552        1.0000000        1.8978232        1.0000000        2.0685015        1.0000000        2.2749146        1.0000000       0.84652995        1.0000000        1.0431837        1.0000000        1.2648643 
       1.0000000        1.0000000        1.0000000        1.0000000      0.076000000        8.4705346        8.3893355       0.13240660       0.14448127      0.078712545      0.085894464      0.040666359      0.042155566       0.68517581       0.71396371       0.66781270       0.70193452       0.66988838       0.69541087        1.0000000        1.8970674        1.0000000        2.0696124        1.0000000        2.2771059        1.0000000       0.84577414        1.0000000        1.0442946        1.0000000        1.2670556 
       1.0000000        1.0000000        1.0000000        1.0000000      0.077000000        8.4468282        8.3665666       0.13225733       0.14453413      0.078853927      0.085983415      0.040940625      0.042118534       0.68397239       0.71361047       0.66758433       0.70224681       0.67058056       0.69590875        1.0000000        1.8958860        1.0000000        2.0703590        1.0000000        2.2782807        1.0000000       0.84459272        1.0000000        1.0450412        1.0000000        1.2682304 
       1.0000000        1.0000000        1.0000000        1.0000000      0.078000000        8.4163412        8.3369937       0.13226094       0.14474385      0.078882913      0.086123760      0.040970052      0.042093946       0.68355190       0.71379355       0.66762664       0.70366815       0.67065554       0.69603530        1.0000000        1.8964456        1.0000000        2.0749848        1.0000000        2.2787406        1.0000000       0.84515229        1.0000000        1.0496670        1.0000000        1.2686902 
       1.0000000        1.0000000        1.0000000        1.0000000      0.079000000        8.4034156        8.3250475       0.13209730       0.14427238      0.078815957      0.086031705      0.040950900      0.042172516       0.68289209       0.71234537       0.66723425       0.70303113       0.67067780       0.69639219        1.0000000        1.8920781        1.0000000        2.0718300        1.0000000        2.2800139        1.0000000       0.84078485        1.0000000        1.0465122        1.0000000        1.2699636 
       1.0000000        1.0000000        1.0000000        1.0000000      0.080000000        8.3531414        8.2756409       0.13202668       0.14426120      0.078821406      0.086073601      0.040950508      0.042263910       0.68203504       0.71201352       0.66721024       0.70366617       0.67088361       0.69713553        1.0000000        1.8911464        1.0000000        2.0735962        1.0000000        2.2827532        1.0000000       0.83985313        1.0000000        1.0482784        1.0000000        1.2727029 
       1.0000000        1.0000000        1.0000000        1.0000000      0.081000000        8.3251201        8.2484662       0.13190506       0.14416369      0.078759555      0.085984777      0.040871971      0.042145816       0.68122168       0.71187330       0.66672171       0.70331424       0.67099839       0.69698390        1.0000000        1.8908116        1.0000000        2.0725726        1.0000000        2.2808868        1.0000000       0.83951835        1.0000000        1.0472547        1.0000000        1.2708365 
       1.0000000        1.0000000        1.0000000        1.0000000      0.082000000        8.3183534        8.2425261       0.13177254       0.14402657      0.078699522      0.086036691      0.040776139      0.042201520       0.68062048       0.71074120       0.66690692       0.70312209       0.67145217       0.69738002        1.0000000        1.8874539        1.0000000        2.0715487        1.0000000        2.2823779        1.0000000       0.83616060        1.0000000        1.0462309        1.0000000        1.2723276 
       1.0000000        1.0000000        1.0000000        1.0000000      0.083000000        8.2883697        8.2133497       0.13175322       0.14378253      0.078693014      0.085876979      0.040660114      0.042092970       0.68016491       0.71002562       0.66713370       0.70266077       0.67178879       0.69767210        1.0000000        1.8854182        1.0000000        2.0697745        1.0000000        2.2825971        1.0000000       0.83412486        1.0000000        1.0444567        1.0000000        1.2725467 
       1.0000000        1.0000000        1.0000000        1.0000000      0.084000000        8.2560011        8.1817696       0.13163203       0.14384183      0.078586886      0.085854250      0.040602569      0.041986091       0.67935479       0.71028786       0.66646321       0.70320371       0.67070467       0.69730340        1.0000000        1.8861291        1.0000000        2.0716976        1.0000000        2.2805252        1.0000000       0.83483578        1.0000000        1.0463798        1.0000000        1.2704748 
       1.0000000        1.0000000        1.0000000        1.0000000      0.085000000        8.2503074        8.1768464       0.13156368       0.14381603      0.078546368      0.085885101      0.040464066      0.042047373       0.67880489       0.70957759       0.66653966       0.70357941       0.67031488       0.69694753        1.0000000        1.8842822        1.0000000        2.0727374        1.0000000        2.2777135        1.0000000       0.83298887        1.0000000        1.0474196        1.0000000        1.2676632 
       1.0000000        1.0000000        1.0000000        1.0000000      0.086000000        8.2365287        8.1638209       0.13152025       0.14376759      0.078550233      0.085883543      0.040445563      0.042028400       0.67810237       0.70874168       0.66606082       0.70357140       0.67032083       0.69699951        1.0000000        1.8818945        1.0000000        2.0724338        1.0000000        2.2779905        1.0000000       0.83060117        1.0000000        1.0471160        1.0000000        1.2679401 
       1.0000000        1.0000000        1.0000000        1.0000000      0.087000000        8.2272710        8.1552996       0.13150145       0.14393468      0.078595932      0.086047766      0.040375619      0.042155739       0.67772017       0.70945914       0.66629259       0.70412526       0.67089281       0.69820869        1.0000000        1.8838801        1.0000000        2.0747129        1.0000000        2.2830861        1.0000000       0.83258682        1.0000000        1.0493951        1.0000000        1.2730358 
       1.0000000        1.0000000        1.0000000        1.0000000      0.088000000        8.2080593        8.1368081       0.13142592       0.14397567      0.078652606      0.086041053      0.040537530      0.042055721       0.67706147       0.70943226       0.66606411       0.70431946       0.67142751       0.69796571        1.0000000        1.8836497        1.0000000        2.0752607        1.0000000        2.2813198        1.0000000       0.83235645        1.0000000        1.0499429        1.0000000        1.2712695 
       1.0000000        1.0000000        1.0000000        1.0000000      0.089000000        8.1962529        8.1257062       0.13136942       0.14412006      0.078760220      0.086242063      0.040716484      0.042164408       0.67642409       0.70973253       0.66611674       0.70521046       0.67196493       0.69902870        1.0000000        1.8844034        1.0000000        2.0780503        1.0000000        2.2864647        1.0000000       0.83311007        1.0000000        1.0527325        1.0000000        1.2764144 
       1.0000000        1.0000000        1.0000000        1.0000000      0.090000000        8.1694644        8.0996752       0.13128892       0.14461707      0.078800584      0.086627817      0.040883853      0.042408212       0.67611117       0.71062347       0.66559236       0.70645675       0.67205590       0.69954232        1.0000000        1.8871803        1.0000000        2.0828942        1.0000000        2.2911536        1.0000000       0.83588701        1.0000000        1.0575764        1.0000000        1.2811033 
       1.0000000        1.0000000        1.0000000        1.0000000      0.091000000        8.1441257        8.0750098       0.13116418       0.14465036      0.078714031      0.086641542      0.040764397      0.042340378       0.67542112       0.71058658       0.66567943       0.70628712       0.67145409       0.69957004        1.0000000        1.8871463        1.0000000        2.0826410        1.0000000        2.2911308        1.0000000       0.83585298        1.0000000        1.0573232        1.0000000        1.2810805 
       1.0000000        1.0000000        1.0000000        1.0000000      0.092000000        8.1264768        8.0580201       0.13119844       0.14488181      0.078809575      0.086822854      0.040932705      0.042382210       0.67509909       0.70998128       0.66568339       0.70690975       0.67179457       0.69949601        1.0000000        1.8857838        1.0000000        2.0847068        1.0000000        2.2911710        1.0000000       0.83449053        1.0000000        1.0593890        1.0000000        1.2811207 
       1.0000000        1.0000000        1.0000000        1.0000000      0.093000000        8.1196731        8.0518620       0.13127202       0.14505684      0.078894368      0.087020713      0.040991822      0.042520015       0.67508047       0.71021181       0.66588900       0.70776004       0.67212966       0.70090080        1.0000000        1.8864556        1.0000000        2.0872015        1.0000000        2.2953403        1.0000000       0.83516233        1.0000000        1.0618837        1.0000000        1.2852900 
       1.0000000        1.0000000        1.0000000        1.0000000      0.094000000        8.0924224        8.0252437       0.13115271       0.14522675      0.078803852      0.087184879      0.040866125      0.042638767       0.67447835       0.71012226       0.66596967       0.70803085       0.67244323       0.70166834        1.0000000        1.8862887        1.0000000        2.0880887        1.0000000        2.2984847        1.0000000       0.83499537        1.0000000        1.0627709        1.0000000        1.2884344 
       1.0000000        1.0000000        1.0000000        1.0000000      0.095000000        8.0728018        8.0062426       0.13098375       0.14488603      0.078603562      0.086904507      0.040737840      0.042605891       0.67406388       0.70963138       0.66532157       0.70690601       0.67180689       0.70126978        1.0000000        1.8847918        1.0000000        2.0837769        1.0000000        2.2956296        1.0000000       0.83349850        1.0000000        1.0584591        1.0000000        1.2855793 
       1.0000000        1.0000000        1.0000000        1.0000000      0.096000000        8.0455562        7.9796041       0.13096894       0.14495753      0.078626938      0.087040081      0.040697411      0.042776088       0.67350788       0.70951402       0.66540877       0.70730414       0.67210428       0.70210085        1.0000000        1.8844230        1.0000000        2.0850415        1.0000000        2.2995257        1.0000000       0.83312969        1.0000000        1.0597237        1.0000000        1.2894754 
       1.0000000        1.0000000        1.0000000        1.0000000      0.097000000        8.0410206        7.9756636       0.13091066       0.14507197      0.078576489      0.087103080      0.040667518      0.042842981       0.67295195       0.70965224       0.66517869       0.70688111       0.67155226       0.70234387        1.0000000        1.8848747        1.0000000        2.0842458        1.0000000        2.3007758        1.0000000       0.83358140        1.0000000        1.0589280        1.0000000        1.2907254 
       1.0000000        1.0000000        1.0000000        1.0000000      0.098000000        8.0286572        7.9638836       0.13112935       0.14520557      0.078757570      0.087054998      0.040695467      0.042846537       0.67305379       0.71037238       0.66626380       0.70677588       0.67221284       0.70218488        1.0000000        1.8870356        1.0000000        2.0837340        1.0000000        2.2997819        1.0000000       0.83574228        1.0000000        1.0584162        1.0000000        1.2897316 
       1.0000000        1.0000000        1.0000000        1.0000000      0.099000000        8.0193790        7.9551776       0.13100193       0.14556340      0.078709749      0.087258551      0.040705145      0.043008999       0.67279271       0.71148599       0.66620578       0.70817993       0.67257518       0.70394678        1.0000000        1.8903215        1.0000000        2.0881076        1.0000000        2.3061522        1.0000000       0.83902824        1.0000000        1.0627898        1.0000000        1.2961018 
       1.0000000        1.0000000        1.0000000        1.0000000       0.10000000        7.9953392        7.9316990       0.13098584       0.14559929      0.078784367      0.087270116      0.040798496      0.042990036       0.67213706       0.71158376       0.66633769       0.70837864       0.67268927       0.70404889        1.0000000        1.8905797        1.0000000        2.0886719        1.0000000        2.3060673        1.0000000       0.83928644        1.0000000        1.0633541        1.0000000        1.2960170 
       1.0000000        1.0000000        1.0000000        1.0000000       0.10100000        7.9701888        7.9071536       0.13073314       0.14533014      0.078671328      0.087023039      0.040746057      0.042804289       0.67117409       0.71119059       0.66601081       0.70747265       0.67225537       0.70268071        1.0000000        1.8892973        1.0000000        2.0853464        1.0000000        2.2995294        1.0000000       0.83800401        1.0000000        1.0600286        1.0000000        1.2894790 
       1.0000000        1.0000000        1.0000000        1.0000000       0.10200000        7.9443424        7.8818463       0.13061243       0.14571672      0.078671338      0.087394038      0.040794611      0.043005284       0.67074051       0.71175026       0.66606836       0.70884770       0.67288301       0.70411793        1.0000000        1.8908744        1.0000000        2.0901268        1.0000000        2.3064034        1.0000000       0.83958106        1.0000000        1.0648090        1.0000000        1.2963531 
       1.0000000        1.0000000        1.0000000        1.0000000       0.10300000        7.9198227        7.8578557       0.13063940       0.14602353      0.078604423      0.087570428      0.040621540      0.043016611       0.67069017       0.71204314       0.66642729       0.70899680       0.67287818       0.70375797        1.0000000        1.8919629        1.0000000        2.0915292        1.0000000        2.3063309        1.0000000       0.84066961        1.0000000        1.0662114        1.0000000        1.2962806 
       1.0000000        1.0000000        1.0000000        1.0000000       0.10400000        7.8996042        7.8381567       0.13043663       0.14607686      0.078546507      0.087691801      0.040647596      0.043202771       0.66984649       0.71190695       0.66619195       0.70954231       0.67305250       0.70490974        1.0000000        1.8914203        1.0000000        2.0932495        1.0000000        2.3120255        1.0000000       0.84012700        1.0000000        1.0679317        1.0000000        1.3019752 
       1.0000000        1.0000000        1.0000000        1.0000000       0.10500000        7.8890594        7.8281218       0.13048849       0.14621022      0.078691014      0.087967568      0.040879505      0.043458140       0.66977339       0.71211114       0.66647785       0.71044824       0.67377693       0.70541781        1.0000000        1.8918671        1.0000000        2.0961622        1.0000000        2.3160730        1.0000000       0.84057381        1.0000000        1.0708443        1.0000000        1.3060227 
       1.0000000        1.0000000        1.0000000        1.0000000       0.10600000        7.8667748        7.8063380       0.13055041       0.14639480      0.078711136      0.088182530      0.040881159      0.043500963       0.66968261       0.71191980       0.66649767       0.71075620       0.67388001       0.70593809        1.0000000        1.8914134        1.0000000        2.0974127        1.0000000        2.3185639        1.0000000       0.84012013        1.0000000        1.0720949        1.0000000        1.3085136 
       1.0000000        1.0000000        1.0000000        1.0000000       0.10700000        7.8501062        7.7901613       0.13080300       0.14592429      0.078909715      0.087814861      0.040975944      0.043244798       0.67012044       0.71078156       0.66754575       0.70851004       0.67436003       0.70388012        1.0000000        1.8880519        1.0000000        2.0901290        1.0000000        2.3083414        1.0000000       0.83675862        1.0000000        1.0648112        1.0000000        1.2982911 
       1.0000000        1.0000000        1.0000000        1.0000000       0.10800000        7.8315337        7.7720720       0.13079085       0.14614436      0.078892199      0.088002490      0.040996816      0.043383530       0.66998744       0.71109744       0.66735398       0.70894930       0.67450628       0.70466591        1.0000000        1.8890126        1.0000000        2.0914479        1.0000000        2.3113322        1.0000000       0.83771933        1.0000000        1.0661300        1.0000000        1.3012819 
       1.0000000        1.0000000        1.0000000        1.0000000       0.10900000        7.8015239        7.7425369       0.13064743       0.14635191      0.078787351      0.088217224      0.040938525      0.043565369       0.66964625       0.71155840       0.66656756       0.70934313       0.67408114       0.70539845        1.0000000        1.8903581        1.0000000        2.0929782        1.0000000        2.3153845        1.0000000       0.83906477        1.0000000        1.0676604        1.0000000        1.3053342 
       1.0000000        1.0000000        1.0000000        1.0000000       0.11000000        7.7781579        7.7196373       0.13066559       0.14629525      0.078809817      0.088358494      0.040984824      0.043762770       0.66949217       0.71134579       0.66611244       0.70922560       0.67358191       0.70598919        1.0000000        1.8896459        1.0000000        2.0921203        1.0000000        2.3190661        1.0000000       0.83835257        1.0000000        1.0668025        1.0000000        1.3090158 
       1.0000000        1.0000000        1.0000000        1.0000000       0.11100000        7.7634831        7.7054210       0.13063876       0.14618764      0.078799240      0.088298374      0.041006841      0.043669859       0.66926261       0.71081669       0.66583205       0.70910652       0.67375724       0.70610365        1.0000000        1.8881206        1.0000000        2.0916438        1.0000000        2.3191373        1.0000000       0.83682727        1.0000000        1.0663260        1.0000000        1.3090870 
       1.0000000        1.0000000        1.0000000        1.0000000       0.11200000        7.7447940        7.6871826       0.13071702       0.14632620      0.078833265      0.088394613      0.041008084      0.043637422       0.66940916       0.71085576       0.66622833       0.70925454       0.67446347       0.70598510        1.0000000        1.8883770        1.0000000        2.0928304        1.0000000        2.3188069        1.0000000       0.83708372        1.0000000        1.0675126        1.0000000        1.3087566 
       1.0000000        1.0000000        1.0000000        1.0000000       0.11300000        7.7233820        7.6662576       0.13061191       0.14575290      0.078748378      0.087977802      0.040830730      0.043548779       0.66873189       0.70986881       0.66556706       0.70880036       0.67380370       0.70611209        1.0000000        1.8850864        1.0000000        2.0898331        1.0000000        2.3185685        1.0000000       0.83379312        1.0000000        1.0645153        1.0000000        1.3085182 
       1.0000000        1.0000000        1.0000000        1.0000000       0.11400000        7.6989378        7.6422484       0.13056955       0.14595865      0.078767970      0.088227420      0.040883601      0.043740840       0.66865516       0.71012355       0.66509572       0.70941709       0.67385204       0.70695036        1.0000000        1.8858051        1.0000000        2.0918494        1.0000000        2.3231528        1.0000000       0.83451183        1.0000000        1.0665316        1.0000000        1.3131025 
       1.0000000        1.0000000        1.0000000        1.0000000       0.11500000        7.6840203        7.6277588       0.13067367       0.14565136      0.078864098      0.087720562      0.040923845      0.043330909       0.66898060       0.71070768       0.66552570       0.70744983       0.67395239       0.70238978        1.0000000        1.8874637        1.0000000        2.0860717        1.0000000        2.3073555        1.0000000       0.83617041        1.0000000        1.0607539        1.0000000        1.2973052 
       1.0000000        1.0000000        1.0000000        1.0000000       0.11600000        7.6595473        7.6037065       0.13070336       0.14512590      0.078861625      0.087224841      0.040938928      0.042953571       0.66903427       0.70928373       0.66564781       0.70478725       0.67428059       0.69939355        1.0000000        1.8835275        1.0000000        2.0780046        1.0000000        2.2956240        1.0000000       0.83223424        1.0000000        1.0526868        1.0000000        1.2855737 
       1.0000000        1.0000000        1.0000000        1.0000000       0.11700000        7.6401923        7.5847656       0.13069833       0.14529448      0.078861535      0.087352618      0.040922746      0.043072567       0.66889934       0.70980283       0.66564651       0.70543785       0.67393591       0.70010735        1.0000000        1.8851190        1.0000000        2.0801555        1.0000000        2.2992259        1.0000000       0.83382567        1.0000000        1.0548377        1.0000000        1.2891755 
       1.0000000        1.0000000        1.0000000        1.0000000       0.11800000        7.6263852        7.5713657       0.13064120       0.14536067      0.078822723      0.087355550      0.040930299      0.043091629       0.66874902       0.71012966       0.66549859       0.70556775       0.67398591       0.69998014        1.0000000        1.8861472        1.0000000        2.0808643        1.0000000        2.2992522        1.0000000       0.83485387        1.0000000        1.0555465        1.0000000        1.2892019 
       1.0000000        1.0000000        1.0000000        1.0000000       0.11900000        7.6080358        7.5534172       0.13061962       0.14540209      0.078781097      0.087425603      0.040838618      0.043071294       0.66864716       0.70989373       0.66588910       0.70569305       0.67360407       0.69995260        1.0000000        1.8854570        1.0000000        2.0816250        1.0000000        2.2989684        1.0000000       0.83416371        1.0000000        1.0563072        1.0000000        1.2889181 
       1.0000000        1.0000000        1.0000000        1.0000000       0.12000000        7.5950939        7.5408698       0.13061338       0.14528756      0.078785601      0.087342019      0.040823379      0.043161364       0.66863038       0.70993315       0.66580933       0.70584124       0.67349804       0.70009169        1.0000000        1.8853764        1.0000000        2.0816197        1.0000000        2.2997586        1.0000000       0.83408306        1.0000000        1.0563019        1.0000000        1.2897083 
       1.0000000        1.0000000        1.0000000        1.0000000       0.12100000        7.5804598        7.5266240       0.13061249       0.14525594      0.078791921      0.087299719      0.040827981      0.043226997       0.66862299       0.71057370       0.66601443       0.70608802       0.67318302       0.70045612        1.0000000        1.8871033        1.0000000        2.0820110        1.0000000        2.3011377        1.0000000       0.83581000        1.0000000        1.0566932        1.0000000        1.2910874 
       1.0000000        1.0000000        1.0000000        1.0000000       0.12200000        7.5595726        7.5061191       0.13060745       0.14528593      0.078753694      0.087315364      0.040832446      0.043191586       0.66865774       0.71126019       0.66587852       0.70669273       0.67351215       0.70161693        1.0000000        1.8889896        1.0000000        2.0837925        1.0000000        2.3031769        1.0000000       0.83769632        1.0000000        1.0584747        1.0000000        1.2931266 
       1.0000000        1.0000000        1.0000000        1.0000000       0.12300000        7.5393677        7.4862906       0.13058730       0.14491345      0.078724522      0.086945337      0.040830399      0.043024384       0.66875566       0.71071590       0.66602294       0.70611236       0.67367166       0.70105895        1.0000000        1.8875079        1.0000000        2.0815937        1.0000000        2.2985209        1.0000000       0.83621461        1.0000000        1.0562759        1.0000000        1.2884706 
       1.0000000        1.0000000        1.0000000        1.0000000       0.12400000        7.5153450        7.4626753       0.13053032       0.14496224      0.078703192      0.086987218      0.040877093      0.043135572       0.66872320       0.71118789       0.66562630       0.70620387       0.67344497       0.70261807        1.0000000        1.8887038        1.0000000        2.0812710        1.0000000        2.3039489        1.0000000       0.83741047        1.0000000        1.0559532        1.0000000        1.2938985 
       1.0000000        1.0000000        1.0000000        1.0000000       0.12500000        7.4843762        7.4320710       0.13056475       0.14498670      0.078688706      0.087064619      0.040844691      0.043245174       0.66889586       0.71114882       0.66551854       0.70655333       0.67294927       0.70325690        1.0000000        1.8885617        1.0000000        2.0823876        1.0000000        2.3070584        1.0000000       0.83726839        1.0000000        1.0570698        1.0000000        1.2970081 
       1.0000000        1.0000000        1.0000000        1.0000000       0.12600000        7.4664810        7.4145347       0.13041921       0.14462722      0.078615063      0.086705767      0.040867260      0.042986827       0.66866443       0.71012423       0.66494945       0.70491403       0.67271694       0.70110174        1.0000000        1.8855974        1.0000000        2.0769502        1.0000000        2.2987344        1.0000000       0.83430415        1.0000000        1.0516324        1.0000000        1.2886841 
       1.0000000        1.0000000        1.0000000        1.0000000       0.12700000        7.4508671        7.3992745       0.13042169       0.14458811      0.078588407      0.086638975      0.040885183      0.042907715       0.66882554       0.70964133       0.66493068       0.70435956       0.67285462       0.70066070        1.0000000        1.8843098        1.0000000        2.0754016        1.0000000        2.2970677        1.0000000       0.83301653        1.0000000        1.0500838        1.0000000        1.2870173 
       1.0000000        1.0000000        1.0000000        1.0000000       0.12800000        7.4347716        7.3835274       0.13049106       0.14425382      0.078654216      0.086358989      0.040921544      0.042833031       0.66897637       0.70888881       0.66509104       0.70321391       0.67301182       0.70005439        1.0000000        1.8821780        1.0000000        2.0712864        1.0000000        2.2929355        1.0000000       0.83088471        1.0000000        1.0459686        1.0000000        1.2828852 
       1.0000000        1.0000000        1.0000000        1.0000000       0.12900000        7.4121693        7.3612685       0.13057213       0.14408661      0.078700325      0.086245244      0.040925823      0.042782552       0.66916986       0.70863394       0.66532389       0.70300259       0.67326215       0.69994666        1.0000000        1.8813701        1.0000000        2.0703368        1.0000000        2.2919739        1.0000000       0.83007681        1.0000000        1.0450190        1.0000000        1.2819235 
       1.0000000        1.0000000        1.0000000        1.0000000       0.13000000        7.3959329        7.3453705       0.13063330       0.14419533      0.078762727      0.086323995      0.040994473      0.042848480       0.66914754       0.70884105       0.66590162       0.70303600       0.67426353       0.69985364        1.0000000        1.8820642        1.0000000        2.0708076        1.0000000        2.2926761        1.0000000       0.83077087        1.0000000        1.0454898        1.0000000        1.2826258 
       1.0000000        1.0000000        1.0000000        1.0000000       0.13100000        7.3855179        7.3352890       0.13066825       0.14426425      0.078790346      0.086300942      0.041031852      0.042798653       0.66963196       0.70909198       0.66610388       0.70301006       0.67449849       0.70001754        1.0000000        1.8829049        1.0000000        2.0706700        1.0000000        2.2918945        1.0000000       0.83161157        1.0000000        1.0453522        1.0000000        1.2818441 
       1.0000000        1.0000000        1.0000000        1.0000000       0.13200000        7.3769284        7.3270282       0.13056534       0.14440892      0.078717759      0.086409887      0.040959691      0.042822984       0.66915841       0.70913869       0.66548396       0.70325981       0.67394477       0.70015526        1.0000000        1.8831547        1.0000000        2.0717937        1.0000000        2.2925407        1.0000000       0.83186144        1.0000000        1.0464759        1.0000000        1.2824903 
       1.0000000        1.0000000        1.0000000        1.0000000       0.13300000        7.3597092        7.3101331       0.13054048       0.14487221      0.078707899      0.086813498      0.040964596      0.042995599       0.66903165       0.71017762       0.66567281       0.70435591       0.67435528       0.70104748        1.0000000        1.8860747        1.0000000        2.0757444        1.0000000        2.2981836        1.0000000       0.83478136        1.0000000        1.0504266        1.0000000        1.2881332 
       1.0000000        1.0000000        1.0000000        1.0000000       0.13400000        7.3320493        7.2827926       0.13054541       0.14505384      0.078777078      0.086997212      0.041040675      0.043154407       0.66874951       0.71070188       0.66567206       0.70545805       0.67446210       0.70207126        1.0000000        1.8875216        1.0000000        2.0792572        1.0000000        2.3031068        1.0000000       0.83622832        1.0000000        1.0539394        1.0000000        1.2930565 
       1.0000000        1.0000000        1.0000000        1.0000000       0.13500000        7.3119005        7.2629902       0.13032225       0.14455157      0.078586186      0.086718801      0.040847594      0.043129469       0.66845781       0.70933748       0.66582804       0.70375561       0.67402272       0.70160151        1.0000000        1.8833980        1.0000000        2.0732032        1.0000000        2.3014892        1.0000000       0.83210474        1.0000000        1.0478854        1.0000000        1.2914388 
       1.0000000        1.0000000        1.0000000        1.0000000       0.13600000        7.2938494        7.2452493       0.13041305       0.14465073      0.078646410      0.086755287      0.040909630      0.043120048       0.66876856       0.70934616       0.66576974       0.70363398       0.67398059       0.70123393        1.0000000        1.8835315        1.0000000        2.0730922        1.0000000        2.3001005        1.0000000       0.83223821        1.0000000        1.0477744        1.0000000        1.2900502 
       1.0000000        1.0000000        1.0000000        1.0000000       0.13700000        7.2871981        7.2389040       0.13050301       0.14486877      0.078685294      0.086911486      0.040888868      0.043182506       0.66877991       0.70991698       0.66552166       0.70423320       0.67334599       0.70167788        1.0000000        1.8852397        1.0000000        2.0750360        1.0000000        2.3014114        1.0000000       0.83394641        1.0000000        1.0497182        1.0000000        1.2913611 
       1.0000000        1.0000000        1.0000000        1.0000000       0.13800000        7.2723286        7.2243363       0.13055416       0.14482201      0.078663673      0.086919917      0.040877192      0.043194788       0.66900843       0.70971723       0.66534419       0.70419321       0.67321599       0.70187519        1.0000000        1.8846412        1.0000000        2.0747076        1.0000000        2.3020424        1.0000000       0.83334792        1.0000000        1.0493898        1.0000000        1.2919921 
       1.0000000        1.0000000        1.0000000        1.0000000       0.13900000        7.2509001        7.2032055       0.13063274       0.14485136      0.078688952      0.087019915      0.040811495      0.043273694       0.66941009       0.70974964       0.66573293       0.70458016       0.67293328       0.70186085        1.0000000        1.8846904        1.0000000        2.0762592        1.0000000        2.3030748        1.0000000       0.83339713        1.0000000        1.0509414        1.0000000        1.2930245 
       1.0000000        1.0000000        1.0000000        1.0000000       0.14000000        7.2392423        7.1918415       0.13066310       0.14484663      0.078719194      0.087013070      0.040838255      0.043231819       0.66962728       0.70976839       0.66560763       0.70460796       0.67291147       0.70171737        1.0000000        1.8847466        1.0000000        2.0763436        1.0000000        2.3022623        1.0000000       0.83345333        1.0000000        1.0510258        1.0000000        1.2922119 
       1.0000000        1.0000000        1.0000000        1.0000000       0.14100000        7.2286319        7.1815208       0.13068520       0.14467094      0.078756133      0.086946004      0.040868468      0.043232645       0.66959798       0.70897430       0.66582141       0.70369447       0.67287390       0.70161429        1.0000000        1.8824499        1.0000000        2.0734503        1.0000000        2.3021696        1.0000000       0.83115660        1.0000000        1.0481325        1.0000000        1.2921193 
       1.0000000        1.0000000        1.0000000        1.0000000       0.14200000        7.2316247        7.1847996       0.13075323       0.14434102      0.078813697      0.086532410      0.040891915      0.042839993       0.66960425       0.70869355       0.66587966       0.70374331       0.67325193       0.70178145        1.0000000        1.8816386        1.0000000        2.0721904        1.0000000        2.2979547        1.0000000       0.83034535        1.0000000        1.0468726        1.0000000        1.2879044 
       1.0000000        1.0000000        1.0000000        1.0000000       0.14300000        7.2202427        7.1736998       0.13071732       0.14384051      0.078779128      0.085990704      0.040876697      0.042320544       0.66939308       0.70723297       0.66561436       0.69969178       0.67318998       0.69545932        1.0000000        1.8774041        1.0000000        2.0601729        1.0000000        2.2775027        1.0000000       0.82611085        1.0000000        1.0348551        1.0000000        1.2674524 
       1.0000000        1.0000000        1.0000000        1.0000000       0.14400000        7.2060174        7.1597530       0.13078995       0.14383235      0.078851461      0.086016997      0.040902848      0.042313453       0.66952839       0.70685290       0.66608345       0.69970596       0.67311450       0.69536457        1.0000000        1.8762976        1.0000000        2.0602698        1.0000000        2.2772233        1.0000000       0.82500435        1.0000000        1.0349520        1.0000000        1.2671729 
       1.0000000        1.0000000        1.0000000        1.0000000       0.14500000        7.1889959        7.1430064       0.13088720       0.14396076      0.078959696      0.086299093      0.040993171      0.042741749       0.66981084       0.70699387       0.66654124       0.70020123       0.67348426       0.69608753        1.0000000        1.8767445        1.0000000        2.0623354        1.0000000        2.2831349        1.0000000       0.82545122        1.0000000        1.0370176        1.0000000        1.2730846 
       1.0000000        1.0000000        1.0000000        1.0000000       0.14600000        7.1677083        7.1219902       0.13081437       0.14412527      0.078903034      0.086396216      0.040988582      0.042786634       0.66980066       0.70744642       0.66630850       0.70219408       0.67329176       0.69696773        1.0000000        1.8780279        1.0000000        2.0683628        1.0000000        2.2857813        1.0000000       0.82673456        1.0000000        1.0430450        1.0000000        1.2757310 
       1.0000000        1.0000000        1.0000000        1.0000000       0.14700000        7.1397212        7.0942976       0.13086415       0.14394288      0.078916158      0.086296625      0.040972439      0.042699472       0.66994992       0.70692933       0.66637540       0.70193329       0.67318233       0.69698571        1.0000000        1.8764995        1.0000000        2.0673167        1.0000000        2.2850674        1.0000000       0.82520619        1.0000000        1.0419989        1.0000000        1.2750170 
       1.0000000        1.0000000        1.0000000        1.0000000       0.14800000        7.1238216        7.0786621       0.13082708       0.14397980      0.078847232      0.086340914      0.040911576      0.042725940       0.66993368       0.70678797       0.66607093       0.70225254       0.67292897       0.69721039        1.0000000        1.8760517        1.0000000        2.0682094        1.0000000        2.2860458        1.0000000       0.82475842        1.0000000        1.0428916        1.0000000        1.2759954 
       1.0000000        1.0000000        1.0000000        1.0000000       0.14900000        7.1004009        7.0555023       0.13071387       0.14412523      0.078768155      0.086454610      0.040946552      0.042824750       0.66935498       0.70710522       0.66555227       0.70260936       0.67278215       0.69742039        1.0000000        1.8770967        1.0000000        2.0697893        1.0000000        2.2874913        1.0000000       0.82580344        1.0000000        1.0444715        1.0000000        1.2774410 
       1.0000000        1.0000000        1.0000000        1.0000000       0.15000000        7.0886468        7.0440058       0.13071231       0.14403052      0.078797348      0.086366331      0.040910135      0.042803598       0.66919899       0.70726760       0.66583311       0.70261840       0.67287564       0.69771901        1.0000000        1.8774680        1.0000000        2.0696584        1.0000000        2.2885674        1.0000000       0.82617468        1.0000000        1.0443406        1.0000000        1.2785171 
       1.0000000        1.0000000        1.0000000        1.0000000       0.15100000        7.0827304        7.0383437       0.13071699       0.14386874      0.078832481      0.086268487      0.040937357      0.042734827       0.66924812       0.70665611       0.66607729       0.70210093       0.67333428       0.69739957        1.0000000        1.8757231        1.0000000        2.0677779        1.0000000        2.2868097        1.0000000       0.82442978        1.0000000        1.0424600        1.0000000        1.2767594 
       1.0000000        1.0000000        1.0000000        1.0000000       0.15200000        7.0654354        7.0213000       0.13062694       0.14369960      0.078793844      0.086119876      0.040956991      0.042614218       0.66915359       0.70614983       0.66566126       0.70147647       0.67367206       0.69704063        1.0000000        1.8745628        1.0000000        2.0658509        1.0000000        2.2840417        1.0000000       0.82326951        1.0000000        1.0405331        1.0000000        1.2739914 
       1.0000000        1.0000000        1.0000000        1.0000000       0.15300000        7.0548405        7.0109532       0.13067484       0.14368031      0.078780410      0.086119136      0.040951645      0.042596502       0.66943493       0.70578384       0.66562354       0.70172765       0.67374065       0.69699821        1.0000000        1.8735091        1.0000000        2.0667233        1.0000000        2.2833161        1.0000000       0.82221579        1.0000000        1.0414054        1.0000000        1.2732658 
       1.0000000        1.0000000        1.0000000        1.0000000       0.15400000        7.0388597        6.9952176       0.13062337       0.14374158      0.078722771      0.086177892      0.040946329      0.042591157       0.66928677       0.70537511       0.66514543       0.70162974       0.67341097       0.69694973        1.0000000        1.8725175        1.0000000        2.0667880        1.0000000        2.2830073        1.0000000       0.82122421        1.0000000        1.0414702        1.0000000        1.2729570 
       1.0000000        1.0000000        1.0000000        1.0000000       0.15500000        7.0276114        6.9842115       0.13055152       0.14343287      0.078701825      0.085876549      0.040931597      0.042417913       0.66890471       0.70366267       0.66498067       0.70012657       0.67339257       0.69540898        1.0000000        1.8676293        1.0000000        2.0621866        1.0000000        2.2756475        1.0000000       0.81633603        1.0000000        1.0368688        1.0000000        1.2655972 
       1.0000000        1.0000000        1.0000000        1.0000000       0.15600000        7.0215789        6.9784182       0.13052693       0.14352259      0.078636228      0.085937638      0.040854497      0.042456543       0.66873379       0.70370015       0.66485990       0.70007178       0.67346428       0.69454049        1.0000000        1.8676933        1.0000000        2.0625696        1.0000000        2.2744462        1.0000000       0.81639996        1.0000000        1.0372518        1.0000000        1.2643959 
       1.0000000        1.0000000        1.0000000        1.0000000       0.15700000        7.0037827        6.9608584       0.13054334       0.14349203      0.078644891      0.085824353      0.040858231      0.042296736       0.66883352       0.70352755       0.66513858       0.69961557       0.67360401       0.69376492        1.0000000        1.8673081        1.0000000        2.0611104        1.0000000        2.2702038        1.0000000       0.81601477        1.0000000        1.0357926        1.0000000        1.2601534 
       1.0000000        1.0000000        1.0000000        1.0000000       0.15800000        6.9912877        6.9486203       0.13044669       0.14382312      0.078519280      0.086055986      0.040753782      0.042509601       0.66841298       0.70458882       0.66513648       0.70047137       0.67339405       0.69561603        1.0000000        1.8705155        1.0000000        2.0636211        1.0000000        2.2756720        1.0000000       0.81922222        1.0000000        1.0383033        1.0000000        1.2656217 
       1.0000000        1.0000000        1.0000000        1.0000000       0.15900000        6.9776390        6.9352021       0.13050232       0.14385986      0.078598423      0.086080011      0.040841239      0.042478788       0.66847376       0.70454222       0.66519440       0.70019046       0.67359025       0.69504805        1.0000000        1.8703415        1.0000000        2.0630502        1.0000000        2.2744897        1.0000000       0.81904818        1.0000000        1.0377324        1.0000000        1.2644394 
       1.0000000        1.0000000        1.0000000        1.0000000       0.16000000        6.9682709        6.9260619       0.13047119       0.14364989      0.078568608      0.085816332      0.040871330      0.042303442       0.66847586       0.70427291       0.66486175       0.69947700       0.67371880       0.69394452        1.0000000        1.8696846        1.0000000        2.0603965        1.0000000        2.2687576        1.0000000       0.81839130        1.0000000        1.0350787        1.0000000        1.2587072 
