
       1.0000000        1.0000000        1.0000000        1.0000000      0.035000000        10.263162        10.095094       0.14894742       0.15220717      0.084150297      0.087012750      0.041423665      0.043092841       0.75846561       0.76170496       0.70711650       0.71234357       0.68604513       0.69441381        1.0000000        2.0378267        1.0000000        2.1047605        1.0000000        2.2761309        1.0000000       0.98653340        1.0000000        1.0794427        1.0000000        1.2660805 
       1.0000000        1.0000000        1.0000000        1.0000000      0.036000000        10.176034        10.012599       0.14850124       0.15163975      0.083956888      0.086690737      0.041178429      0.042800051       0.75573135       0.75860995       0.70524149       0.71022744       0.68509208       0.69250468        1.0000000        2.0291089        1.0000000        2.0985673        1.0000000        2.2672715        1.0000000       0.97781561        1.0000000        1.0732495        1.0000000        1.2572211 
       1.0000000        1.0000000        1.0000000        1.0000000      0.037000000        10.135672        9.9765926       0.14792270       0.15099433      0.083964156      0.086491595      0.041311451      0.042598473       0.75348314       0.75597886       0.70453058       0.70910266       0.68541370       0.69179225        1.0000000        2.0208453        1.0000000        2.0943704        1.0000000        2.2638174        1.0000000       0.96955197        1.0000000        1.0690526        1.0000000        1.2537671 
       1.0000000        1.0000000        1.0000000        1.0000000      0.038000000        10.065166        9.9101917       0.14716166       0.14953252      0.083712557      0.085098431      0.041172834      0.041144772       0.75095767       0.75278744       0.70298611       0.70577498       0.68437092       0.68696374        1.0000000        2.0113971        1.0000000        2.0824630        1.0000000        2.2396103        1.0000000       0.96010378        1.0000000        1.0571452        1.0000000        1.2295599 
       1.0000000        1.0000000        1.0000000        1.0000000      0.039000000        9.9995338        9.8484343       0.14604500       0.14817045      0.083438373      0.084407127      0.041627030      0.040967249       0.74774877       0.74979719       0.70099319       0.70386583       0.68394847       0.68655141        1.0000000        2.0023359        1.0000000        2.0740209        1.0000000        2.2380165        1.0000000       0.95104262        1.0000000        1.0487031        1.0000000        1.2279662 
       1.0000000        1.0000000        1.0000000        1.0000000      0.040000000        9.8957197        9.7482855       0.14531243       0.14821445      0.082937781      0.084665949      0.041268304      0.041411286       0.74522922       0.74841911       0.69894274       0.70302211       0.68162108       0.68778393        1.0000000        1.9983179        1.0000000        2.0718302        1.0000000        2.2453438        1.0000000       0.94702462        1.0000000        1.0465124        1.0000000        1.2352935 
       1.0000000        1.0000000        1.0000000        1.0000000      0.041000000        9.8149591        9.6709974       0.14467744       0.14808603      0.082836605      0.085004445      0.041271335      0.041768458       0.74249990       0.74600016       0.69754239       0.70272269       0.68096923       0.68888269        1.0000000        1.9912068        1.0000000        2.0711136        1.0000000        2.2519350        1.0000000       0.93991351        1.0000000        1.0457958        1.0000000        1.2418847 
       1.0000000        1.0000000        1.0000000        1.0000000      0.042000000        9.7732897        9.6326231       0.14388119       0.14677986      0.082559920      0.084107522      0.041217832      0.041120449       0.74031727       0.74275285       0.69645712       0.69993165       0.68085035       0.68730868        1.0000000        1.9807874        1.0000000        2.0594651        1.0000000        2.2387413        1.0000000       0.92949406        1.0000000        1.0341473        1.0000000        1.2286910 
       1.0000000        1.0000000        1.0000000        1.0000000      0.043000000        9.7521464        9.6146114       0.14312035       0.14664526      0.082332748      0.084320316      0.041267246      0.041198295       0.73755820       0.74088104       0.69459105       0.69952640       0.68038296       0.68777013        1.0000000        1.9751006        1.0000000        2.0583688        1.0000000        2.2414348        1.0000000       0.92380726        1.0000000        1.0330510        1.0000000        1.2313845 
       1.0000000        1.0000000        1.0000000        1.0000000      0.044000000        9.6887454        9.5541906       0.14240400       0.14645828      0.081888438      0.084323564      0.040981054      0.041110316       0.73458223       0.73880599       0.69211816       0.69884533       0.67883431       0.68718515        1.0000000        1.9689751        1.0000000        2.0565104        1.0000000        2.2387860        1.0000000       0.91768183        1.0000000        1.0311926        1.0000000        1.2287357 
       1.0000000        1.0000000        1.0000000        1.0000000      0.045000000        9.6186544        9.4872164       0.14231394       0.14663329      0.082088540      0.084518860      0.041290571      0.040777570       0.73233549       0.73800871       0.69128803       0.69961577       0.67885355       0.68637179        1.0000000        1.9666180        1.0000000        2.0603273        1.0000000        2.2360222        1.0000000       0.91532466        1.0000000        1.0350095        1.0000000        1.2259719 
       1.0000000        1.0000000        1.0000000        1.0000000      0.046000000        9.5938015        9.4650609       0.14196840       0.14654286      0.082146536      0.084664775      0.041704062      0.040775629       0.73025151       0.73660238       0.68979537       0.69940578       0.67854460       0.68653336        1.0000000        1.9622121        1.0000000        2.0597324        1.0000000        2.2364159        1.0000000       0.91091877        1.0000000        1.0344146        1.0000000        1.2263656 
       1.0000000        1.0000000        1.0000000        1.0000000      0.047000000        9.5526146        9.4264512       0.14129963       0.14593560      0.081798469      0.084287887      0.041373922      0.040740773       0.72706079       0.73444789       0.68778621       0.69802431       0.67605748       0.68578717        1.0000000        1.9561563        1.0000000        2.0544345        1.0000000        2.2296480        1.0000000       0.90486305        1.0000000        1.0291167        1.0000000        1.2195977 
       1.0000000        1.0000000        1.0000000        1.0000000      0.048000000        9.4810023        9.3573041       0.14094568       0.14621196      0.081641835      0.084660093      0.041389590      0.040856790       0.72482133       0.73400092       0.68627955       0.69856703       0.67538950       0.68615703        1.0000000        1.9549327        1.0000000        2.0571513        1.0000000        2.2326066        1.0000000       0.90363945        1.0000000        1.0318335        1.0000000        1.2225563 
       1.0000000        1.0000000        1.0000000        1.0000000      0.049000000        9.3952766        9.2739389       0.14058665       0.14595084      0.081391147      0.084442408      0.041099909      0.040780228       0.72314791       0.73248704       0.68432443       0.69764930       0.67274446       0.68538221        1.0000000        1.9511164        1.0000000        2.0545503        1.0000000        2.2294025        1.0000000       0.89982306        1.0000000        1.0292325        1.0000000        1.2193521 
       1.0000000        1.0000000        1.0000000        1.0000000      0.050000000        9.3556379        9.2365629       0.14040483       0.14601832      0.081302617      0.084652229      0.041052204      0.040747614       0.72185328       0.73178705       0.68363647       0.69797100       0.67213403       0.68583874        1.0000000        1.9490995        1.0000000        2.0555027        1.0000000        2.2312306        1.0000000       0.89780625        1.0000000        1.0301849        1.0000000        1.2211803 
       1.0000000        1.0000000        1.0000000        1.0000000      0.051000000        9.2881225        9.1712185       0.14000381       0.14609399      0.080877218      0.084816453      0.040746956      0.041079042       0.72048916       0.73131531       0.68272254       0.69811390       0.67155079       0.68686050        1.0000000        1.9477903        1.0000000        2.0566444        1.0000000        2.2362484        1.0000000       0.89649699        1.0000000        1.0313266        1.0000000        1.2261981 
       1.0000000        1.0000000        1.0000000        1.0000000      0.052000000        9.2494486        9.1346295       0.13984321       0.14580875      0.080871033      0.084798514      0.040715053      0.041073174       0.71937778       0.72959732       0.68246144       0.69763428       0.67176855       0.68745472        1.0000000        1.9427246        1.0000000        2.0552808        1.0000000        2.2374707        1.0000000       0.89143131        1.0000000        1.0299630        1.0000000        1.2274204 
       1.0000000        1.0000000        1.0000000        1.0000000      0.053000000        9.2037058        9.0908909       0.13954523       0.14537604      0.080890855      0.084668959      0.040832550      0.041120407       0.71796614       0.72838017       0.68167292       0.69698434       0.67226159       0.68749405        1.0000000        1.9387992        1.0000000        2.0524334        1.0000000        2.2391448        1.0000000       0.88750591        1.0000000        1.0271156        1.0000000        1.2290944 
       1.0000000        1.0000000        1.0000000        1.0000000      0.054000000        9.1798669        9.0689802       0.13940220       0.14550098      0.081007855      0.084760015      0.040982232      0.041024584       0.71623559       0.72687839       0.68109617       0.69633544       0.67232781       0.68783288        1.0000000        1.9352268        1.0000000        2.0518630        1.0000000        2.2400092        1.0000000       0.88393355        1.0000000        1.0265452        1.0000000        1.2299589 
       1.0000000        1.0000000        1.0000000        1.0000000      0.055000000        9.1215037        9.0124735       0.13914803       0.14555521      0.080913886      0.084934772      0.040924764      0.041073038       0.71477975       0.72586235       0.67982572       0.69659374       0.67140573       0.68881934        1.0000000        1.9323777        1.0000000        2.0530542        1.0000000        2.2436391        1.0000000       0.88108436        1.0000000        1.0277364        1.0000000        1.2335888 
       1.0000000        1.0000000        1.0000000        1.0000000      0.056000000        9.0765449        8.9694789       0.13863374       0.14338714      0.080781720      0.083492818      0.041015731      0.040662872       0.71327498       0.72335542       0.67907228       0.69474190       0.67159055       0.68755432        1.0000000        1.9238386        1.0000000        2.0442614        1.0000000        2.2347388        1.0000000       0.87254530        1.0000000        1.0189436        1.0000000        1.2246885 
       1.0000000        1.0000000        1.0000000        1.0000000      0.057000000        9.0382833        8.9329363       0.13860393       0.14331601      0.080820885      0.083514726      0.041046696      0.040631939       0.71207347       0.72239757       0.67853005       0.69484372       0.67138714       0.68842717        1.0000000        1.9209542        1.0000000        2.0443757        1.0000000        2.2372955        1.0000000       0.86966091        1.0000000        1.0190579        1.0000000        1.2272452 
       1.0000000        1.0000000        1.0000000        1.0000000      0.058000000        8.9967021        8.8930140       0.13841046       0.14288657      0.080784535      0.083228159      0.041066276      0.040417711       0.71084767       0.72190257       0.67813190       0.69458188       0.67133946       0.68687617        1.0000000        1.9191742        1.0000000        2.0426986        1.0000000        2.2298837        1.0000000       0.86788093        1.0000000        1.0173808        1.0000000        1.2198334 
       1.0000000        1.0000000        1.0000000        1.0000000      0.059000000        8.9412609        8.8391750       0.13828583       0.14273255      0.080795519      0.083196272      0.041081597      0.040580485       0.70981300       0.72053251       0.67754218       0.69432060       0.67056560       0.68691984        1.0000000        1.9156707        1.0000000        2.0422844        1.0000000        2.2304064        1.0000000       0.86437739        1.0000000        1.0169666        1.0000000        1.2203561 
       1.0000000        1.0000000        1.0000000        1.0000000      0.060000000        8.8887760        8.7882385       0.13824572       0.14236508      0.080851771      0.082883104      0.041170357      0.040421619       0.70869745       0.71999132       0.67718324       0.69427641       0.67016764       0.68529486        1.0000000        1.9138919        1.0000000        2.0413672        1.0000000        2.2235617        1.0000000       0.86259857        1.0000000        1.0160494        1.0000000        1.2135114 
       1.0000000        1.0000000        1.0000000        1.0000000      0.061000000        8.8498223        8.7507821       0.13801393       0.14245312      0.080791623      0.083050112      0.041191216      0.040507247       0.70756279       0.71954338       0.67671808       0.69468766       0.67083879       0.68592320        1.0000000        1.9122990        1.0000000        2.0430046        1.0000000        2.2261661        1.0000000       0.86100568        1.0000000        1.0176868        1.0000000        1.2161158 
       1.0000000        1.0000000        1.0000000        1.0000000      0.062000000        8.8520410        8.7544496       0.13751310       0.14210384      0.080666675      0.082856288      0.041171144      0.040342808       0.70601030       0.71768365       0.67591911       0.69399049       0.67063768       0.68523952        1.0000000        1.9070496        1.0000000        2.0402348        1.0000000        2.2218149        1.0000000       0.85575630        1.0000000        1.0149170        1.0000000        1.2117646 
       1.0000000        1.0000000        1.0000000        1.0000000      0.063000000        8.8107503        8.7145616       0.13729201       0.14213675      0.080669273      0.082900493      0.041214131      0.040185664       0.70411394       0.71680593       0.67511527       0.69404855       0.67062065       0.68505277        1.0000000        1.9044756        1.0000000        2.0403381        1.0000000        2.2198970        1.0000000       0.85318231        1.0000000        1.0150203        1.0000000        1.2098466 
       1.0000000        1.0000000        1.0000000        1.0000000      0.064000000        8.7649746        8.6701448       0.13694797       0.14198253      0.080440811      0.082826708      0.041120947      0.040106724       0.70270001       0.71616947       0.67373033       0.69364617       0.67011908       0.68474030        1.0000000        1.9025584        1.0000000        2.0389601        1.0000000        2.2181073        1.0000000       0.85126515        1.0000000        1.0136423        1.0000000        1.2080570 
       1.0000000        1.0000000        1.0000000        1.0000000      0.065000000        8.7225119        8.6289993       0.13667262       0.14223565      0.080352721      0.083016821      0.041227704      0.040202520       0.70137781       0.71596980       0.67261602       0.69435571       0.66993731       0.68459947        1.0000000        1.9023194        1.0000000        2.0420894        1.0000000        2.2186381        1.0000000       0.85102608        1.0000000        1.0167716        1.0000000        1.2085877 
       1.0000000        1.0000000        1.0000000        1.0000000      0.066000000        8.6793181        8.5870829       0.13660613       0.14197644      0.080365082      0.082907676      0.041252625      0.040169693       0.70020514       0.71526994       0.67214994       0.69398408       0.67002059       0.68430039        1.0000000        1.9001650        1.0000000        2.0406517        1.0000000        2.2180613        1.0000000       0.84887175        1.0000000        1.0153339        1.0000000        1.2080110 
       1.0000000        1.0000000        1.0000000        1.0000000      0.067000000        8.6305151        8.5396413       0.13659516       0.14209073      0.080456092      0.083103479      0.041324775      0.040367048       0.69955607       0.71470175       0.67217002       0.69420330       0.67051369       0.68487014        1.0000000        1.8987884        1.0000000        2.0419125        1.0000000        2.2222674        1.0000000       0.84749508        1.0000000        1.0165947        1.0000000        1.2122171 
       1.0000000        1.0000000        1.0000000        1.0000000      0.068000000        8.5902891        8.5006150       0.13641026       0.14243875      0.080380355      0.083361947      0.041265041      0.040343869       0.69838023       0.71475058       0.67148177       0.69462586       0.66942144       0.68537257        1.0000000        1.8989829        1.0000000        2.0436130        1.0000000        2.2238665        1.0000000       0.84768960        1.0000000        1.0182952        1.0000000        1.2138162 
       1.0000000        1.0000000        1.0000000        1.0000000      0.069000000        8.5657669        8.4772581       0.13633559       0.14248732      0.080415981      0.083495275      0.041349127      0.040526353       0.69787375       0.71440520       0.67169785       0.69514615       0.67017523       0.68574294        1.0000000        1.8981191        1.0000000        2.0455468        1.0000000        2.2264898        1.0000000       0.84682577        1.0000000        1.0202290        1.0000000        1.2164394 
       1.0000000        1.0000000        1.0000000        1.0000000      0.070000000        8.5384792        8.4511027       0.13637906       0.14251369      0.080604899      0.083524664      0.041579562      0.040476896       0.69732237       0.71428508       0.67182602       0.69519204       0.67155931       0.68561403        1.0000000        1.8976664        1.0000000        2.0459134        1.0000000        2.2258981        1.0000000       0.84637309        1.0000000        1.0205956        1.0000000        1.2158478 
       1.0000000        1.0000000        1.0000000        1.0000000      0.071000000        8.5183926        8.4321170       0.13627426       0.14235835      0.080632437      0.083406837      0.041640564      0.040315275       0.69666713       0.71357374       0.67176450       0.69517426       0.67148214       0.68557163        1.0000000        1.8954869        1.0000000        2.0449768        1.0000000        2.2248385        1.0000000       0.84419358        1.0000000        1.0196590        1.0000000        1.2147882 
       1.0000000        1.0000000        1.0000000        1.0000000      0.072000000        8.4996456        8.4144408       0.13614035       0.14225575      0.080724891      0.083520581      0.041873784      0.040496391       0.69589342       0.71312029       0.67192114       0.69521135       0.67276495       0.68628478        1.0000000        1.8940502        1.0000000        2.0452751        1.0000000        2.2287496        1.0000000       0.84275694        1.0000000        1.0199573        1.0000000        1.2186993 
       1.0000000        1.0000000        1.0000000        1.0000000      0.073000000        8.4618203        8.3776573       0.13607699       0.14222164      0.080823974      0.083671940      0.041983991      0.040571160       0.69521552       0.71243416       0.67201864       0.69498215       0.67325389       0.68663348        1.0000000        1.8919158        1.0000000        2.0442398        1.0000000        2.2313230        1.0000000       0.84062250        1.0000000        1.0189220        1.0000000        1.2212727 
       1.0000000        1.0000000        1.0000000        1.0000000      0.074000000        8.4360164        8.3528676       0.13596622       0.14217962      0.080867081      0.083634465      0.042079654      0.040493379       0.69442797       0.71147481       0.67200562       0.69487232       0.67371691       0.68647653        1.0000000        1.8892878        1.0000000        2.0436977        1.0000000        2.2300448        1.0000000       0.83799453        1.0000000        1.0183799        1.0000000        1.2199945 
       1.0000000        1.0000000        1.0000000        1.0000000      0.075000000        8.4158681        8.3337068       0.13579072       0.14163764      0.080899291      0.083296106      0.042124609      0.040283371       0.69338142       0.71017280       0.67164229       0.69364342       0.67387475       0.68547316        1.0000000        1.8853518        1.0000000        2.0387679        1.0000000        2.2244513        1.0000000       0.83405854        1.0000000        1.0134501        1.0000000        1.2144010 
       1.0000000        1.0000000        1.0000000        1.0000000      0.076000000        8.4004664        8.3192672       0.13570039       0.14189110      0.080787270      0.083455363      0.041976673      0.040382381       0.69262025       0.70998303       0.67154369       0.69382424       0.67386042       0.68524384        1.0000000        1.8851689        1.0000000        2.0400966        1.0000000        2.2251883        1.0000000       0.83387558        1.0000000        1.0147788        1.0000000        1.2151379 
       1.0000000        1.0000000        1.0000000        1.0000000      0.077000000        8.3830814        8.3028198       0.13558215       0.14171170      0.080734944      0.083274841      0.041913278      0.040258616       0.69189704       0.70931922       0.67141338       0.69319473       0.67387200       0.68464611        1.0000000        1.8833060        1.0000000        2.0381594        1.0000000        2.2219166        1.0000000       0.83201271        1.0000000        1.0128415        1.0000000        1.2118662 
       1.0000000        1.0000000        1.0000000        1.0000000      0.078000000        8.3439913        8.2646438       0.13551882       0.14161617      0.080716536      0.083257018      0.041917820      0.040224299       0.69128856       0.70873892       0.67102042       0.69313971       0.67356284       0.68485332        1.0000000        1.8815460        1.0000000        2.0377202        1.0000000        2.2224518        1.0000000       0.83025275        1.0000000        1.0124024        1.0000000        1.2124015 
       1.0000000        1.0000000        1.0000000        1.0000000      0.079000000        8.3146139        8.2362458       0.13541435       0.14125314      0.080735009      0.083024494      0.041951472      0.040092333       0.69066275       0.70727823       0.67088240       0.69234010       0.67406498       0.68458666        1.0000000        1.8772875        1.0000000        2.0343752        1.0000000        2.2198615        1.0000000       0.82599424        1.0000000        1.0090574        1.0000000        1.2098112 
       1.0000000        1.0000000        1.0000000        1.0000000      0.080000000        8.2887147        8.2112141       0.13538612       0.14102573      0.080786738      0.082865666      0.041983613      0.040037084       0.69023582       0.70640994       0.67092795       0.69174191       0.67426828       0.68396181        1.0000000        1.8748503        1.0000000        2.0323849        1.0000000        2.2169871        1.0000000       0.82355696        1.0000000        1.0070671        1.0000000        1.2069368 
       1.0000000        1.0000000        1.0000000        1.0000000      0.081000000        8.2617079        8.1850541       0.13534951       0.14115896      0.080782158      0.082952186      0.041926372      0.039924455       0.68978424       0.70674168       0.67093210       0.69203973       0.67430253       0.68383353        1.0000000        1.8758053        1.0000000        2.0335400        1.0000000        2.2167219        1.0000000       0.82451204        1.0000000        1.0082222        1.0000000        1.2066715 
       1.0000000        1.0000000        1.0000000        1.0000000      0.082000000        8.2380707        8.1622434       0.13514980       0.14130503      0.080657174      0.082998452      0.041916058      0.039886356       0.68895318       0.70690176       0.67045064       0.69270294       0.67397579       0.68365208        1.0000000        1.8762298        1.0000000        2.0357825        1.0000000        2.2160669        1.0000000       0.82493655        1.0000000        1.0104646        1.0000000        1.2060166 
       1.0000000        1.0000000        1.0000000        1.0000000      0.083000000        8.2071689        8.1321488       0.13503973       0.14134248      0.080574197      0.083033252      0.041815178      0.039903084       0.68841599       0.70698879       0.67010596       0.69284200       0.67363798       0.68366010        1.0000000        1.8764991        1.0000000        2.0367207        1.0000000        2.2162685        1.0000000       0.82520582        1.0000000        1.0114029        1.0000000        1.2062182 
       1.0000000        1.0000000        1.0000000        1.0000000      0.084000000        8.1711406        8.0969091       0.13501846       0.14128147      0.080615982      0.083071135      0.041847163      0.039993246       0.68795838       0.70665022       0.67025106       0.69313292       0.67386191       0.68477192        1.0000000        1.8754561        1.0000000        2.0371297        1.0000000        2.2194545        1.0000000       0.82416285        1.0000000        1.0118119        1.0000000        1.2094041 
       1.0000000        1.0000000        1.0000000        1.0000000      0.085000000        8.1495160        8.0760550       0.13501440       0.14139010      0.080639082      0.083180792      0.041822720      0.040011147       0.68750450       0.70620356       0.67034348       0.69332898       0.67377310       0.68497092        1.0000000        1.8743449        1.0000000        2.0378437        1.0000000        2.2207272        1.0000000       0.82305159        1.0000000        1.0125259        1.0000000        1.2106768 
       1.0000000        1.0000000        1.0000000        1.0000000      0.086000000        8.1316243        8.0589165       0.13482062       0.14156090      0.080455581      0.083257947      0.041643580      0.039996227       0.68684281       0.70630468       0.66985020       0.69365798       0.67289277       0.68442191        1.0000000        1.8746993        1.0000000        2.0393292        1.0000000        2.2190627        1.0000000       0.82340596        1.0000000        1.0140114        1.0000000        1.2090123 
       1.0000000        1.0000000        1.0000000        1.0000000      0.087000000        8.1124548        8.0404834       0.13473967       0.14153479      0.080456538      0.083251921      0.041672905      0.039950570       0.68631598       0.70621355       0.66989597       0.69374828       0.67309950       0.68423156        1.0000000        1.8744220        1.0000000        2.0398167        1.0000000        2.2185440        1.0000000       0.82312867        1.0000000        1.0144989        1.0000000        1.2084937 
       1.0000000        1.0000000        1.0000000        1.0000000      0.088000000        8.1040356        8.0327843       0.13472646       0.14192433      0.080548658      0.083576151      0.041802570      0.040174036       0.68576230       0.70676163       0.66991081       0.69501866       0.67338071       0.68593226        1.0000000        1.8759956        1.0000000        2.0440378        1.0000000        2.2246717        1.0000000       0.82470234        1.0000000        1.0187200        1.0000000        1.2146214 
       1.0000000        1.0000000        1.0000000        1.0000000      0.089000000        8.0841168        8.0135701       0.13475417       0.14211125      0.080687213      0.083787321      0.041953914      0.040289292       0.68574730       0.70674559       0.67018289       0.69546902       0.67382226       0.68635950        1.0000000        1.8759813        1.0000000        2.0457460        1.0000000        2.2276053        1.0000000       0.82468800        1.0000000        1.0204282        1.0000000        1.2175550 
       1.0000000        1.0000000        1.0000000        1.0000000      0.090000000        8.0648784        7.9950892       0.13477704       0.14231149      0.080758682      0.083954127      0.041989158      0.040418791       0.68543188       0.70718879       0.67028146       0.69609529       0.67385379       0.68683296        1.0000000        1.8772365        1.0000000        2.0479868        1.0000000        2.2301665        1.0000000       0.82594318        1.0000000        1.0226690        1.0000000        1.2201161 
       1.0000000        1.0000000        1.0000000        1.0000000      0.091000000        8.0269179        7.9578020       0.13479670       0.14246473      0.080818755      0.084171589      0.042025476      0.040533417       0.68492715       0.70726786       0.67046564       0.69677805       0.67400661       0.68728309        1.0000000        1.8775213        1.0000000        2.0507321        1.0000000        2.2328420        1.0000000       0.82622796        1.0000000        1.0254143        1.0000000        1.2227917 
       1.0000000        1.0000000        1.0000000        1.0000000      0.092000000        8.0150655        7.9466089       0.13462823       0.14236235      0.080677282      0.084151402      0.041927294      0.040514329       0.68443447       0.70650886       0.67020392       0.69695358       0.67391625       0.68780046        1.0000000        1.8751801        1.0000000        2.0507825        1.0000000        2.2342258        1.0000000       0.82388677        1.0000000        1.0254647        1.0000000        1.2241755 
       1.0000000        1.0000000        1.0000000        1.0000000      0.093000000        8.0009506        7.9331395       0.13466455       0.14236236      0.080891019      0.084235790      0.042210389      0.040590723       0.68402364       0.70633466       0.67040839       0.69720756       0.67462213       0.68817869        1.0000000        1.8746077        1.0000000        2.0514429        1.0000000        2.2360418        1.0000000       0.82331443        1.0000000        1.0261251        1.0000000        1.2259915 
       1.0000000        1.0000000        1.0000000        1.0000000      0.094000000        7.9737071        7.9065283       0.13468408       0.14238800      0.080964172      0.084295366      0.042246518      0.040626366       0.68384287       0.70595875       0.67063709       0.69728192       0.67465509       0.68808813        1.0000000        1.8735643        1.0000000        2.0520462        1.0000000        2.2363685        1.0000000       0.82227102        1.0000000        1.0267284        1.0000000        1.2263182 
       1.0000000        1.0000000        1.0000000        1.0000000      0.095000000        7.9566768        7.8901176       0.13467287       0.14232687      0.081010000      0.084303170      0.042299670      0.040681666       0.68346131       0.70565604       0.67074035       0.69750090       0.67456821       0.68828580        1.0000000        1.8725473        1.0000000        2.0525933        1.0000000        2.2368596        1.0000000       0.82125402        1.0000000        1.0272755        1.0000000        1.2268092 
       1.0000000        1.0000000        1.0000000        1.0000000      0.096000000        7.9342085        7.8682564       0.13468754       0.14222904      0.081061337      0.084266822      0.042373262      0.040705053       0.68301273       0.70530609       0.67079590       0.69767948       0.67455923       0.68853255        1.0000000        1.8715457        1.0000000        2.0528476        1.0000000        2.2373668        1.0000000       0.82025243        1.0000000        1.0275298        1.0000000        1.2273164 
       1.0000000        1.0000000        1.0000000        1.0000000      0.097000000        7.9215885        7.8562315       0.13469617       0.14221062      0.081022690      0.084247449      0.042260331      0.040758593       0.68299006       0.70460218       0.67083776       0.69789295       0.67454681       0.68834543        1.0000000        1.8697328        1.0000000        2.0532920        1.0000000        2.2381049        1.0000000       0.81843951        1.0000000        1.0279742        1.0000000        1.2280545 
       1.0000000        1.0000000        1.0000000        1.0000000      0.098000000        7.9114801        7.8467066       0.13460173       0.14223214      0.080989124      0.084250195      0.042266273      0.040740049       0.68252951       0.70415608       0.67067419       0.69793559       0.67449072       0.68848654        1.0000000        1.8686738        1.0000000        2.0531969        1.0000000        2.2370028        1.0000000       0.81738051        1.0000000        1.0278791        1.0000000        1.2269525 
       1.0000000        1.0000000        1.0000000        1.0000000      0.099000000        7.8863290        7.8221276       0.13463322       0.14183938      0.081029681      0.083903609      0.042253090      0.040591940       0.68222910       0.70330832       0.67083715       0.69653880       0.67450216       0.68758705        1.0000000        1.8663006        1.0000000        2.0482180        1.0000000        2.2319515        1.0000000       0.81500730        1.0000000        1.0229002        1.0000000        1.2219011 
       1.0000000        1.0000000        1.0000000        1.0000000       0.10000000        7.8560475        7.7924073       0.13459406       0.14182248      0.080997519      0.083911792      0.042181621      0.040549205       0.68193950       0.70321359       0.67084933       0.69669726       0.67442072       0.68763808        1.0000000        1.8659419        1.0000000        2.0484472        1.0000000        2.2317860        1.0000000       0.81464858        1.0000000        1.0231294        1.0000000        1.2217357 
       1.0000000        1.0000000        1.0000000        1.0000000       0.10100000        7.8405084        7.7774732       0.13448438       0.14186080      0.080956901      0.083955814      0.042192926      0.040683610       0.68129825       0.70379290       0.67045664       0.69706719       0.67467278       0.68884255        1.0000000        1.8675085        1.0000000        2.0490931        1.0000000        2.2358531        1.0000000       0.81621516        1.0000000        1.0237752        1.0000000        1.2258028 
       1.0000000        1.0000000        1.0000000        1.0000000       0.10200000        7.8339726        7.7714765       0.13440908       0.14195390      0.080936579      0.084054099      0.042222166      0.040702389       0.68103841       0.70431037       0.67065496       0.69757721       0.67485997       0.68907324        1.0000000        1.8688459        1.0000000        2.0506805        1.0000000        2.2372607        1.0000000       0.81755263        1.0000000        1.0253627        1.0000000        1.2272104 
       1.0000000        1.0000000        1.0000000        1.0000000       0.10300000        7.8157359        7.7537689       0.13441040       0.14216966      0.080944507      0.084241709      0.042192780      0.040843772       0.68097172       0.70475576       0.67077332       0.69811415       0.67477617       0.69011702        1.0000000        1.8702429        1.0000000        2.0524898        1.0000000        2.2409960        1.0000000       0.81894961        1.0000000        1.0271720        1.0000000        1.2309457 
       1.0000000        1.0000000        1.0000000        1.0000000       0.10400000        7.8127733        7.7513258       0.13443130       0.14225974      0.080944034      0.084355967      0.042139705      0.040903544       0.68088976       0.70504203       0.67087891       0.69837041       0.67459425       0.69065422        1.0000000        1.8709908        1.0000000        2.0532426        1.0000000        2.2438809        1.0000000       0.81969752        1.0000000        1.0279248        1.0000000        1.2338306 
       1.0000000        1.0000000        1.0000000        1.0000000       0.10500000        7.8016726        7.7407351       0.13439017       0.14234497      0.080961151      0.084507342      0.042169090      0.040879614       0.68045523       0.70526008       0.67105288       0.69862073       0.67467499       0.69066888        1.0000000        1.8715653        1.0000000        2.0544800        1.0000000        2.2448669        1.0000000       0.82027198        1.0000000        1.0291622        1.0000000        1.2348166 
       1.0000000        1.0000000        1.0000000        1.0000000       0.10600000        7.7821067        7.7216700       0.13443050       0.14241308      0.081038084      0.084599213      0.042248926      0.040974613       0.68021298       0.70521581       0.67125814       0.69838954       0.67498428       0.69101029        1.0000000        1.8714620        1.0000000        2.0540388        1.0000000        2.2462592        1.0000000       0.82016866        1.0000000        1.0287210        1.0000000        1.2362088 
       1.0000000        1.0000000        1.0000000        1.0000000       0.10700000        7.7597220        7.6997771       0.13442430       0.14227814      0.081100472      0.084510582      0.042350341      0.040926614       0.67989405       0.70481086       0.67111750       0.69811695       0.67485464       0.69071067        1.0000000        1.8702992        1.0000000        2.0530833        1.0000000        2.2449129        1.0000000       0.81900595        1.0000000        1.0277655        1.0000000        1.2348626 
       1.0000000        1.0000000        1.0000000        1.0000000       0.10800000        7.7366502        7.6771884       0.13443102       0.14244725      0.081164226      0.084604059      0.042459807      0.040880880       0.67966114       0.70497096       0.67107771       0.69830100       0.67547210       0.69069315        1.0000000        1.8708529        1.0000000        2.0538985        1.0000000        2.2446946        1.0000000       0.81955963        1.0000000        1.0285807        1.0000000        1.2346443 
       1.0000000        1.0000000        1.0000000        1.0000000       0.10900000        7.7280184        7.6690314       0.13449209       0.14250560      0.081219866      0.084628222      0.042512060      0.040859189       0.67966547       0.70464533       0.67116258       0.69827874       0.67579847       0.69060879        1.0000000        1.8700300        1.0000000        2.0541966        1.0000000        2.2438985        1.0000000       0.81873671        1.0000000        1.0288788        1.0000000        1.2338482 
       1.0000000        1.0000000        1.0000000        1.0000000       0.11000000        7.7076145        7.6490940       0.13457101       0.14264790      0.081280512      0.084808616      0.042569951      0.041019490       0.67966155       0.70503886       0.67122970       0.69913746       0.67605285       0.69147131        1.0000000        1.8710274        1.0000000        2.0570159        1.0000000        2.2489244        1.0000000       0.81973413        1.0000000        1.0316981        1.0000000        1.2388740 
       1.0000000        1.0000000        1.0000000        1.0000000       0.11100000        7.6823717        7.6243097       0.13444186       0.14266412      0.081231150      0.084909349      0.042558136      0.041075727       0.67932237       0.70487693       0.67116358       0.69907383       0.67619760       0.69184518        1.0000000        1.8706461        1.0000000        2.0569575        1.0000000        2.2507065        1.0000000       0.81935278        1.0000000        1.0316397        1.0000000        1.2406561 
       1.0000000        1.0000000        1.0000000        1.0000000       0.11200000        7.6683726        7.6107613       0.13440349       0.14284111      0.081324964      0.085138728      0.042757002      0.041373667       0.67887612       0.70508669       0.67067083       0.69965657       0.67620551       0.69286611        1.0000000        1.8712401        1.0000000        2.0588972        1.0000000        2.2570924        1.0000000       0.81994679        1.0000000        1.0335794        1.0000000        1.2470421 
       1.0000000        1.0000000        1.0000000        1.0000000       0.11300000        7.6417256        7.5846013       0.13436746       0.14293159      0.081324441      0.085272987      0.042760580      0.041492157       0.67859132       0.70521554       0.67084245       0.70017341       0.67606753       0.69342240        1.0000000        1.8713999        1.0000000        2.0604543        1.0000000        2.2598405        1.0000000       0.82010662        1.0000000        1.0351365        1.0000000        1.2497901 
       1.0000000        1.0000000        1.0000000        1.0000000       0.11400000        7.6248307        7.5681414       0.13427662       0.14282185      0.081159101      0.085213042      0.042518540      0.041454041       0.67846911       0.70502513       0.67059087       0.69995623       0.67474784       0.69325993        1.0000000        1.8707875        1.0000000        2.0597003        1.0000000        2.2597772        1.0000000       0.81949419        1.0000000        1.0343824        1.0000000        1.2497269 
       1.0000000        1.0000000        1.0000000        1.0000000       0.11500000        7.6033748        7.5471133       0.13434274       0.14286679      0.081174432      0.085174563      0.042511660      0.041389553       0.67862086       0.70514548       0.67087550       0.69882720       0.67483007       0.69204674        1.0000000        1.8711938        1.0000000        2.0566139        1.0000000        2.2562472        1.0000000       0.81990049        1.0000000        1.0312961        1.0000000        1.2461969 
       1.0000000        1.0000000        1.0000000        1.0000000       0.11600000        7.5872249        7.5313842       0.13438855       0.14314244      0.081224877      0.085434255      0.042583597      0.041582782       0.67862322       0.70553245       0.67101709       0.69959733       0.67526516       0.69278983        1.0000000        1.8722564        1.0000000        2.0594331        1.0000000        2.2605027        1.0000000       0.82096308        1.0000000        1.0341153        1.0000000        1.2504524 
       1.0000000        1.0000000        1.0000000        1.0000000       0.11700000        7.5727915        7.5173648       0.13441900       0.14316073      0.081232602      0.085455900      0.042545456      0.041560355       0.67864361       0.70550919       0.67110515       0.69971712       0.67512777       0.69276855        1.0000000        1.8721841        1.0000000        2.0598249        1.0000000        2.2603587        1.0000000       0.82089077        1.0000000        1.0345071        1.0000000        1.2503084 
       1.0000000        1.0000000        1.0000000        1.0000000       0.11800000        7.5493222        7.4943027       0.13439950       0.14327833      0.081150946      0.085529530      0.042380261      0.041572220       0.67828852       0.70561129       0.67061359       0.69989403       0.67416764       0.69296949        1.0000000        1.8725706        1.0000000        2.0605925        1.0000000        2.2617405        1.0000000       0.82127733        1.0000000        1.0352747        1.0000000        1.2516902 
       1.0000000        1.0000000        1.0000000        1.0000000       0.11900000        7.5176165        7.4629979       0.13447771       0.14267261      0.081236113      0.085082503      0.042510738      0.041446893       0.67838748       0.70449255       0.67082255       0.69900417       0.67427092       0.69242313        1.0000000        1.8690865        1.0000000        2.0567513        1.0000000        2.2585507        1.0000000       0.81779317        1.0000000        1.0314335        1.0000000        1.2485004 
       1.0000000        1.0000000        1.0000000        1.0000000       0.12000000        7.5015238        7.4472997       0.13451681       0.14277701      0.081315500      0.085295905      0.042556281      0.041754717       0.67828000       0.70469278       0.67100869       0.69946529       0.67454246       0.69306133        1.0000000        1.8695536        1.0000000        2.0583682        1.0000000        2.2626828        1.0000000       0.81826027        1.0000000        1.0330504        1.0000000        1.2526324 
       1.0000000        1.0000000        1.0000000        1.0000000       0.12100000        7.4874409        7.4336050       0.13453822       0.14272325      0.081354519      0.085225460      0.042596302      0.041799027       0.67816964       0.70460542       0.67116738       0.69904451       0.67467874       0.69305707        1.0000000        1.8693696        1.0000000        2.0569739        1.0000000        2.2620831        1.0000000       0.81807628        1.0000000        1.0316561        1.0000000        1.2520328 
       1.0000000        1.0000000        1.0000000        1.0000000       0.12200000        7.4803121        7.4268586       0.13448378       0.14287047      0.081288151      0.085425854      0.042538771      0.041916244       0.67783672       0.70459676       0.67076647       0.69935046       0.67412667       0.69323568        1.0000000        1.8694255        1.0000000        2.0585898        1.0000000        2.2647495        1.0000000       0.81813225        1.0000000        1.0332719        1.0000000        1.2546991 
       1.0000000        1.0000000        1.0000000        1.0000000       0.12300000        7.4595364        7.4064592       0.13461233       0.14288331      0.081336005      0.085493176      0.042519467      0.042005339       0.67799458       0.70432239       0.67075680       0.69958962       0.67364799       0.69335354        1.0000000        1.8685770        1.0000000        2.0596723        1.0000000        2.2656877        1.0000000       0.81728372        1.0000000        1.0343545        1.0000000        1.2556374 
       1.0000000        1.0000000        1.0000000        1.0000000       0.12400000        7.4308174        7.3781477       0.13459459       0.14298893      0.081341466      0.085567291      0.042572282      0.041963761       0.67790301       0.70442955       0.67074500       0.69974500       0.67384684       0.69326710        1.0000000        1.8689363        1.0000000        2.0603389        1.0000000        2.2659957        1.0000000       0.81764296        1.0000000        1.0350211        1.0000000        1.2559454 
       1.0000000        1.0000000        1.0000000        1.0000000       0.12500000        7.4111184        7.3588131       0.13450452       0.14285631      0.081281175      0.085536290      0.042539339      0.042020219       0.67753024       0.70407530       0.67038252       0.69972632       0.67368881       0.69365518        1.0000000        1.8678104        1.0000000        2.0597017        1.0000000        2.2674057        1.0000000       0.81651715        1.0000000        1.0343839        1.0000000        1.2573553 
       1.0000000        1.0000000        1.0000000        1.0000000       0.12600000        7.3919896        7.3400433       0.13452936       0.14303853      0.081373281      0.085677753      0.042656683      0.042037660       0.67759175       0.70437134       0.67079069       0.70009219       0.67446894       0.69377670        1.0000000        1.8687034        1.0000000        2.0611769        1.0000000        2.2682133        1.0000000       0.81741013        1.0000000        1.0358591        1.0000000        1.2581629 
       1.0000000        1.0000000        1.0000000        1.0000000       0.12700000        7.3745508        7.3229582       0.13459827       0.14294358      0.081433050      0.085571777      0.042683623      0.041986989       0.67776205       0.70410059       0.67094669       0.69959324       0.67448034       0.69320791        1.0000000        1.8680341        1.0000000        2.0596822        1.0000000        2.2661203        1.0000000       0.81674082        1.0000000        1.0343644        1.0000000        1.2560699 
       1.0000000        1.0000000        1.0000000        1.0000000       0.12800000        7.3572165        7.3059724       0.13464215       0.14298204      0.081461431      0.085644735      0.042666887      0.042054245       0.67778660       0.70413219       0.67101941       0.69985330       0.67443879       0.69359337        1.0000000        1.8680506        1.0000000        2.0604109        1.0000000        2.2680412        1.0000000       0.81675731        1.0000000        1.0350931        1.0000000        1.2579909 
       1.0000000        1.0000000        1.0000000        1.0000000       0.12900000        7.3417783        7.2908776       0.13468104       0.14319679      0.081508007      0.085768403      0.042702042      0.042105607       0.67788065       0.70465246       0.67113606       0.70012489       0.67445895       0.69358568        1.0000000        1.8696105        1.0000000        2.0617444        1.0000000        2.2693760        1.0000000       0.81831716        1.0000000        1.0364266        1.0000000        1.2593256 
       1.0000000        1.0000000        1.0000000        1.0000000       0.13000000        7.3206139        7.2700515       0.13460551       0.14320830      0.081465530      0.085785108      0.042715307      0.042034011       0.67763462       0.70452559       0.67080995       0.70018030       0.67442273       0.69366110        1.0000000        1.8693052        1.0000000        2.0618804        1.0000000        2.2692257        1.0000000       0.81801192        1.0000000        1.0365626        1.0000000        1.2591754 
       1.0000000        1.0000000        1.0000000        1.0000000       0.13100000        7.3087422        7.2585133       0.13465145       0.14337151      0.081596002      0.085931525      0.042809150      0.042083705       0.67749521       0.70456691       0.67098611       0.70028987       0.67497877       0.69368071        1.0000000        1.8695843        1.0000000        2.0625223        1.0000000        2.2705465        1.0000000       0.81829100        1.0000000        1.0372045        1.0000000        1.2604962 
       1.0000000        1.0000000        1.0000000        1.0000000       0.13200000        7.2904294        7.2405292       0.13456520       0.14339368      0.081574288      0.086003352      0.042814685      0.042123864       0.67744864       0.70440988       0.67098482       0.70028076       0.67526891       0.69369047        1.0000000        1.8692421        1.0000000        2.0625018        1.0000000        2.2713383        1.0000000       0.81794884        1.0000000        1.0371840        1.0000000        1.2612880 
       1.0000000        1.0000000        1.0000000        1.0000000       0.13300000        7.2776212        7.2280450       0.13456209       0.14344564      0.081606639      0.086041606      0.042856252      0.042095537       0.67748411       0.70445265       0.67093145       0.70026554       0.67544095       0.69365920        1.0000000        1.8693985        1.0000000        2.0625294        1.0000000        2.2713386        1.0000000       0.81810518        1.0000000        1.0372116        1.0000000        1.2612883 
       1.0000000        1.0000000        1.0000000        1.0000000       0.13400000        7.2544130        7.2051564       0.13451229       0.14367628      0.081527930      0.086255797      0.042720894      0.042188011       0.67722737       0.70480662       0.67054070       0.70091061       0.67469871       0.69410612        1.0000000        1.8704416        1.0000000        2.0648993        1.0000000        2.2746144        1.0000000       0.81914831        1.0000000        1.0395815        1.0000000        1.2645640 
       1.0000000        1.0000000        1.0000000        1.0000000       0.13500000        7.2285530        7.1796427       0.13455908       0.14382221      0.081572696      0.086472571      0.042749788      0.042337346       0.67744630       0.70527759       0.67069420       0.70158977       0.67485143       0.69516183        1.0000000        1.8716659        1.0000000        2.0668893        1.0000000        2.2793282        1.0000000       0.82037262        1.0000000        1.0415715        1.0000000        1.2692778 
       1.0000000        1.0000000        1.0000000        1.0000000       0.13600000        7.2139151        7.1653150       0.13436263       0.14398264      0.081402837      0.086595995      0.042650350      0.042397649       0.67703404       0.70543546       0.67036002       0.70196201       0.67470610       0.69542235        1.0000000        1.8721803        1.0000000        2.0683781        1.0000000        2.2810349        1.0000000       0.82088697        1.0000000        1.0430603        1.0000000        1.2709846 
       1.0000000        1.0000000        1.0000000        1.0000000       0.13700000        7.1994324        7.1511383       0.13440961       0.14392084      0.081449762      0.086520977      0.042710421      0.042277621       0.67710079       0.70494619       0.67032731       0.70138951       0.67473110       0.69493299        1.0000000        1.8709438        1.0000000        2.0666937        1.0000000        2.2782811        1.0000000       0.81965051        1.0000000        1.0413759        1.0000000        1.2682308 
       1.0000000        1.0000000        1.0000000        1.0000000       0.13800000        7.1855089        7.1375166       0.13437846       0.14383422      0.081498504      0.086516473      0.042755528      0.042402801       0.67690022       0.70463608       0.67031537       0.70148660       0.67526912       0.69640492        1.0000000        1.8701059        1.0000000        2.0663258        1.0000000        2.2812622        1.0000000       0.81881260        1.0000000        1.0410079        1.0000000        1.2712119 
       1.0000000        1.0000000        1.0000000        1.0000000       0.13900000        7.1681741        7.1204795       0.13443462       0.14392779      0.081520667      0.086648886      0.042713828      0.042441680       0.67691605       0.70461053       0.67012291       0.70170554       0.67442233       0.69665192        1.0000000        1.8700586        1.0000000        2.0671352        1.0000000        2.2822396        1.0000000       0.81876526        1.0000000        1.0418174        1.0000000        1.2721893 
       1.0000000        1.0000000        1.0000000        1.0000000       0.14000000        7.1577344        7.1103336       0.13436252       0.14399650      0.081390919      0.086634108      0.042596994      0.042352013       0.67667365       0.70465791       0.66974501       0.70147775       0.67388560       0.69618711        1.0000000        1.8703406        1.0000000        2.0665699        1.0000000        2.2806627        1.0000000       0.81904729        1.0000000        1.0412521        1.0000000        1.2706124 
       1.0000000        1.0000000        1.0000000        1.0000000       0.14100000        7.1578885        7.1107774       0.13415426       0.14434436      0.081103447      0.086845372      0.042263414      0.042404777       0.67588921       0.70522815       0.66850879       0.70234837       0.67265434       0.69663282        1.0000000        1.8720846        1.0000000        2.0700296        1.0000000        2.2825490        1.0000000       0.82079132        1.0000000        1.0447118        1.0000000        1.2724986 
       1.0000000        1.0000000        1.0000000        1.0000000       0.14200000        7.1415797        7.0947546       0.13418500       0.14409062      0.081121314      0.086625480      0.042320191      0.042356570       0.67609308       0.70468217       0.66875785       0.70100403       0.67299010       0.69597627        1.0000000        1.8704906        1.0000000        2.0656687        1.0000000        2.2801011        1.0000000       0.81919730        1.0000000        1.0403509        1.0000000        1.2700507 
       1.0000000        1.0000000        1.0000000        1.0000000       0.14300000        7.1281045        7.0815616       0.13436008       0.14382684      0.081270868      0.086498078      0.042472038      0.042329063       0.67662511       0.70391892       0.66930759       0.70073367       0.67369502       0.69578600        1.0000000        1.8682638        1.0000000        2.0646301        1.0000000        2.2787324        1.0000000       0.81697053        1.0000000        1.0393123        1.0000000        1.2686820 
       1.0000000        1.0000000        1.0000000        1.0000000       0.14400000        7.1064113        7.0601469       0.13437702       0.14351673      0.081314464      0.086200007      0.042565315      0.042122209       0.67668131       0.70292485       0.66944153       0.69955585       0.67415630       0.69461690        1.0000000        1.8655903        1.0000000        2.0608260        1.0000000        2.2724562        1.0000000       0.81429705        1.0000000        1.0355082        1.0000000        1.2624059 
       1.0000000        1.0000000        1.0000000        1.0000000       0.14500000        7.0903074        7.0443179       0.13430645       0.14359025      0.081174352      0.086212737      0.042376543      0.042103376       0.67642252       0.70273472       0.66910295       0.69949701       0.67358531       0.69484797        1.0000000        1.8652030        1.0000000        2.0609130        1.0000000        2.2724679        1.0000000       0.81390974        1.0000000        1.0355952        1.0000000        1.2624175 
       1.0000000        1.0000000        1.0000000        1.0000000       0.14600000        7.0845193        7.0388011       0.13432162       0.14370502      0.081226400      0.086264597      0.042489895      0.042050812       0.67632616       0.70297976       0.66925508       0.69952827       0.67415865       0.69432803        1.0000000        1.8659564        1.0000000        2.0613502        1.0000000        2.2712625        1.0000000       0.81466310        1.0000000        1.0360324        1.0000000        1.2612122 
       1.0000000        1.0000000        1.0000000        1.0000000       0.14700000        7.0697485        7.0243249       0.13433258       0.14362810      0.081277858      0.086171264      0.042551702      0.041993944       0.67641927       0.70288872       0.66951362       0.69926675       0.67422167       0.69418092        1.0000000        1.8656567        1.0000000        2.0601798        1.0000000        2.2699556        1.0000000       0.81436342        1.0000000        1.0348620        1.0000000        1.2599052 
       1.0000000        1.0000000        1.0000000        1.0000000       0.14800000        7.0673447        7.0221852       0.13431004       0.14372995      0.081244152      0.086349342      0.042511211      0.042030820       0.67615745       0.70282740       0.66896852       0.69952539       0.67377384       0.69433544        1.0000000        1.8654896        1.0000000        2.0611765        1.0000000        2.2713748        1.0000000       0.81419628        1.0000000        1.0358587        1.0000000        1.2613245 
       1.0000000        1.0000000        1.0000000        1.0000000       0.14900000        7.0524845        7.0075859       0.13418577       0.14375727      0.081157086      0.086508461      0.042490764      0.042222716       0.67601723       0.70289142       0.66883552       0.69974023       0.67378628       0.69540295        1.0000000        1.8655608        1.0000000        2.0613744        1.0000000        2.2767367        1.0000000       0.81426749        1.0000000        1.0360566        1.0000000        1.2666864 
       1.0000000        1.0000000        1.0000000        1.0000000       0.15000000        7.0349643        6.9903232       0.13424526       0.14408624      0.081227835      0.086745994      0.042524455      0.042335938       0.67603644       0.70357920       0.66901075       0.70028739       0.67381175       0.69583810        1.0000000        1.8676298        1.0000000        2.0638581        1.0000000        2.2803210        1.0000000       0.81633654        1.0000000        1.0385403        1.0000000        1.2702706 
       1.0000000        1.0000000        1.0000000        1.0000000       0.15100000        7.0235167        6.9791300       0.13424629       0.14422970      0.081297633      0.086895601      0.042624006      0.042394049       0.67573842       0.70357516       0.66895077       0.70036710       0.67399741       0.69579187        1.0000000        1.8677357        1.0000000        2.0645708        1.0000000        2.2809561        1.0000000       0.81644238        1.0000000        1.0392530        1.0000000        1.2709058 
       1.0000000        1.0000000        1.0000000        1.0000000       0.15200000        7.0020931        6.9579577       0.13424062       0.14427683      0.081282785      0.086903558      0.042593134      0.042394147       0.67556591       0.70390244       0.66862987       0.70047605       0.67367085       0.69564784        1.0000000        1.8686148        1.0000000        2.0649820        1.0000000        2.2804338        1.0000000       0.81732153        1.0000000        1.0396642        1.0000000        1.2703834 
       1.0000000        1.0000000        1.0000000        1.0000000       0.15300000        6.9868198        6.9429325       0.13424509       0.14416826      0.081320106      0.086723330      0.042588052      0.042336154       0.67544022       0.70383213       0.66879350       0.70002457       0.67371481       0.69477679        1.0000000        1.8683637        1.0000000        2.0634475        1.0000000        2.2760529        1.0000000       0.81707046        1.0000000        1.0381297        1.0000000        1.2660026 
       1.0000000        1.0000000        1.0000000        1.0000000       0.15400000        6.9676908        6.9240487       0.13422564       0.14442930      0.081330902      0.086923568      0.042649178      0.042468871       0.67516114       0.70411580       0.66862203       0.70057010       0.67391328       0.69561665        1.0000000        1.8693321        1.0000000        2.0656534        1.0000000        2.2800851        1.0000000       0.81803877        1.0000000        1.0403356        1.0000000        1.2700348 
       1.0000000        1.0000000        1.0000000        1.0000000       0.15500000        6.9468797        6.9034797       0.13425946       0.14473309      0.081363588      0.087109630      0.042634668      0.042612189       0.67514459       0.70484481       0.66856610       0.70104666       0.67365740       0.69589102        1.0000000        1.8714748        1.0000000        2.0680211        1.0000000        2.2826241        1.0000000       0.82018151        1.0000000        1.0427033        1.0000000        1.2725737 
       1.0000000        1.0000000        1.0000000        1.0000000       0.15600000        6.9254426        6.8822819       0.13423686       0.14490379      0.081347546      0.087224487      0.042622097      0.042588266       0.67520348       0.70505600       0.66870295       0.70120299       0.67397436       0.69590293        1.0000000        1.8722250        1.0000000        2.0687937        1.0000000        2.2828300        1.0000000       0.82093166        1.0000000        1.0434759        1.0000000        1.2727797 
       1.0000000        1.0000000        1.0000000        1.0000000       0.15700000        6.9042182        6.8612939       0.13423982       0.14496798      0.081329396      0.087275017      0.042648292      0.042611680       0.67517997       0.70518325       0.66849772       0.70140298       0.67371152       0.69613888        1.0000000        1.8726132        1.0000000        2.0695937        1.0000000        2.2845226        1.0000000       0.82131991        1.0000000        1.0442759        1.0000000        1.2744723 
       1.0000000        1.0000000        1.0000000        1.0000000       0.15800000        6.8898077        6.8471402       0.13418347       0.14496436      0.081247754      0.087244918      0.042498991      0.042604043       0.67498899       0.70541141       0.66825413       0.70138243       0.67324617       0.69567746        1.0000000        1.8731874        1.0000000        2.0695524        1.0000000        2.2831516        1.0000000       0.82189413        1.0000000        1.0442346        1.0000000        1.2731013 
       1.0000000        1.0000000        1.0000000        1.0000000       0.15900000        6.8715414        6.8291045       0.13423164       0.14505459      0.081274031      0.087333036      0.042540821      0.042637420       0.67521024       0.70556900       0.66851341       0.70155534       0.67373110       0.69590334        1.0000000        1.8737384        1.0000000        2.0703210        1.0000000        2.2839852        1.0000000       0.82244512        1.0000000        1.0450032        1.0000000        1.2739348 
       1.0000000        1.0000000        1.0000000        1.0000000       0.16000000        6.8564450        6.8142360       0.13422238       0.14472436      0.081328353      0.087128865      0.042633685      0.042603273       0.67512289       0.70528744       0.66872303       0.70158065       0.67430601       0.69606233        1.0000000        1.8724560        1.0000000        2.0699543        1.0000000        2.2840200        1.0000000       0.82116268        1.0000000        1.0446365        1.0000000        1.2739697 
