
       1.0000000        1.0000000        1.0000000        1.0000000      0.035000000        10.353599        10.185531       0.14670502       0.14663979      0.084382719      0.084000551      0.041824469      0.041386430       0.74824228       0.74782151       0.70182821       0.69993838       0.68297938       0.68347928        1.0000000        1.9936619        1.0000000        2.0570162        1.0000000        2.2215052        1.0000000       0.94236862        1.0000000        1.0316984        1.0000000        1.2114548 
       1.0000000        1.0000000        1.0000000        1.0000000      0.036000000        10.272927        10.109491       0.14565693       0.14536683      0.084075841      0.083542122      0.042001686      0.041541812       0.74591337       0.74292872       0.70061839       0.69806555       0.68313845       0.68290727        1.0000000        1.9802528        1.0000000        2.0500563        1.0000000        2.2210070        1.0000000       0.92895955        1.0000000        1.0247385        1.0000000        1.2109567 
       1.0000000        1.0000000        1.0000000        1.0000000      0.037000000        10.161147        10.002068       0.14541353       0.14425426      0.083913601      0.082706163      0.041965059      0.040798857       0.74376366       0.74199402       0.69961844       0.69687212       0.68216850       0.68089443        1.0000000        1.9759139        1.0000000        2.0440404        1.0000000        2.2093830        1.0000000       0.92462064        1.0000000        1.0187226        1.0000000        1.1993326 
       1.0000000        1.0000000        1.0000000        1.0000000      0.038000000        10.049299        9.8943242       0.14494528       0.14355659      0.083966658      0.082460240      0.042273313      0.040671645       0.74168737       0.73967252       0.69860567       0.69562272       0.68315640       0.68087148        1.0000000        1.9687672        1.0000000        2.0401810        1.0000000        2.2087909        1.0000000       0.91747390        1.0000000        1.0148632        1.0000000        1.1987406 
       1.0000000        1.0000000        1.0000000        1.0000000      0.039000000        9.9974538        9.8463543       0.14423756       0.14328384      0.083881490      0.082352622      0.042514113      0.040539639       0.73897910       0.73773840       0.69736074       0.69468028       0.68279597       0.68054550        1.0000000        1.9624711        1.0000000        2.0370272        1.0000000        2.2068337        1.0000000       0.91117777        1.0000000        1.0117094        1.0000000        1.1967834 
       1.0000000        1.0000000        1.0000000        1.0000000      0.040000000        9.9536657        9.8062315       0.14350029       0.14346610      0.083759523      0.082966076      0.042823716      0.041108460       0.73603385       0.73586086       0.69518265       0.69534220       0.68197768       0.68225492        1.0000000        1.9570707        1.0000000        2.0403067        1.0000000        2.2187646        1.0000000       0.90577744        1.0000000        1.0149889        1.0000000        1.2087143 
       1.0000000        1.0000000        1.0000000        1.0000000      0.041000000        9.8513633        9.7074017       0.14328062       0.14296040      0.083758657      0.082640057      0.042895824      0.040922712       0.73435722       0.73448320       0.69428461       0.69460967       0.68204363       0.68128565        1.0000000        1.9529306        1.0000000        2.0379476        1.0000000        2.2118458        1.0000000       0.90163730        1.0000000        1.0126298        1.0000000        1.2017954 
       1.0000000        1.0000000        1.0000000        1.0000000      0.042000000        9.7937720        9.6531055       0.14264796       0.14202367      0.083388107      0.082001641      0.042509350      0.040643760       0.73170048       0.73201282       0.69224194       0.69284511       0.68029440       0.67952116        1.0000000        1.9459741        1.0000000        2.0303679        1.0000000        2.2033685        1.0000000       0.89468079        1.0000000        1.0050501        1.0000000        1.1933181 
       1.0000000        1.0000000        1.0000000        1.0000000      0.043000000        9.7430871        9.6055521       0.14221885       0.14184819      0.083265699      0.081986074      0.042526572      0.040648786       0.73012534       0.73053318       0.69143549       0.69221344       0.68109762       0.67949010        1.0000000        1.9415209        1.0000000        2.0279329        1.0000000        2.2020281        1.0000000       0.89022756        1.0000000        1.0026151        1.0000000        1.1919778 
       1.0000000        1.0000000        1.0000000        1.0000000      0.044000000        9.6777398        9.5431851       0.14188962       0.14144133      0.083017348      0.081855888      0.042262788      0.040529237       0.72809353       0.72872207       0.69002280       0.69132015       0.68013653       0.67864255        1.0000000        1.9363150        1.0000000        2.0253608        1.0000000        2.1973558        1.0000000       0.88502174        1.0000000        1.0000430        1.0000000        1.1873055 
       1.0000000        1.0000000        1.0000000        1.0000000      0.045000000        9.5890378        9.4575998       0.14138357       0.14106933      0.082369245      0.081489453      0.041563506      0.039914204       0.72517678       0.72712147       0.68686527       0.68876077       0.67744526       0.67621789        1.0000000        1.9320815        1.0000000        2.0171000        1.0000000        2.1860075        1.0000000       0.88078817        1.0000000       0.99178216        1.0000000        1.1759572 
       1.0000000        1.0000000        1.0000000        1.0000000      0.046000000        9.5162606        9.3875200       0.14084465       0.14098947      0.082132977      0.081467663      0.041521417      0.039796652       0.72318572       0.72533462       0.68547272       0.68780424       0.67661360       0.67574294        1.0000000        1.9272994        1.0000000        2.0145450        1.0000000        2.1831685        1.0000000       0.87600612        1.0000000       0.98922722        1.0000000        1.1731182 
       1.0000000        1.0000000        1.0000000        1.0000000      0.047000000        9.4718816        9.3457182       0.14033810       0.14101366      0.081899816      0.081681549      0.041384305      0.040011334       0.72108095       0.72366668       0.68423618       0.68717279       0.67652499       0.67648518        1.0000000        1.9230967        1.0000000        2.0133752        1.0000000        2.1876459        1.0000000       0.87180341        1.0000000       0.98805736        1.0000000        1.1775956 
       1.0000000        1.0000000        1.0000000        1.0000000      0.048000000        9.4049153        9.2812170       0.14004428       0.14113377      0.081779848      0.081946902      0.041313003      0.040000679       0.71987453       0.72320607       0.68350322       0.68771969       0.67634075       0.67602360        1.0000000        1.9209982        1.0000000        2.0149122        1.0000000        2.1859320        1.0000000       0.86970491        1.0000000       0.98959436        1.0000000        1.1758817 
       1.0000000        1.0000000        1.0000000        1.0000000      0.049000000        9.3770957        9.2557580       0.13954455       0.14083784      0.081754804      0.081915033      0.041446505      0.040084345       0.71776160       0.72076942       0.68264499       0.68650006       0.67635289       0.67617499        1.0000000        1.9145491        1.0000000        2.0112044        1.0000000        2.1864126        1.0000000       0.86325577        1.0000000       0.98588660        1.0000000        1.1763622 
       1.0000000        1.0000000        1.0000000        1.0000000      0.050000000        9.3799440        9.2608690       0.13891042       0.14109326      0.081294528      0.082384024      0.041251371      0.040359267       0.71566507       0.71862730       0.68131122       0.68698315       0.67505346       0.67800350        1.0000000        1.9086242        1.0000000        2.0134516        1.0000000        2.1964469        1.0000000       0.85733088        1.0000000       0.98813380        1.0000000        1.1863966 
       1.0000000        1.0000000        1.0000000        1.0000000      0.051000000        9.3406446        9.2237405       0.13855843       0.14078771      0.081121804      0.082407621      0.041169406      0.040436822       0.71370210       0.71735164       0.68036677       0.68669259       0.67447632       0.67791788        1.0000000        1.9046099        1.0000000        2.0123230        1.0000000        2.1965759        1.0000000       0.85331663        1.0000000       0.98700520        1.0000000        1.1865256 
       1.0000000        1.0000000        1.0000000        1.0000000      0.052000000        9.3155017        9.2006826       0.13818928       0.14064181      0.081136648      0.082435377      0.041334524      0.040431562       0.71187870       0.71533713       0.67960582       0.68609132       0.67459377       0.67797537        1.0000000        1.8991524        1.0000000        2.0110725        1.0000000        2.1977497        1.0000000       0.84785909        1.0000000       0.98575467        1.0000000        1.1876994 
       1.0000000        1.0000000        1.0000000        1.0000000      0.053000000        9.3275461        9.2147312       0.13782397       0.14037210      0.081211913      0.082407268      0.041497617      0.040359294       0.70941682       0.71336177       0.67883981       0.68636677       0.67483008       0.67817236        1.0000000        1.8932442        1.0000000        2.0116201        1.0000000        2.1977163        1.0000000       0.84195094        1.0000000       0.98630225        1.0000000        1.1876660 
       1.0000000        1.0000000        1.0000000        1.0000000      0.054000000        9.3057187        9.1948319       0.13738061       0.13983970      0.081030337      0.082142478      0.041301743      0.040231997       0.70763552       0.71220389       0.67813215       0.68574565       0.67482752       0.67799864        1.0000000        1.8896915        1.0000000        2.0087899        1.0000000        2.1964532        1.0000000       0.83839816        1.0000000       0.98347204        1.0000000        1.1864029 
       1.0000000        1.0000000        1.0000000        1.0000000      0.055000000        9.2491297        9.1400994       0.13706669       0.13960108      0.080696623      0.082091729      0.040980150      0.040177582       0.70627408       0.71114188       0.67686097       0.68534839       0.67448400       0.67778640        1.0000000        1.8867527        1.0000000        2.0072689        1.0000000        2.1950445        1.0000000       0.83545943        1.0000000       0.98195110        1.0000000        1.1849941 
       1.0000000        1.0000000        1.0000000        1.0000000      0.056000000        9.1736259        9.0665599       0.13700465       0.13947980      0.080799592      0.082069256      0.041138926      0.040158207       0.70534190       0.71012583       0.67641107       0.68518171       0.67451618       0.67789769        1.0000000        1.8838579        1.0000000        2.0066500        1.0000000        2.1951357        1.0000000       0.83256461        1.0000000       0.98133215        1.0000000        1.1850854 
       1.0000000        1.0000000        1.0000000        1.0000000      0.057000000        9.1144608        9.0091138       0.13675816       0.13942731      0.080776967      0.082040739      0.041085821      0.040127966       0.70467249       0.70940432       0.67640290       0.68512359       0.67495154       0.67778932        1.0000000        1.8817523        1.0000000        2.0065000        1.0000000        2.1944135        1.0000000       0.83045901        1.0000000       0.98118222        1.0000000        1.1843632 
       1.0000000        1.0000000        1.0000000        1.0000000      0.058000000        9.0976124        8.9939244       0.13664078       0.13938532      0.080788555      0.081990828      0.041043914      0.040158318       0.70377164       0.70861122       0.67617804       0.68608450       0.67534630       0.67758727        1.0000000        1.8795586        1.0000000        2.0097270        1.0000000        2.1939604        1.0000000       0.82826527        1.0000000       0.98440924        1.0000000        1.1839101 
       1.0000000        1.0000000        1.0000000        1.0000000      0.059000000        9.0396938        8.9376080       0.13655397       0.13927974      0.080856373      0.081976237      0.041185825      0.040154155       0.70264459       0.70766506       0.67582276       0.68580630       0.67566227       0.67754856        1.0000000        1.8770014        1.0000000        2.0090536        1.0000000        2.1942600        1.0000000       0.82570808        1.0000000       0.98373582        1.0000000        1.1842096 
       1.0000000        1.0000000        1.0000000        1.0000000      0.060000000        9.0109261        8.9103886       0.13645099       0.13952481      0.080786708      0.082170037      0.041104486      0.040401686       0.70175994       0.70755388       0.67524174       0.68647277       0.67495652       0.67865607        1.0000000        1.8767285        1.0000000        2.0113226        1.0000000        2.1990459        1.0000000       0.82543522        1.0000000       0.98600477        1.0000000        1.1889956 
       1.0000000        1.0000000        1.0000000        1.0000000      0.061000000        8.9777180        8.8786778       0.13639502       0.13947546      0.080910145      0.082260595      0.041231933      0.040482867       0.70076221       0.70678676       0.67498317       0.68636909       0.67561224       0.67900162        1.0000000        1.8747405        1.0000000        2.0112170        1.0000000        2.2011257        1.0000000       0.82344722        1.0000000       0.98589922        1.0000000        1.1910754 
       1.0000000        1.0000000        1.0000000        1.0000000      0.062000000        8.9127937        8.8152023       0.13623532       0.13895478      0.080818788      0.082048035      0.041133865      0.040534049       0.69986049       0.70499219       0.67430854       0.68573249       0.67489096       0.67888722        1.0000000        1.8692562        1.0000000        2.0087219        1.0000000        2.2015597        1.0000000       0.81796286        1.0000000       0.98340412        1.0000000        1.1915094 
       1.0000000        1.0000000        1.0000000        1.0000000      0.063000000        8.8714620        8.7752733       0.13613085       0.13819680      0.080714465      0.081428741      0.040993896      0.040135735       0.69897786       0.70302806       0.67361965       0.68347856       0.67433586       0.67698212        1.0000000        1.8633711        1.0000000        2.0001402        1.0000000        2.1901426        1.0000000       0.81207776        1.0000000       0.97482242        1.0000000        1.1800923 
       1.0000000        1.0000000        1.0000000        1.0000000      0.064000000        8.8379123        8.7430825       0.13599854       0.13837906      0.080787128      0.081737820      0.040997058      0.040379843       0.69788599       0.70269565       0.67343559       0.68437172       0.67458496       0.67848869        1.0000000        1.8623150        1.0000000        2.0034328        1.0000000        2.1987623        1.0000000       0.81102167        1.0000000       0.97811503        1.0000000        1.1887120 
       1.0000000        1.0000000        1.0000000        1.0000000      0.065000000        8.8003024        8.7067898       0.13557624       0.13834779      0.080528083      0.081740789      0.041001855      0.040500920       0.69656237       0.70256784       0.67231365       0.68449634       0.67402748       0.67908771        1.0000000        1.8617659        1.0000000        2.0036104        1.0000000        2.2010747        1.0000000       0.81047256        1.0000000       0.97829255        1.0000000        1.1910244 
       1.0000000        1.0000000        1.0000000        1.0000000      0.066000000        8.7625662        8.6703310       0.13539739       0.13835349      0.080485398      0.081738367      0.041102720      0.040342300       0.69581081       0.70189495       0.67192201       0.68480915       0.67401155       0.67879267        1.0000000        1.8598080        1.0000000        2.0045656        1.0000000        2.1993508        1.0000000       0.80851471        1.0000000       0.97924778        1.0000000        1.1893005 
       1.0000000        1.0000000        1.0000000        1.0000000      0.067000000        8.7435414        8.6526676       0.13547670       0.13873865      0.080726692      0.082028315      0.041590689      0.040399849       0.69532755       0.70160102       0.67168075       0.68523414       0.67438244       0.67891209        1.0000000        1.8590935        1.0000000        2.0064132        1.0000000        2.2008770        1.0000000       0.80780025        1.0000000       0.98109543        1.0000000        1.1908266 
       1.0000000        1.0000000        1.0000000        1.0000000      0.068000000        8.7062119        8.6165378       0.13544086       0.13888993      0.080846645      0.082207447      0.041738029      0.040642310       0.69458476       0.70229491       0.67175365       0.68613896       0.67529912       0.68051746        1.0000000        1.8607476        1.0000000        2.0093683        1.0000000        2.2081035        1.0000000       0.80945431        1.0000000       0.98405050        1.0000000        1.1980532 
       1.0000000        1.0000000        1.0000000        1.0000000      0.069000000        8.6825772        8.5940684       0.13537565       0.13921892      0.080854924      0.082396621      0.041757730      0.040735904       0.69398502       0.70252436       0.67167784       0.68659391       0.67555691       0.68129720        1.0000000        1.8613977        1.0000000        2.0109423        1.0000000        2.2107914        1.0000000       0.81010443        1.0000000       0.98562449        1.0000000        1.2007410 
       1.0000000        1.0000000        1.0000000        1.0000000      0.070000000        8.6490390        8.5616626       0.13535695       0.13973175      0.081061359      0.082875257      0.042130264      0.040986194       0.69314376       0.70256516       0.67158441       0.68722853       0.67592146       0.68239123        1.0000000        1.8617819        1.0000000        2.0136909        1.0000000        2.2167618        1.0000000       0.81048858        1.0000000       0.98837306        1.0000000        1.2067115 
       1.0000000        1.0000000        1.0000000        1.0000000      0.071000000        8.6058111        8.5195355       0.13530320       0.13959343      0.081215977      0.083057660      0.042292567      0.041201041       0.69252095       0.70119758       0.67180291       0.68697995       0.67639375       0.68291066        1.0000000        1.8576436        1.0000000        2.0125685        1.0000000        2.2205378        1.0000000       0.80635027        1.0000000       0.98725072        1.0000000        1.2104875 
       1.0000000        1.0000000        1.0000000        1.0000000      0.072000000        8.5606729        8.4754681       0.13514394       0.13923905      0.081068802      0.082773063      0.042225760      0.041011175       0.69172536       0.70034216       0.67130172       0.68620058       0.67649536       0.68185530        1.0000000        1.8552021        1.0000000        2.0099165        1.0000000        2.2150843        1.0000000       0.80390876        1.0000000       0.98459866        1.0000000        1.2050339 
       1.0000000        1.0000000        1.0000000        1.0000000      0.073000000        8.5206175        8.4364545       0.13476400       0.13954425      0.080718851      0.083099571      0.041913902      0.041183231       0.69068405       0.70017389       0.67074424       0.68728862       0.67609045       0.68247097        1.0000000        1.8549494        1.0000000        2.0142467        1.0000000        2.2187868        1.0000000       0.80365607        1.0000000       0.98892887        1.0000000        1.2087364 
       1.0000000        1.0000000        1.0000000        1.0000000      0.074000000        8.4888875        8.4057386       0.13470836       0.13965964      0.080758953      0.083309824      0.041968153      0.041268994       0.69042299       0.69992211       0.67084861       0.68741009       0.67603955       0.68283988        1.0000000        1.8541517        1.0000000        2.0146463        1.0000000        2.2213122        1.0000000       0.80285843        1.0000000       0.98932845        1.0000000        1.2112619 
       1.0000000        1.0000000        1.0000000        1.0000000      0.075000000        8.4567344        8.3745731       0.13465058       0.13996483      0.080791099      0.083558197      0.041961964      0.041388692       0.68965046       0.69960011       0.67081525       0.68781096       0.67602961       0.68337397        1.0000000        1.8533994        1.0000000        2.0163525        1.0000000        2.2245037        1.0000000       0.80210608        1.0000000       0.99103465        1.0000000        1.2144533 
       1.0000000        1.0000000        1.0000000        1.0000000      0.076000000        8.4035720        8.3223729       0.13449686       0.13947992      0.080716064      0.083227862      0.042025105      0.041203656       0.68922481       0.69850911       0.67074591       0.68730848       0.67621999       0.68327465        1.0000000        1.8500653        1.0000000        2.0135794        1.0000000        2.2218541        1.0000000       0.79877197        1.0000000       0.98826157        1.0000000        1.2118037 
       1.0000000        1.0000000        1.0000000        1.0000000      0.077000000        8.3780632        8.2978016       0.13414011       0.13891887      0.080331756      0.082939030      0.041708840      0.041034128       0.68829533       0.69739411       0.66974073       0.68707885       0.67516207       0.68299972        1.0000000        1.8463605        1.0000000        2.0123359        1.0000000        2.2196047        1.0000000       0.79506716        1.0000000       0.98701808        1.0000000        1.2095543 
       1.0000000        1.0000000        1.0000000        1.0000000      0.078000000        8.3472412        8.2678937       0.13419405       0.13898430      0.080425053      0.083022885      0.041743138      0.041031538       0.68801539       0.69689311       0.66980571       0.68699492       0.67549498       0.68321219        1.0000000        1.8450551        1.0000000        2.0117944        1.0000000        2.2202018        1.0000000       0.79376184        1.0000000       0.98647659        1.0000000        1.2101514 
       1.0000000        1.0000000        1.0000000        1.0000000      0.079000000        8.2931973        8.2148292       0.13399614       0.13912860      0.080048886      0.083111287      0.041305287      0.041055581       0.68752812       0.69694107       0.66951757       0.68726346       0.67526513       0.68342079        1.0000000        1.8453414        1.0000000        2.0131144        1.0000000        2.2204147        1.0000000       0.79404806        1.0000000       0.98779655        1.0000000        1.2103644 
       1.0000000        1.0000000        1.0000000        1.0000000      0.080000000        8.2780257        8.2005252       0.13401548       0.13881645      0.080160818      0.082800520      0.041379477      0.040738956       0.68714138       0.69656535       0.66961662       0.68542755       0.67548542       0.68091008        1.0000000        1.8443225        1.0000000        2.0073957        1.0000000        2.2108147        1.0000000       0.79302916        1.0000000       0.98207790        1.0000000        1.2007644 
       1.0000000        1.0000000        1.0000000        1.0000000      0.081000000        8.2698042        8.1931504       0.13392599       0.13848943      0.080147092      0.082685334      0.041334959      0.040779519       0.68622036       0.69587337       0.66946787       0.68488016       0.67518091       0.68144482        1.0000000        1.8421216        1.0000000        2.0048961        1.0000000        2.2132853        1.0000000       0.79082828        1.0000000       0.97957834        1.0000000        1.2032350 
       1.0000000        1.0000000        1.0000000        1.0000000      0.082000000        8.2403210        8.1644937       0.13376791       0.13836467      0.080266831      0.082595452      0.041519355      0.040729968       0.68523806       0.69536063       0.66919197       0.68463165       0.67535786       0.68167666        1.0000000        1.8405623        1.0000000        2.0036770        1.0000000        2.2122310        1.0000000       0.78926905        1.0000000       0.97835918        1.0000000        1.2021807 
       1.0000000        1.0000000        1.0000000        1.0000000      0.083000000        8.2108063        8.1357863       0.13329894       0.13856901      0.079919044      0.082822914      0.041199969      0.040895951       0.68438884       0.69602165       0.66875970       0.68585466       0.67530972       0.68244711        1.0000000        1.8422755        1.0000000        2.0081076        1.0000000        2.2163466        1.0000000       0.79098217        1.0000000       0.98278978        1.0000000        1.2062963 
       1.0000000        1.0000000        1.0000000        1.0000000      0.084000000        8.1636247        8.0893932       0.13337615       0.13845598      0.080027187      0.082767380      0.041206911      0.041005998       0.68395203       0.69609895       0.66944588       0.68617939       0.67567887       0.68275210        1.0000000        1.8423725        1.0000000        2.0087163        1.0000000        2.2168308        1.0000000       0.79107922        1.0000000       0.98339846        1.0000000        1.2067805 
       1.0000000        1.0000000        1.0000000        1.0000000      0.085000000        8.1415907        8.0681297       0.13326109       0.13870812      0.079978270      0.083003850      0.041275403      0.041147586       0.68336220       0.69598047       0.66941870       0.68620588       0.67571959       0.68310618        1.0000000        1.8422300        1.0000000        2.0089014        1.0000000        2.2189260        1.0000000       0.79093674        1.0000000       0.98358358        1.0000000        1.2088756 
       1.0000000        1.0000000        1.0000000        1.0000000      0.086000000        8.1322211        8.0595133       0.13325383       0.13867350      0.080021634      0.082973041      0.041289038      0.041090212       0.68287786       0.69569142       0.66937435       0.68614973       0.67568522       0.68302837        1.0000000        1.8413991        1.0000000        2.0085938        1.0000000        2.2183395        1.0000000       0.79010583        1.0000000       0.98327600        1.0000000        1.2082892 
       1.0000000        1.0000000        1.0000000        1.0000000      0.087000000        8.0974144        8.0254429       0.13332901       0.13880629      0.080069814      0.083101782      0.041259030      0.041149595       0.68276889       0.69576907       0.66960415       0.68626677       0.67560906       0.68307746        1.0000000        1.8416564        1.0000000        2.0093119        1.0000000        2.2191913        1.0000000       0.79036313        1.0000000       0.98399408        1.0000000        1.2091409 
       1.0000000        1.0000000        1.0000000        1.0000000      0.088000000        8.0715636        8.0003124       0.13332177       0.13844889      0.080074958      0.082880603      0.041262614      0.041084775       0.68253062       0.69511478       0.66966347       0.68603851       0.67503022       0.68358565        1.0000000        1.8393582        1.0000000        2.0079132        1.0000000        2.2201184        1.0000000       0.78806495        1.0000000       0.98259542        1.0000000        1.2100681 
       1.0000000        1.0000000        1.0000000        1.0000000      0.089000000        8.0383259        7.9677792       0.13352851       0.13832774      0.080301380      0.082887064      0.041425804      0.041146854       0.68266253       0.69469382       0.66988411       0.68618720       0.67425124       0.68404398        1.0000000        1.8380243        1.0000000        2.0083630        1.0000000        2.2216043        1.0000000       0.78673103        1.0000000       0.98304523        1.0000000        1.2115540 
       1.0000000        1.0000000        1.0000000        1.0000000      0.090000000        8.0275020        7.9577128       0.13342129       0.13832217      0.080114865      0.082961414      0.041216136      0.041202091       0.68221777       0.69431970       0.66959600       0.68617332       0.67391216       0.68425077        1.0000000        1.8369874        1.0000000        2.0083911        1.0000000        2.2226664        1.0000000       0.78569409        1.0000000       0.98307325        1.0000000        1.2126161 
       1.0000000        1.0000000        1.0000000        1.0000000      0.091000000        8.0264990        7.9573831       0.13343014       0.13835317      0.080126523      0.083112059      0.041147756      0.041412569       0.68207213       0.69392620       0.66968373       0.68626877       0.67378962       0.68564403        1.0000000        1.8358695        1.0000000        2.0081217        1.0000000        2.2281792        1.0000000       0.78457621        1.0000000       0.98280386        1.0000000        1.2181289 
       1.0000000        1.0000000        1.0000000        1.0000000      0.092000000        8.0132840        7.9448274       0.13337683       0.13797434      0.080124193      0.082763848      0.041108976      0.041180935       0.68160046       0.69302565       0.66977687       0.68521264       0.67368201       0.68471561        1.0000000        1.8333498        1.0000000        2.0044298        1.0000000        2.2225992        1.0000000       0.78205648        1.0000000       0.97911200        1.0000000        1.2125489 
       1.0000000        1.0000000        1.0000000        1.0000000      0.093000000        7.9949239        7.9271128       0.13340013       0.13834245      0.080179152      0.083082059      0.041180615      0.041305125       0.68121214       0.69343023       0.66985065       0.68612559       0.67394225       0.68548735        1.0000000        1.8344652        1.0000000        2.0079666        1.0000000        2.2277298        1.0000000       0.78317188        1.0000000       0.98264875        1.0000000        1.2176795 
       1.0000000        1.0000000        1.0000000        1.0000000      0.094000000        7.9746959        7.9075172       0.13347054       0.13826614      0.080268798      0.082995263      0.041265539      0.041255921       0.68088440       0.69320589       0.67010903       0.68603879       0.67442364       0.68540787        1.0000000        1.8337674        1.0000000        2.0076686        1.0000000        2.2272154        1.0000000       0.78247413        1.0000000       0.98235081        1.0000000        1.2171650 
       1.0000000        1.0000000        1.0000000        1.0000000      0.095000000        7.9449216        7.8783624       0.13348974       0.13815459      0.080305029      0.082919370      0.041272892      0.041244502       0.68053485       0.69273694       0.67048144       0.68545452       0.67456176       0.68491205        1.0000000        1.8323805        1.0000000        2.0058793        1.0000000        2.2253950        1.0000000       0.78108723        1.0000000       0.98056152        1.0000000        1.2153447 
       1.0000000        1.0000000        1.0000000        1.0000000      0.096000000        7.9216648        7.8557127       0.13354426       0.13787077      0.080328653      0.082714343      0.041176750      0.041104250       0.68049433       0.69209291       0.67062654       0.68451869       0.67461794       0.68384980        1.0000000        1.8303923        1.0000000        2.0026403        1.0000000        2.2208104        1.0000000       0.77909904        1.0000000       0.97732247        1.0000000        1.2107601 
       1.0000000        1.0000000        1.0000000        1.0000000      0.097000000        7.8930174        7.8276604       0.13357753       0.13794949      0.080443003      0.082793529      0.041361121      0.041117441       0.68007312       0.69198420       0.67066305       0.68461733       0.67461745       0.68395203        1.0000000        1.8301347        1.0000000        2.0031068        1.0000000        2.2210226        1.0000000       0.77884136        1.0000000       0.97778898        1.0000000        1.2109722 
       1.0000000        1.0000000        1.0000000        1.0000000      0.098000000        7.8700252        7.8052516       0.13342836       0.13792901      0.080421895      0.082801725      0.041450600      0.041168271       0.67936336       0.69199082       0.67029424       0.68490776       0.67482536       0.68421425        1.0000000        1.8301638        1.0000000        2.0042484        1.0000000        2.2224003        1.0000000       0.77887053        1.0000000       0.97893055        1.0000000        1.2123500 
       1.0000000        1.0000000        1.0000000        1.0000000      0.099000000        7.8639666        7.7997652       0.13340823       0.13794163      0.080475329      0.082757616      0.041552251      0.041003339       0.67913160       0.69159724       0.67038653       0.68451073       0.67547418       0.68335087        1.0000000        1.8292058        1.0000000        2.0032573        1.0000000        2.2188571        1.0000000       0.77791254        1.0000000       0.97793952        1.0000000        1.2088068 
       1.0000000        1.0000000        1.0000000        1.0000000       0.10000000        7.8475881        7.7839479       0.13341474       0.13805746      0.080517885      0.082747062      0.041661518      0.040976120       0.67894986       0.69187975       0.67054382       0.68458674       0.67578146       0.68317448        1.0000000        1.8301396        1.0000000        2.0038076        1.0000000        2.2187632        1.0000000       0.77884628        1.0000000       0.97848977        1.0000000        1.2087129 
       1.0000000        1.0000000        1.0000000        1.0000000       0.10100000        7.8126809        7.7496457       0.13333935       0.13820266      0.080465371      0.082976192      0.041639161      0.041208787       0.67847167       0.69196164       0.67017948       0.68501776       0.67544573       0.68444882        1.0000000        1.8302840        1.0000000        2.0050042        1.0000000        2.2239437        1.0000000       0.77899075        1.0000000       0.97968639        1.0000000        1.2138933 
       1.0000000        1.0000000        1.0000000        1.0000000       0.10200000        7.8009726        7.7384765       0.13345828       0.13835212      0.080598365      0.083074938      0.041764157      0.041198424       0.67843960       0.69190732       0.67080318       0.68554473       0.67573330       0.68437070        1.0000000        1.8301233        1.0000000        2.0067088        1.0000000        2.2233247        1.0000000       0.77883002        1.0000000       0.98139102        1.0000000        1.2132744 
       1.0000000        1.0000000        1.0000000        1.0000000       0.10300000        7.7758634        7.7138964       0.13354880       0.13844172      0.080621892      0.083135715      0.041680450      0.041184903       0.67858689       0.69202618       0.67104738       0.68582255       0.67552593       0.68459271        1.0000000        1.8305402        1.0000000        2.0078629        1.0000000        2.2241524        1.0000000       0.77924695        1.0000000       0.98254512        1.0000000        1.2141021 
       1.0000000        1.0000000        1.0000000        1.0000000       0.10400000        7.7497059        7.6882584       0.13365393       0.13848474      0.080755100      0.083193316      0.041766379      0.041303775       0.67858169       0.69186760       0.67112686       0.68636659       0.67573184       0.68448730        1.0000000        1.8299972        1.0000000        2.0094077        1.0000000        2.2239373        1.0000000       0.77870395        1.0000000       0.98408992        1.0000000        1.2138869 
       1.0000000        1.0000000        1.0000000        1.0000000       0.10500000        7.7262120        7.6652745       0.13362988       0.13837051      0.080771943      0.083122143      0.041826977      0.041260745       0.67854541       0.69169650       0.67070203       0.68623130       0.67549670       0.68452973        1.0000000        1.8294660        1.0000000        2.0087529        1.0000000        2.2230232        1.0000000       0.77817272        1.0000000       0.98343507        1.0000000        1.2129729 
       1.0000000        1.0000000        1.0000000        1.0000000       0.10600000        7.7160676        7.6556309       0.13357384       0.13816416      0.080683012      0.082939702      0.041753041      0.041203387       0.67831471       0.69121110       0.67043784       0.68558881       0.67544340       0.68387536        1.0000000        1.8280100        1.0000000        2.0063501        1.0000000        2.2199956        1.0000000       0.77671669        1.0000000       0.98103230        1.0000000        1.2099452 
       1.0000000        1.0000000        1.0000000        1.0000000       0.10700000        7.6935452        7.6336003       0.13348802       0.13849397      0.080611022      0.083210194      0.041723132      0.041342233       0.67790595       0.69150319       0.67040684       0.68627477       0.67589321       0.68460024        1.0000000        1.8290291        1.0000000        2.0087793        1.0000000        2.2235157        1.0000000       0.77773580        1.0000000       0.98346145        1.0000000        1.2134654 
       1.0000000        1.0000000        1.0000000        1.0000000       0.10800000        7.6851839        7.6257221       0.13346036       0.13852368      0.080651438      0.083228343      0.041779237      0.041322795       0.67761259       0.69179164       0.67036792       0.68617339       0.67579755       0.68425197        1.0000000        1.8299514        1.0000000        2.0090804        1.0000000        2.2232182        1.0000000       0.77865812        1.0000000       0.98376261        1.0000000        1.2131678 
       1.0000000        1.0000000        1.0000000        1.0000000       0.10900000        7.6692982        7.6103112       0.13347206       0.13879972      0.080664744      0.083368889      0.041817107      0.041353759       0.67779591       0.69233355       0.67047180       0.68655805       0.67633534       0.68445152        1.0000000        1.8316723        1.0000000        2.0109190        1.0000000        2.2244572        1.0000000       0.78037897        1.0000000       0.98560122        1.0000000        1.2144068 
       1.0000000        1.0000000        1.0000000        1.0000000       0.11000000        7.6396144        7.5810939       0.13340838       0.13892461      0.080704378      0.083481818      0.041904476      0.041483219       0.67755325       0.69254265       0.67043024       0.68703283       0.67660989       0.68456326        1.0000000        1.8320958        1.0000000        2.0124735        1.0000000        2.2269871        1.0000000       0.78080248        1.0000000       0.98715568        1.0000000        1.2169368 
       1.0000000        1.0000000        1.0000000        1.0000000       0.11100000        7.6076851        7.5496231       0.13340236       0.13920503      0.080699435      0.083688632      0.041860252      0.041596549       0.67746310       0.69285548       0.67037455       0.68725717       0.67620717       0.68474779        1.0000000        1.8331820        1.0000000        2.0134734        1.0000000        2.2286932        1.0000000       0.78188870        1.0000000       0.98815558        1.0000000        1.2186428 
       1.0000000        1.0000000        1.0000000        1.0000000       0.11200000        7.5785603        7.5209489       0.13329864       0.13940664      0.080665439      0.083826181      0.041823109      0.041670522       0.67715548       0.69346936       0.66987007       0.68780866       0.67556948       0.68507827        1.0000000        1.8350492        1.0000000        2.0156760        1.0000000        2.2301194        1.0000000       0.78375588        1.0000000       0.99035818        1.0000000        1.2200690 
       1.0000000        1.0000000        1.0000000        1.0000000       0.11300000        7.5545182        7.4973939       0.13329901       0.13932185      0.080678551      0.083734886      0.041845197      0.041598895       0.67718948       0.69332880       0.66991435       0.68776557       0.67552654       0.68463357        1.0000000        1.8346104        1.0000000        2.0155546        1.0000000        2.2281491        1.0000000       0.78331714        1.0000000       0.99023678        1.0000000        1.2180988 
       1.0000000        1.0000000        1.0000000        1.0000000       0.11400000        7.5362524        7.4795631       0.13326114       0.13950004      0.080724655      0.083959520      0.041933680      0.041821848       0.67686301       0.69390217       0.66956812       0.68864427       0.67535345       0.68596498        1.0000000        1.8360665        1.0000000        2.0183751        1.0000000        2.2346059        1.0000000       0.78477317        1.0000000       0.99305732        1.0000000        1.2245556 
       1.0000000        1.0000000        1.0000000        1.0000000       0.11500000        7.5137284        7.4574669       0.13329521       0.13944784      0.080731963      0.083869531      0.041969137      0.041759009       0.67676387       0.69340315       0.66948619       0.68802892       0.67527988       0.68548765        1.0000000        1.8347065        1.0000000        2.0163469        1.0000000        2.2325297        1.0000000       0.78341316        1.0000000       0.99102911        1.0000000        1.2224794 
       1.0000000        1.0000000        1.0000000        1.0000000       0.11600000        7.4947774        7.4389366       0.13302986       0.13944362      0.080379833      0.083894504      0.041657668      0.041815213       0.67615444       0.69342562       0.66868339       0.68789596       0.67409730       0.68542404        1.0000000        1.8348152        1.0000000        2.0161498        1.0000000        2.2327614        1.0000000       0.78352192        1.0000000       0.99083201        1.0000000        1.2227110 
       1.0000000        1.0000000        1.0000000        1.0000000       0.11700000        7.4772910        7.4218642       0.13303298       0.13904825      0.080387505      0.083525923      0.041644923      0.041549011       0.67595719       0.69233861       0.66861456       0.68658993       0.67384757       0.68360721        1.0000000        1.8317614        1.0000000        2.0118276        1.0000000        2.2239236        1.0000000       0.78046811        1.0000000       0.98650984        1.0000000        1.2138733 
       1.0000000        1.0000000        1.0000000        1.0000000       0.11800000        7.4523065        7.3972870       0.13306590       0.13866178      0.080403681      0.083259713      0.041595397      0.041464664       0.67590555       0.69112871       0.66872348       0.68491281       0.67336016       0.68170728        1.0000000        1.8284287        1.0000000        2.0057629        1.0000000        2.2149021        1.0000000       0.77713544        1.0000000       0.98044505        1.0000000        1.2048518 
       1.0000000        1.0000000        1.0000000        1.0000000       0.11900000        7.4380436        7.3834250       0.13287958       0.13829832      0.080241409      0.082594682      0.041470119      0.040406157       0.67549740       0.68985508       0.66849122       0.68369187       0.67300356       0.67984866        1.0000000        1.8247796        1.0000000        2.0004749        1.0000000        2.1994748        1.0000000       0.77348631        1.0000000       0.97515713        1.0000000        1.1894245 
       1.0000000        1.0000000        1.0000000        1.0000000       0.12000000        7.4138650        7.3596408       0.13283026       0.13832599      0.080264266      0.082605807      0.041585088      0.040408822       0.67555260       0.68964675       0.66887942       0.68333443       0.67359619       0.67991135        1.0000000        1.8242747        1.0000000        1.9992783        1.0000000        2.1996442        1.0000000       0.77298142        1.0000000       0.97396045        1.0000000        1.1895939 
       1.0000000        1.0000000        1.0000000        1.0000000       0.12100000        7.4040428        7.3502070       0.13295177       0.13831409      0.080409836      0.082615618      0.041726092      0.040422466       0.67578525       0.68966461       0.66924375       0.68337915       0.67408055       0.67987256        1.0000000        1.8242716        1.0000000        1.9993437        1.0000000        2.1997327        1.0000000       0.77297828        1.0000000       0.97402594        1.0000000        1.1896824 
       1.0000000        1.0000000        1.0000000        1.0000000       0.12200000        7.3846218        7.3311683       0.13293251       0.13836477      0.080359869      0.082701296      0.041616259      0.040423686       0.67559419       0.68976932       0.66897305       0.68367121       0.67359992       0.68010051        1.0000000        1.8245403        1.0000000        2.0002684        1.0000000        2.2009159        1.0000000       0.77324705        1.0000000       0.97495061        1.0000000        1.1908656 
       1.0000000        1.0000000        1.0000000        1.0000000       0.12300000        7.3741877        7.3211105       0.13281719       0.13874700      0.080230980      0.083074246      0.041627113      0.040617717       0.67556640       0.69057589       0.66878892       0.68487843       0.67375429       0.68108894        1.0000000        1.8267415        1.0000000        2.0048658        1.0000000        2.2059963        1.0000000       0.77544817        1.0000000       0.97954794        1.0000000        1.1959459 
       1.0000000        1.0000000        1.0000000        1.0000000       0.12400000        7.3581434        7.3054737       0.13280297       0.13904129      0.080276402      0.083218971      0.041751696      0.040670100       0.67544968       0.69110514       0.66869082       0.68531381       0.67380410       0.68116982        1.0000000        1.8283664        1.0000000        2.0070757        1.0000000        2.2076173        1.0000000       0.77707313        1.0000000       0.98175786        1.0000000        1.1975669 
       1.0000000        1.0000000        1.0000000        1.0000000       0.12500000        7.3394820        7.2871767       0.13289197       0.13924328      0.080348124      0.083408368      0.041775905      0.040784527       0.67553662       0.69144957       0.66879828       0.68586014       0.67386548       0.68161182        1.0000000        1.8293345        1.0000000        2.0093857        1.0000000        2.2106049        1.0000000       0.77804116        1.0000000       0.98406787        1.0000000        1.2005546 
       1.0000000        1.0000000        1.0000000        1.0000000       0.12600000        7.3224360        7.2704898       0.13297795       0.13909533      0.080417742      0.083294953      0.041856501      0.040752562       0.67571842       0.69103501       0.66907155       0.68576990       0.67443345       0.68181796        1.0000000        1.8280377        1.0000000        2.0087596        1.0000000        2.2103703        1.0000000       0.77674438        1.0000000       0.98344181        1.0000000        1.2003199 
       1.0000000        1.0000000        1.0000000        1.0000000       0.12700000        7.3049947        7.2534022       0.13299219       0.13717887      0.080430509      0.081698651      0.041887218      0.039901641       0.67576489       0.68955791       0.66931138       0.68433280       0.67481841       0.68109339        1.0000000        1.8223050        1.0000000        2.0006915        1.0000000        2.2000544        1.0000000       0.77101171        1.0000000       0.97537368        1.0000000        1.1900041 
       1.0000000        1.0000000        1.0000000        1.0000000       0.12800000        7.2874725        7.2362284       0.13307630       0.13730242      0.080452315      0.081800420      0.041841391      0.039970269       0.67599893       0.68972568       0.66921879       0.68459666       0.67396750       0.68136025        1.0000000        1.8228119        1.0000000        2.0018149        1.0000000        2.2016794        1.0000000       0.77151858        1.0000000       0.97649706        1.0000000        1.1916291 
       1.0000000        1.0000000        1.0000000        1.0000000       0.12900000        7.2671645        7.2162637       0.13311621       0.13737730      0.080484779      0.081875861      0.041832758      0.040057578       0.67614321       0.68991895       0.66943503       0.68499186       0.67398519       0.68171188        1.0000000        1.8234210        1.0000000        2.0032490        1.0000000        2.2028983        1.0000000       0.77212773        1.0000000       0.97793123        1.0000000        1.1928480 
       1.0000000        1.0000000        1.0000000        1.0000000       0.13000000        7.2501816        7.1996192       0.13314521       0.13746228      0.080542975      0.081980378      0.041852953      0.040115896       0.67614346       0.68981464       0.66960827       0.68520115       0.67416538       0.68188969        1.0000000        1.8231131        1.0000000        2.0039608        1.0000000        2.2035311        1.0000000       0.77181983        1.0000000       0.97864295        1.0000000        1.1934807 
       1.0000000        1.0000000        1.0000000        1.0000000       0.13100000        7.2438494        7.1936205       0.13315630       0.13730556      0.080623534      0.081888002      0.041922496      0.040128300       0.67579785       0.68945647       0.66945138       0.68485994       0.67433717       0.68189815        1.0000000        1.8219284        1.0000000        2.0025792        1.0000000        2.2035151        1.0000000       0.77063506        1.0000000       0.97726142        1.0000000        1.1934648 
       1.0000000        1.0000000        1.0000000        1.0000000       0.13200000        7.2333446        7.1834444       0.13326112       0.13740291      0.080696969      0.081963606      0.042006478      0.040160514       0.67621894       0.68965381       0.66975052       0.68507114       0.67483275       0.68197939        1.0000000        1.8224811        1.0000000        2.0034532        1.0000000        2.2043668        1.0000000       0.77118785        1.0000000       0.97813543        1.0000000        1.1943165 
       1.0000000        1.0000000        1.0000000        1.0000000       0.13300000        7.2173396        7.1677634       0.13332559       0.13738486      0.080750129      0.081930009      0.042018722      0.040137049       0.67621762       0.68955735       0.67001038       0.68514760       0.67508920       0.68166847        1.0000000        1.8222292        1.0000000        2.0038804        1.0000000        2.2033441        1.0000000       0.77093586        1.0000000       0.97856263        1.0000000        1.1932937 
       1.0000000        1.0000000        1.0000000        1.0000000       0.13400000        7.1914343        7.1421777       0.13341968       0.13730945      0.080840397      0.081950654      0.042081744      0.040229951       0.67639242       0.68959572       0.67028198       0.68540880       0.67539462       0.68236728        1.0000000        1.8221948        1.0000000        2.0044570        1.0000000        2.2055336        1.0000000       0.77090146        1.0000000       0.97913915        1.0000000        1.1954833 
       1.0000000        1.0000000        1.0000000        1.0000000       0.13500000        7.1679255        7.1190152       0.13348179       0.13756323      0.080914782      0.082055340      0.042140181      0.040136779       0.67643445       0.69005119       0.67031249       0.68568824       0.67530655       0.68214094        1.0000000        1.8235759        1.0000000        2.0057249        1.0000000        2.2048278        1.0000000       0.77228265        1.0000000       0.98040713        1.0000000        1.1947775 
       1.0000000        1.0000000        1.0000000        1.0000000       0.13600000        7.1559303        7.1073302       0.13342239       0.13769179      0.080855609      0.082186546      0.042144523      0.040230410       0.67617415       0.69021137       0.66979693       0.68605565       0.67492447       0.68275424        1.0000000        1.8240696        1.0000000        2.0070111        1.0000000        2.2076136        1.0000000       0.77277630        1.0000000       0.98169324        1.0000000        1.1975632 
       1.0000000        1.0000000        1.0000000        1.0000000       0.13700000        7.1339453        7.0856512       0.13338646       0.13762165      0.080918905      0.082157319      0.042273913      0.040225651       0.67605021       0.69044255       0.66985301       0.68601886       0.67561960       0.68282637        1.0000000        1.8246048        1.0000000        2.0065406        1.0000000        2.2076260        1.0000000       0.77331150        1.0000000       0.98122281        1.0000000        1.1975756 
       1.0000000        1.0000000        1.0000000        1.0000000       0.13800000        7.1243665        7.0763742       0.13329837       0.13766986      0.080893463      0.082268731      0.042246297      0.040303119       0.67565302       0.69059443       0.66947311       0.68656610       0.67529806       0.68374249        1.0000000        1.8248533        1.0000000        2.0078779        1.0000000        2.2110978        1.0000000       0.77355999        1.0000000       0.98256012        1.0000000        1.2010475 
       1.0000000        1.0000000        1.0000000        1.0000000       0.13900000        7.1130687        7.0653742       0.13331484       0.13784610      0.080888127      0.082446234      0.042192340      0.040458134       0.67554438       0.69093466       0.66928441       0.68708541       0.67508302       0.68403113        1.0000000        1.8258610        1.0000000        2.0099365        1.0000000        2.2137616        1.0000000       0.77456770        1.0000000       0.98461871        1.0000000        1.2037113 
       1.0000000        1.0000000        1.0000000        1.0000000       0.14000000        7.0941324        7.0467315       0.13343030       0.13744596      0.081020381      0.082110840      0.042329407      0.040398440       0.67590255       0.69002871       0.66958619       0.68560316       0.67561863       0.68293131        1.0000000        1.8233743        1.0000000        2.0049291        1.0000000        2.2081724        1.0000000       0.77208104        1.0000000       0.97961129        1.0000000        1.1981221 
       1.0000000        1.0000000        1.0000000        1.0000000       0.14100000        7.0813732        7.0342621       0.13338810       0.13765846      0.080969429      0.082246466      0.042290393      0.040467009       0.67579388       0.69053379       0.66960160       0.68613622       0.67563012       0.68339594        1.0000000        1.8247949        1.0000000        2.0068030        1.0000000        2.2105269        1.0000000       0.77350165        1.0000000       0.98148519        1.0000000        1.2004765 
       1.0000000        1.0000000        1.0000000        1.0000000       0.14200000        7.0682692        7.0214441       0.13346412       0.13777151      0.081058136      0.082339027      0.042368938      0.040446296       0.67593933       0.69057390       0.66977337       0.68625811       0.67576860       0.68308457        1.0000000        1.8250233        1.0000000        2.0074359        1.0000000        2.2097430        1.0000000       0.77372996        1.0000000       0.98211806        1.0000000        1.1996927 
       1.0000000        1.0000000        1.0000000        1.0000000       0.14300000        7.0518125        7.0052696       0.13351160       0.13767543      0.081108071      0.082282986      0.042387365      0.040466984       0.67609394       0.69051186       0.66995786       0.68616645       0.67587419       0.68275842        1.0000000        1.8248414        1.0000000        2.0072065        1.0000000        2.2087595        1.0000000       0.77354806        1.0000000       0.98188867        1.0000000        1.1987092 
       1.0000000        1.0000000        1.0000000        1.0000000       0.14400000        7.0398448        6.9935804       0.13340038       0.13782504      0.080964968      0.082399287      0.042240832      0.040554714       0.67600505       0.69111562       0.66988570       0.68679381       0.67587111       0.68300547        1.0000000        1.8265396        1.0000000        2.0096198        1.0000000        2.2109395        1.0000000       0.77524629        1.0000000       0.98430199        1.0000000        1.2008892 
       1.0000000        1.0000000        1.0000000        1.0000000       0.14500000        7.0195676        6.9735781       0.13345964       0.13773894      0.081009494      0.082346824      0.042227168      0.040515174       0.67608946       0.69087744       0.66984053       0.68684604       0.67559445       0.68317871        1.0000000        1.8257578        1.0000000        2.0093697        1.0000000        2.2107704        1.0000000       0.77446452        1.0000000       0.98405191        1.0000000        1.2007200 
       1.0000000        1.0000000        1.0000000        1.0000000       0.14600000        6.9989706        6.9532525       0.13346984       0.13754796      0.081006737      0.082110026      0.042227182      0.040259475       0.67617821       0.69035956       0.66989733       0.68611028       0.67566382       0.68256291        1.0000000        1.8245029        1.0000000        2.0069572        1.0000000        2.2068225        1.0000000       0.77320963        1.0000000       0.98163935        1.0000000        1.1967722 
       1.0000000        1.0000000        1.0000000        1.0000000       0.14700000        6.9842485        6.9388249       0.13337109       0.13790505      0.080907181      0.082330932      0.042227127      0.040318988       0.67617679       0.69098434       0.67010620       0.68671510       0.67649172       0.68300470        1.0000000        1.8264285        1.0000000        2.0092908        1.0000000        2.2090307        1.0000000       0.77513525        1.0000000       0.98397297        1.0000000        1.1989803 
       1.0000000        1.0000000        1.0000000        1.0000000       0.14800000        6.9681693        6.9230099       0.13341115       0.13782039      0.080972179      0.082211581      0.042315088      0.040241675       0.67628643       0.69072384       0.67023999       0.68646211       0.67670879       0.68228973        1.0000000        1.8257943        1.0000000        2.0087199        1.0000000        2.2047317        1.0000000       0.77450103        1.0000000       0.98340213        1.0000000        1.1946814 
       1.0000000        1.0000000        1.0000000        1.0000000       0.14900000        6.9635065        6.9186079       0.13347307       0.13789338      0.081056415      0.082233904      0.042333567      0.040283144       0.67624525       0.69084231       0.67039312       0.68672127       0.67643969       0.68286157        1.0000000        1.8262392        1.0000000        2.0097720        1.0000000        2.2055241        1.0000000       0.77494591        1.0000000       0.98445415        1.0000000        1.1954738 
       1.0000000        1.0000000        1.0000000        1.0000000       0.15000000        6.9415828        6.8969417       0.13345862       0.13789154      0.081030921      0.082230439      0.042296363      0.040299435       0.67630695       0.69079698       0.67050251       0.68677143       0.67640855       0.68290233        1.0000000        1.8260181        1.0000000        2.0099309        1.0000000        2.2057230        1.0000000       0.77472485        1.0000000       0.98461309        1.0000000        1.1956727 
       1.0000000        1.0000000        1.0000000        1.0000000       0.15100000        6.9272180        6.8828313       0.13343876       0.13778356      0.081005648      0.082127083      0.042304792      0.040282872       0.67623416       0.69055498       0.67034995       0.68664589       0.67663048       0.68272166        1.0000000        1.8252766        1.0000000        2.0093199        1.0000000        2.2035168        1.0000000       0.77398334        1.0000000       0.98400208        1.0000000        1.1934664 
       1.0000000        1.0000000        1.0000000        1.0000000       0.15200000        6.9222672        6.8781318       0.13339263       0.13776360      0.080889157      0.082123068      0.042140729      0.040345816       0.67623049       0.69028911       0.67024147       0.68605720       0.67592736       0.68326059        1.0000000        1.8245731        1.0000000        2.0073899        1.0000000        2.2068103        1.0000000       0.77327981        1.0000000       0.98207212        1.0000000        1.1967599 
       1.0000000        1.0000000        1.0000000        1.0000000       0.15300000        6.9043119        6.8604246       0.13332374       0.13765386      0.080921302      0.082065553      0.042197314      0.040322029       0.67577741       0.69002558       0.66994282       0.68599124       0.67570261       0.68334462        1.0000000        1.8238097        1.0000000        2.0070930        1.0000000        2.2071226        1.0000000       0.77251643        1.0000000       0.98177519        1.0000000        1.1970723 
       1.0000000        1.0000000        1.0000000        1.0000000       0.15400000        6.8876948        6.8440527       0.13334335       0.13758983      0.080915656      0.082036942      0.042197856      0.040297617       0.67572564       0.68966842       0.66964912       0.68574461       0.67535498       0.68345170        1.0000000        1.8228515        1.0000000        2.0061458        1.0000000        2.2076252        1.0000000       0.77155823        1.0000000       0.98082798        1.0000000        1.1975749 
       1.0000000        1.0000000        1.0000000        1.0000000       0.15500000        6.8723680        6.8289680       0.13338510       0.13765298      0.081019766      0.082074788      0.042301891      0.040248376       0.67564593       0.68979032       0.66974668       0.68599093       0.67616917       0.68337366        1.0000000        1.8232150        1.0000000        2.0069847        1.0000000        2.2071849        1.0000000       0.77192172        1.0000000       0.98166693        1.0000000        1.1971346 
       1.0000000        1.0000000        1.0000000        1.0000000       0.15600000        6.8673774        6.8242167       0.13320595       0.13769698      0.080778684      0.082107649      0.042141406      0.040244127       0.67515130       0.68967129       0.66861660       0.68584346       0.67533007       0.68337751        1.0000000        1.8229892        1.0000000        2.0067118        1.0000000        2.2072875        1.0000000       0.77169588        1.0000000       0.98139400        1.0000000        1.1972371 
       1.0000000        1.0000000        1.0000000        1.0000000       0.15700000        6.8588096        6.8158853       0.13311771       0.13760993      0.080739144      0.082032991      0.042170480      0.040222433       0.67482350       0.68945946       0.66821362       0.68565927       0.67586402       0.68322050        1.0000000        1.8224834        1.0000000        2.0060206        1.0000000        2.2062942        1.0000000       0.77119006        1.0000000       0.98070275        1.0000000        1.1962439 
       1.0000000        1.0000000        1.0000000        1.0000000       0.15800000        6.8383602        6.7956928       0.13308171       0.13769144      0.080703219      0.082130947      0.042145913      0.040270948       0.67471155       0.68965238       0.66799678       0.68598328       0.67567730       0.68354932        1.0000000        1.8230104        1.0000000        2.0071120        1.0000000        2.2077633        1.0000000       0.77171712        1.0000000       0.98179422        1.0000000        1.1977130 
       1.0000000        1.0000000        1.0000000        1.0000000       0.15900000        6.8176267        6.7751898       0.13312267       0.13760871      0.080743801      0.082097267      0.042195674      0.040252407       0.67491858       0.68934916       0.66824070       0.68593821       0.67617463       0.68342809        1.0000000        1.8221583        1.0000000        2.0070161        1.0000000        2.2074464        1.0000000       0.77086496        1.0000000       0.98169832        1.0000000        1.1973960 
       1.0000000        1.0000000        1.0000000        1.0000000       0.16000000        6.8064206        6.7642116       0.13307667       0.13775368      0.080746814      0.082227598      0.042231421      0.040297516       0.67489060       0.68937579       0.66859893       0.68619376       0.67677469       0.68340830        1.0000000        1.8222051        1.0000000        2.0082538        1.0000000        2.2078191        1.0000000       0.77091185        1.0000000       0.98293596        1.0000000        1.1977688 
