
       1.0000000        1.0000000        1.0000000        1.0000000      0.035000000        10.391465        10.223397       0.14733576       0.15302032      0.083612144      0.087479541      0.042136517      0.042955798       0.75346738       0.76126588       0.70292536       0.71081981       0.68304091       0.69353905        1.0000000        2.0382522        1.0000000        2.1061258        1.0000000        2.2757021        1.0000000       0.98695889        1.0000000        1.0808080        1.0000000        1.2656517 
       1.0000000        1.0000000        1.0000000        1.0000000      0.036000000        10.300510        10.137074       0.14670391       0.15235979      0.083477726      0.087345103      0.042184830      0.042963278       0.75093691       0.75885273       0.70158859       0.71009152       0.68247840       0.69325747        1.0000000        2.0306482        1.0000000        2.1031369        1.0000000        2.2745632        1.0000000       0.97935488        1.0000000        1.0778191        1.0000000        1.2645129 
       1.0000000        1.0000000        1.0000000        1.0000000      0.037000000        10.184085        10.025005       0.14540928       0.15105256      0.083076865      0.085979034      0.042064369      0.041311436       0.74745894       0.75392687       0.69983297       0.70740965       0.68214813       0.68755931        1.0000000        2.0162230        1.0000000        2.0927764        1.0000000        2.2449458        1.0000000       0.96492968        1.0000000        1.0674585        1.0000000        1.2348955 
       1.0000000        1.0000000        1.0000000        1.0000000      0.038000000        10.151589        9.9966141       0.14486528       0.15056220      0.082832622      0.085732392      0.041788900      0.041027459       0.74463030       0.75177254       0.69757282       0.70719937       0.68095278       0.68667471        1.0000000        2.0095521        1.0000000        2.0921242        1.0000000        2.2386041        1.0000000       0.95825882        1.0000000        1.0668064        1.0000000        1.2285538 
       1.0000000        1.0000000        1.0000000        1.0000000      0.039000000        10.046423        9.8953237       0.14407286       0.15008414      0.082453609      0.085705706      0.041694479      0.041107281       0.74308699       0.75031846       0.69681564       0.70672329       0.68105221       0.68687278        1.0000000        2.0047002        1.0000000        2.0898500        1.0000000        2.2393773        1.0000000       0.95340688        1.0000000        1.0645322        1.0000000        1.2293270 
       1.0000000        1.0000000        1.0000000        1.0000000      0.040000000        9.9728178        9.8253837       0.14342451       0.14981673      0.082071851      0.085733280      0.041543819      0.041161397       0.74092136       0.74862602       0.69522618       0.70620200       0.67973365       0.68705890        1.0000000        1.9994767        1.0000000        2.0881421        1.0000000        2.2407245        1.0000000       0.94818336        1.0000000        1.0628243        1.0000000        1.2306742 
       1.0000000        1.0000000        1.0000000        1.0000000      0.041000000        9.8988043        9.7548426       0.14304494       0.14953175      0.081975029      0.085551201      0.041503012      0.041114692       0.73970797       0.74742292       0.69474076       0.70533148       0.67958579       0.68673827        1.0000000        1.9956311        1.0000000        2.0847322        1.0000000        2.2376553        1.0000000       0.94433780        1.0000000        1.0594144        1.0000000        1.2276050 
       1.0000000        1.0000000        1.0000000        1.0000000      0.042000000        9.8062789        9.6656123       0.14247155       0.14917673      0.081692274      0.085233724      0.041386693      0.040620690       0.73788385       0.74583584       0.69359435       0.70403227       0.67930548       0.68493878        1.0000000        1.9909005        1.0000000        2.0802385        1.0000000        2.2298378        1.0000000       0.93960720        1.0000000        1.0549207        1.0000000        1.2197875 
       1.0000000        1.0000000        1.0000000        1.0000000      0.043000000        9.7545056        9.6169706       0.14113368       0.14937233      0.080659591      0.085777297      0.040495260      0.041030481       0.73464060       0.74468989       0.69117069       0.70469947       0.67777412       0.68614788        1.0000000        1.9873450        1.0000000        2.0833966        1.0000000        2.2378201        1.0000000       0.93605172        1.0000000        1.0580788        1.0000000        1.2277697 
       1.0000000        1.0000000        1.0000000        1.0000000      0.044000000        9.7371284        9.6025736       0.14090693       0.14967550      0.080805628      0.086168602      0.040621163      0.041291705       0.72880686       0.74410731       0.68702054       0.70450893       0.67481658       0.68665716        1.0000000        1.9858302        1.0000000        2.0841810        1.0000000        2.2421685        1.0000000       0.93453692        1.0000000        1.0588631        1.0000000        1.2321181 
       1.0000000        1.0000000        1.0000000        1.0000000      0.045000000        9.6839965        9.5525585       0.13952848       0.14879078      0.080053955      0.085644546      0.040409823      0.040711262       0.72838485       0.74044650       0.68689581       0.70293542       0.67616941       0.68612659        1.0000000        1.9748564        1.0000000        2.0772228        1.0000000        2.2364750        1.0000000       0.92356315        1.0000000        1.0519050        1.0000000        1.2264246 
       1.0000000        1.0000000        1.0000000        1.0000000      0.046000000        9.6222352        9.4934946       0.13884458       0.14840899      0.079616554      0.085444348      0.039865643      0.040468890       0.72412296       0.73810148       0.68367025       0.70201992       0.67197676       0.68588809        1.0000000        1.9682354        1.0000000        2.0737331        1.0000000        2.2330568        1.0000000       0.91694214        1.0000000        1.0484153        1.0000000        1.2230065 
       1.0000000        1.0000000        1.0000000        1.0000000      0.047000000        9.5639749        9.4378115       0.13817432       0.14817093      0.079399543      0.085536821      0.039752869      0.040459555       0.72085009       0.73637710       0.68181493       0.70165608       0.66989173       0.68599548        1.0000000        1.9631681        1.0000000        2.0730670        1.0000000        2.2320907        1.0000000       0.91187480        1.0000000        1.0477492        1.0000000        1.2220403 
       1.0000000        1.0000000        1.0000000        1.0000000      0.048000000        9.5329447        9.4092465       0.13740527       0.14787658      0.078896840      0.085503136      0.039379372      0.040594648       0.71822137       0.73427912       0.68016520       0.70105303       0.66896512       0.68678506        1.0000000        1.9572180        1.0000000        2.0711308        1.0000000        2.2364452        1.0000000       0.90592466        1.0000000        1.0458130        1.0000000        1.2263949 
       1.0000000        1.0000000        1.0000000        1.0000000      0.049000000        9.4994281        9.3780904       0.13655914       0.14779066      0.078475101      0.085731622      0.039116324      0.040674620       0.71510896       0.73246056       0.67788005       0.70126141       0.66780591       0.68713269        1.0000000        1.9518281        1.0000000        2.0718645        1.0000000        2.2381968        1.0000000       0.90053478        1.0000000        1.0465467        1.0000000        1.2281464 
       1.0000000        1.0000000        1.0000000        1.0000000      0.050000000        9.4581368        9.3390618       0.13634391       0.14618688      0.078477385      0.084408553      0.039293484      0.039892074       0.71362880       0.73068378       0.67702699       0.69995277       0.66753709       0.68642479        1.0000000        1.9451971        1.0000000        2.0643077        1.0000000        2.2271604        1.0000000       0.89390376        1.0000000        1.0389898        1.0000000        1.2171101 
       1.0000000        1.0000000        1.0000000        1.0000000      0.051000000        9.4105596        9.2936555       0.13589264       0.14602840      0.078322748      0.084372862      0.039313145      0.040070474       0.71083946       0.72960677       0.67532995       0.69962845       0.66662617       0.68711121        1.0000000        1.9420791        1.0000000        2.0627410        1.0000000        2.2315774        1.0000000       0.89078581        1.0000000        1.0374232        1.0000000        1.2215271 
       1.0000000        1.0000000        1.0000000        1.0000000      0.052000000        9.3825962        9.2677772       0.13579370       0.14596772      0.078343529      0.084434902      0.039369204      0.040211805       0.70899498       0.72902977       0.67461038       0.69973861       0.66638285       0.68681298        1.0000000        1.9403681        1.0000000        2.0635385        1.0000000        2.2308866        1.0000000       0.88907484        1.0000000        1.0382207        1.0000000        1.2208362 
       1.0000000        1.0000000        1.0000000        1.0000000      0.053000000        9.3499413        9.2371264       0.13530347       0.14601515      0.078242179      0.084639835      0.039491742      0.040288550       0.70743686       0.72735967       0.67383012       0.69985076       0.66690991       0.68735815        1.0000000        1.9357852        1.0000000        2.0646695        1.0000000        2.2335017        1.0000000       0.88449193        1.0000000        1.0393517        1.0000000        1.2234514 
       1.0000000        1.0000000        1.0000000        1.0000000      0.054000000        9.2997847        9.1888979       0.13505382       0.14580068      0.078212524      0.084649874      0.039604983      0.040348154       0.70569471       0.72615460       0.67279936       0.69966566       0.66658931       0.68782149        1.0000000        1.9321213        1.0000000        2.0641654        1.0000000        2.2353116        1.0000000       0.88082801        1.0000000        1.0388476        1.0000000        1.2252613 
       1.0000000        1.0000000        1.0000000        1.0000000      0.055000000        9.2414079        9.1323776       0.13489524       0.14585134      0.078288493      0.084779248      0.039811859      0.040542608       0.70475479       0.72551939       0.67252132       0.69958010       0.66714485       0.68794250        1.0000000        1.9304160        1.0000000        2.0646934        1.0000000        2.2378206        1.0000000       0.87912275        1.0000000        1.0393756        1.0000000        1.2277703 
       1.0000000        1.0000000        1.0000000        1.0000000      0.056000000        9.1855169        9.0784509       0.13468973       0.14591472      0.078258093      0.084841216      0.039776319      0.040388295       0.70348520       0.72454101       0.67181899       0.69914799       0.66718541       0.68798622        1.0000000        1.9278399        1.0000000        2.0629261        1.0000000        2.2368648        1.0000000       0.87654659        1.0000000        1.0376083        1.0000000        1.2268145 
       1.0000000        1.0000000        1.0000000        1.0000000      0.057000000        9.1505515        9.0452045       0.13459305       0.14582704      0.078315204      0.084812490      0.039877461      0.040533037       0.70224515       0.72402905       0.67118135       0.69852386       0.66755472       0.68793752        1.0000000        1.9264950        1.0000000        2.0612405        1.0000000        2.2376482        1.0000000       0.87520173        1.0000000        1.0359227        1.0000000        1.2275978 
       1.0000000        1.0000000        1.0000000        1.0000000      0.058000000        9.0984313        8.9947433       0.13463508       0.14612367      0.078423484      0.085141332      0.040026916      0.040653205       0.70111631       0.72412480       0.67054264       0.69943252       0.66797227       0.68854768        1.0000000        1.9268192        1.0000000        2.0650286        1.0000000        2.2424813        1.0000000       0.87552594        1.0000000        1.0397108        1.0000000        1.2324310 
       1.0000000        1.0000000        1.0000000        1.0000000      0.059000000        9.0451617        8.9430758       0.13438980       0.14573029      0.078398431      0.084797434      0.040026445      0.040488274       0.69964840       0.72320865       0.67009020       0.69902422       0.66810344       0.68769907        1.0000000        1.9243778        1.0000000        2.0630938        1.0000000        2.2371909        1.0000000       0.87308452        1.0000000        1.0377760        1.0000000        1.2271405 
       1.0000000        1.0000000        1.0000000        1.0000000      0.060000000        9.0294777        8.9289401       0.13415431       0.14511325      0.078352385      0.084650853      0.039991412      0.040619749       0.69808073       0.72114299       0.66927643       0.69821357       0.66723231       0.68801236        1.0000000        1.9181995        1.0000000        2.0589707        1.0000000        2.2387062        1.0000000       0.86690621        1.0000000        1.0336529        1.0000000        1.2286559 
       1.0000000        1.0000000        1.0000000        1.0000000      0.061000000        9.0055126        8.9064724       0.13377959       0.14518112      0.078284103      0.084792370      0.039948136      0.040641797       0.69610044       0.72059361       0.66851185       0.69908801       0.66693307       0.68852924        1.0000000        1.9168002        1.0000000        2.0622062        1.0000000        2.2405386        1.0000000       0.86550690        1.0000000        1.0368884        1.0000000        1.2304883 
       1.0000000        1.0000000        1.0000000        1.0000000      0.062000000        8.9569944        8.8594030       0.13374126       0.14532721      0.078378278      0.084971771      0.040055783      0.040780466       0.69557511       0.72073211       0.66861629       0.69953105       0.66742708       0.68896291        1.0000000        1.9171681        1.0000000        2.0638838        1.0000000        2.2437772        1.0000000       0.86587477        1.0000000        1.0385660        1.0000000        1.2337268 
       1.0000000        1.0000000        1.0000000        1.0000000      0.063000000        8.9091920        8.8130033       0.13363262       0.14536746      0.078342723      0.085034173      0.039992520      0.040805262       0.69515989       0.72030278       0.66879793       0.69936233       0.66738752       0.68922860        1.0000000        1.9160650        1.0000000        2.0638716        1.0000000        2.2447829        1.0000000       0.86477168        1.0000000        1.0385538        1.0000000        1.2347325 
       1.0000000        1.0000000        1.0000000        1.0000000      0.064000000        8.8559375        8.7611078       0.13365022       0.14528549      0.078439221      0.085135768      0.040081700      0.040987038       0.69421878       0.72024074       0.66883420       0.69933158       0.66774643       0.69048504        1.0000000        1.9157449        1.0000000        2.0636665        1.0000000        2.2510636        1.0000000       0.86445163        1.0000000        1.0383487        1.0000000        1.2410133 
       1.0000000        1.0000000        1.0000000        1.0000000      0.065000000        8.8521843        8.7586718       0.13338415       0.14493616      0.078514111      0.084941427      0.040340375      0.040830013       0.69316234       0.71948328       0.66881764       0.69897283       0.66949780       0.68996728        1.0000000        1.9133484        1.0000000        2.0616521        1.0000000        2.2474083        1.0000000       0.86205507        1.0000000        1.0363343        1.0000000        1.2373579 
       1.0000000        1.0000000        1.0000000        1.0000000      0.066000000        8.8289866        8.7367514       0.13320358       0.14490556      0.078611858      0.084982889      0.040412302      0.040869388       0.69202687       0.71881219       0.66880641       0.69919633       0.66998719       0.69041826        1.0000000        1.9114760        1.0000000        2.0622737        1.0000000        2.2492157        1.0000000       0.86018267        1.0000000        1.0369559        1.0000000        1.2391653 
       1.0000000        1.0000000        1.0000000        1.0000000      0.067000000        8.7707889        8.6799151       0.13319353       0.14488208      0.078785106      0.085091931      0.040649033      0.041039367       0.69137033       0.71853888       0.66899677       0.69913716       0.67082873       0.69021434        1.0000000        1.9107585        1.0000000        2.0624520        1.0000000        2.2502573        1.0000000       0.85946518        1.0000000        1.0371342        1.0000000        1.2402069 
       1.0000000        1.0000000        1.0000000        1.0000000      0.068000000        8.7315733        8.6418992       0.13312553       0.14463312      0.078770364      0.084949199      0.040571768      0.040955615       0.69068747       0.71795400       0.66884252       0.69892553       0.67072543       0.68997673        1.0000000        1.9089001        1.0000000        2.0612077        1.0000000        2.2488273        1.0000000       0.85760682        1.0000000        1.0358899        1.0000000        1.2387770 
       1.0000000        1.0000000        1.0000000        1.0000000      0.069000000        8.6921967        8.6036879       0.13295191       0.14470320      0.078780576      0.085134721      0.040688555      0.041154958       0.68978095       0.71741573       0.66868720       0.69892770       0.67080984       0.69004592        1.0000000        1.9076800        1.0000000        2.0617277        1.0000000        2.2503138        1.0000000       0.85638674        1.0000000        1.0364099        1.0000000        1.2402634 
       1.0000000        1.0000000        1.0000000        1.0000000      0.070000000        8.6649179        8.5775415       0.13287709       0.14469204      0.078731131      0.085158001      0.040608614      0.041166304       0.68899399       0.71712982       0.66846838       0.69897022       0.67079634       0.69004003        1.0000000        1.9069171        1.0000000        2.0619152        1.0000000        2.2506375        1.0000000       0.85562377        1.0000000        1.0365974        1.0000000        1.2405872 
       1.0000000        1.0000000        1.0000000        1.0000000      0.071000000        8.6270863        8.5408108       0.13286490       0.14464257      0.078859760      0.085256692      0.040787656      0.041253679       0.68838797       0.71677327       0.66867451       0.69933181       0.67137231       0.69049611        1.0000000        1.9057746        1.0000000        2.0630886        1.0000000        2.2522073        1.0000000       0.85448135        1.0000000        1.0377708        1.0000000        1.2421570 
       1.0000000        1.0000000        1.0000000        1.0000000      0.072000000        8.5985014        8.5132966       0.13278730       0.14470655      0.079019119      0.085367516      0.041085673      0.041281636       0.68771454       0.71655051       0.66849798       0.69968658       0.67170925       0.69110103        1.0000000        1.9049148        1.0000000        2.0641016        1.0000000        2.2559081        1.0000000       0.85362155        1.0000000        1.0387838        1.0000000        1.2458578 
       1.0000000        1.0000000        1.0000000        1.0000000      0.073000000        8.5637796        8.4796166       0.13280843       0.14496407      0.079133233      0.085487142      0.041153065      0.041154044       0.68718160       0.71693331       0.66859650       0.70018361       0.67190358       0.69006661        1.0000000        1.9060371        1.0000000        2.0658666        1.0000000        2.2526840        1.0000000       0.85474376        1.0000000        1.0405488        1.0000000        1.2426336 
       1.0000000        1.0000000        1.0000000        1.0000000      0.074000000        8.5286770        8.4455281       0.13260817       0.14514707      0.079003285      0.085594234      0.041037379      0.041174915       0.68610667       0.71698849       0.66801191       0.70048981       0.67163618       0.69003408        1.0000000        1.9062243        1.0000000        2.0669381        1.0000000        2.2531155        1.0000000       0.85493102        1.0000000        1.0416203        1.0000000        1.2430652 
       1.0000000        1.0000000        1.0000000        1.0000000      0.075000000        8.4957069        8.4135456       0.13254791       0.14524850      0.079018035      0.085658864      0.041145579      0.041264080       0.68577397       0.71683359       0.66784427       0.70054416       0.67181317       0.69015859        1.0000000        1.9059197        1.0000000        2.0676482        1.0000000        2.2539293        1.0000000       0.85462645        1.0000000        1.0423304        1.0000000        1.2438790 
       1.0000000        1.0000000        1.0000000        1.0000000      0.076000000        8.4792957        8.3980966       0.13239566       0.14542076      0.078852472      0.085789871      0.040864452      0.041460157       0.68484612       0.71681237       0.66733614       0.70115497       0.67135899       0.69075878        1.0000000        1.9059518        1.0000000        2.0697249        1.0000000        2.2576291        1.0000000       0.85465852        1.0000000        1.0444071        1.0000000        1.2475788 
       1.0000000        1.0000000        1.0000000        1.0000000      0.077000000        8.4554958        8.3752342       0.13230683       0.14544830      0.079005912      0.085834600      0.041098825      0.041395057       0.68375889       0.71633089       0.66740837       0.70151200       0.67160427       0.69096063        1.0000000        1.9044286        1.0000000        2.0705168        1.0000000        2.2579462        1.0000000       0.85313535        1.0000000        1.0451990        1.0000000        1.2478958 
       1.0000000        1.0000000        1.0000000        1.0000000      0.078000000        8.4201192        8.3407717       0.13227558       0.14543324      0.079034804      0.085919396      0.041134431      0.041531158       0.68323153       0.71602842       0.66729001       0.70195804       0.67156505       0.69182043        1.0000000        1.9034585        1.0000000        2.0717169        1.0000000        2.2618438        1.0000000       0.85216521        1.0000000        1.0463991        1.0000000        1.2517935 
       1.0000000        1.0000000        1.0000000        1.0000000      0.079000000        8.4081971        8.3298290       0.13213459       0.14519486      0.079004560      0.085815776      0.041150090      0.041598439       0.68258451       0.71510321       0.66684603       0.70155035       0.67157211       0.69224268        1.0000000        1.9007755        1.0000000        2.0699013        1.0000000        2.2633785        1.0000000       0.84948225        1.0000000        1.0445835        1.0000000        1.2533281 
       1.0000000        1.0000000        1.0000000        1.0000000      0.080000000        8.3635622        8.2860617       0.13201067       0.14530960      0.078978308      0.085870763      0.041146350      0.041635247       0.68174489       0.71509037       0.66671593       0.70197531       0.67186771       0.69259682        1.0000000        1.9008134        1.0000000        2.0712455        1.0000000        2.2647724        1.0000000       0.84952012        1.0000000        1.0459277        1.0000000        1.2547220 
       1.0000000        1.0000000        1.0000000        1.0000000      0.081000000        8.3434264        8.2667726       0.13193950       0.14524414      0.078957265      0.085772052      0.041073037      0.041504534       0.68103143       0.71505241       0.66640918       0.70184958       0.67153519       0.69243825        1.0000000        1.9007277        1.0000000        2.0709139        1.0000000        2.2633548        1.0000000       0.84943445        1.0000000        1.0455961        1.0000000        1.2533044 
       1.0000000        1.0000000        1.0000000        1.0000000      0.082000000        8.3380341        8.2622069       0.13188692       0.14520943      0.078932773      0.085838389      0.041043214      0.041522239       0.68063291       0.71458835       0.66662180       0.70182152       0.67199549       0.69244961        1.0000000        1.8992585        1.0000000        2.0708427        1.0000000        2.2636018        1.0000000       0.84796521        1.0000000        1.0455249        1.0000000        1.2535514 
       1.0000000        1.0000000        1.0000000        1.0000000      0.083000000        8.3083727        8.2333526       0.13184487       0.14500941      0.078895338      0.085648595      0.040935872      0.041316498       0.68012193       0.71412864       0.66657215       0.70145187       0.67198474       0.69185104        1.0000000        1.8980233        1.0000000        2.0693536        1.0000000        2.2599077        1.0000000       0.84673000        1.0000000        1.0440358        1.0000000        1.2498574 
       1.0000000        1.0000000        1.0000000        1.0000000      0.084000000        8.2788146        8.2045831       0.13168596       0.14497998      0.078770358      0.085514174      0.040843507      0.041121856       0.67929282       0.71422068       0.66596617       0.70169810       0.67110500       0.69108330        1.0000000        1.8983765        1.0000000        2.0701201        1.0000000        2.2554803        1.0000000       0.84708322        1.0000000        1.0448023        1.0000000        1.2454299 
       1.0000000        1.0000000        1.0000000        1.0000000      0.085000000        8.2716147        8.1981537       0.13160181       0.14491118      0.078731025      0.085475135      0.040738087      0.041051788       0.67866138       0.71341156       0.66598803       0.70139808       0.67117296       0.69055775        1.0000000        1.8962641        1.0000000        2.0688608        1.0000000        2.2533232        1.0000000       0.84497085        1.0000000        1.0435430        1.0000000        1.2432728 
       1.0000000        1.0000000        1.0000000        1.0000000      0.086000000        8.2562844        8.1835765       0.13147278       0.14495028      0.078673244      0.085514039      0.040659011      0.041033352       0.67776853       0.71321780       0.66580987       0.70152353       0.67110538       0.69032882        1.0000000        1.8957939        1.0000000        2.0693095        1.0000000        2.2522023        1.0000000       0.84450061        1.0000000        1.0439917        1.0000000        1.2421520 
       1.0000000        1.0000000        1.0000000        1.0000000      0.087000000        8.2480552        8.1760838       0.13148560       0.14503189      0.078718266      0.085691613      0.040625375      0.041316301       0.67744078       0.71373917       0.66617326       0.70207483       0.67139981       0.69169337        1.0000000        1.8971646        1.0000000        2.0708070        1.0000000        2.2584765        1.0000000       0.84587133        1.0000000        1.0454892        1.0000000        1.2484261 
       1.0000000        1.0000000        1.0000000        1.0000000      0.088000000        8.2283378        8.1570866       0.13140323       0.14523174      0.078799993      0.085841977      0.040761159      0.041219914       0.67681155       0.71408374       0.66614738       0.70281810       0.67199812       0.69147767        1.0000000        1.8978518        1.0000000        2.0732664        1.0000000        2.2574058        1.0000000       0.84655848        1.0000000        1.0479486        1.0000000        1.2473555 
       1.0000000        1.0000000        1.0000000        1.0000000      0.089000000        8.2179615        8.1474147       0.13145772       0.14541640      0.078984338      0.086018470      0.040955433      0.041348033       0.67642021       0.71454968       0.66642860       0.70343831       0.67234172       0.69243051        1.0000000        1.8991112        1.0000000        2.0754265        1.0000000        2.2618302        1.0000000       0.84781791        1.0000000        1.0501087        1.0000000        1.2517798 
       1.0000000        1.0000000        1.0000000        1.0000000      0.090000000        8.1893355        8.1195463       0.13159965       0.14576240      0.079228776      0.086353101      0.041240782      0.041549524       0.67649100       0.71518343       0.66720016       0.70406930       0.67361290       0.69314772        1.0000000        1.9010764        1.0000000        2.0780653        1.0000000        2.2662510        1.0000000       0.84978308        1.0000000        1.0527474        1.0000000        1.2562006 
       1.0000000        1.0000000        1.0000000        1.0000000      0.091000000        8.1674878        8.0983719       0.13152191       0.14577276      0.079190646      0.086333974      0.041176058      0.041491452       0.67590805       0.71529600       0.66736389       0.70405856       0.67362901       0.69298579        1.0000000        1.9014253        1.0000000        2.0778597        1.0000000        2.2657725        1.0000000       0.85013204        1.0000000        1.0525418        1.0000000        1.2557222 
       1.0000000        1.0000000        1.0000000        1.0000000      0.092000000        8.1447613        8.0763046       0.13153803       0.14580774      0.079242355      0.086304487      0.041301077      0.041399706       0.67560099       0.71483414       0.66715283       0.70361693       0.67353474       0.69237664        1.0000000        1.9002995        1.0000000        2.0767683        1.0000000        2.2626017        1.0000000       0.84900620        1.0000000        1.0514505        1.0000000        1.2525514 
       1.0000000        1.0000000        1.0000000        1.0000000      0.093000000        8.1375890        8.0697779       0.13154628       0.14569811      0.079310290      0.086366643      0.041339558      0.041597666       0.67543917       0.71399301       0.66726528       0.70326853       0.67369404       0.69312449        1.0000000        1.8980560        1.0000000        2.0750987        1.0000000        2.2650655        1.0000000       0.84676270        1.0000000        1.0497809        1.0000000        1.2550152 
       1.0000000        1.0000000        1.0000000        1.0000000      0.094000000        8.1133269        8.0461481       0.13134805       0.14586114      0.079156230      0.086463904      0.041213145      0.041623088       0.67464378       0.71418633       0.66694490       0.70356814       0.67374746       0.69322709        1.0000000        1.8986800        1.0000000        2.0761470        1.0000000        2.2656915        1.0000000       0.84738673        1.0000000        1.0508292        1.0000000        1.2556412 
       1.0000000        1.0000000        1.0000000        1.0000000      0.095000000        8.0926000        8.0260408       0.13115442       0.14582480      0.079025765      0.086451963      0.041114176      0.041664031       0.67359762       0.71445035       0.66656116       0.70390148       0.67350675       0.69401156        1.0000000        1.8993365        1.0000000        2.0766860        1.0000000        2.2677449        1.0000000       0.84804321        1.0000000        1.0513682        1.0000000        1.2576946 
       1.0000000        1.0000000        1.0000000        1.0000000      0.096000000        8.0714997        8.0055476       0.13113673       0.14594043      0.079017225      0.086531911      0.041053498      0.041748898       0.67313716       0.71466954       0.66669639       0.70420477       0.67345401       0.69414099        1.0000000        1.8999568        1.0000000        2.0778232        1.0000000        2.2687206        1.0000000       0.84866349        1.0000000        1.0525054        1.0000000        1.2586703 
       1.0000000        1.0000000        1.0000000        1.0000000      0.097000000        8.0616615        7.9963045       0.13107494       0.14611535      0.078972015      0.086751825      0.041031366      0.041833052       0.67258938       0.71490022       0.66637132       0.70488560       0.67287686       0.69446743        1.0000000        1.9004376        1.0000000        2.0801075        1.0000000        2.2713315        1.0000000       0.84914427        1.0000000        1.0547897        1.0000000        1.2612812 
       1.0000000        1.0000000        1.0000000        1.0000000      0.098000000        8.0467394        7.9819659       0.13109339       0.14617169      0.078985800      0.086841019      0.040991895      0.041893982       0.67238010       0.71472598       0.66652428       0.70498295       0.67280884       0.69480781        1.0000000        1.8999236        1.0000000        2.0805528        1.0000000        2.2744098        1.0000000       0.84863035        1.0000000        1.0552350        1.0000000        1.2643594 
       1.0000000        1.0000000        1.0000000        1.0000000      0.099000000        8.0335885        7.9693871       0.13096829       0.14638101      0.078890462      0.087083327      0.040920076      0.042094920       0.67192355       0.71489992       0.66637560       0.70603093       0.67287464       0.69679053        1.0000000        1.9004134        1.0000000        2.0838325        1.0000000        2.2804001        1.0000000       0.84912013        1.0000000        1.0585147        1.0000000        1.2703497 
       1.0000000        1.0000000        1.0000000        1.0000000       0.10000000        8.0089312        7.9452909       0.13100991       0.14635173      0.078982040      0.087048788      0.041025543      0.042052043       0.67175899       0.71478613       0.66661340       0.70605724       0.67315201       0.69666324        1.0000000        1.9000562        1.0000000        2.0837927        1.0000000        2.2795585        1.0000000       0.84876289        1.0000000        1.0584749        1.0000000        1.2695081 
       1.0000000        1.0000000        1.0000000        1.0000000       0.10100000        7.9855588        7.9225235       0.13088745       0.14616191      0.078954645      0.087017135      0.041007180      0.042003519       0.67119389       0.71426865       0.66648153       0.70586799       0.67317798       0.69699881        1.0000000        1.8983303        1.0000000        2.0825456        1.0000000        2.2804622        1.0000000       0.84703698        1.0000000        1.0572278        1.0000000        1.2704118 
       1.0000000        1.0000000        1.0000000        1.0000000       0.10200000        7.9604690        7.8979729       0.13073834       0.14630574      0.078896656      0.087177815      0.041017872      0.042046841       0.67059380       0.71436773       0.66621020       0.70623499       0.67333690       0.69754204        1.0000000        1.8987153        1.0000000        2.0837900        1.0000000        2.2825589        1.0000000       0.84742205        1.0000000        1.0584722        1.0000000        1.2725085 
       1.0000000        1.0000000        1.0000000        1.0000000       0.10300000        7.9331828        7.8712159       0.13072776       0.14663109      0.078802544      0.087424981      0.040836850      0.042119405       0.67050344       0.71476409       0.66645085       0.70665370       0.67330008       0.69762816        1.0000000        1.9000931        1.0000000        2.0858641        1.0000000        2.2840289        1.0000000       0.84879980        1.0000000        1.0605463        1.0000000        1.2739786 
       1.0000000        1.0000000        1.0000000        1.0000000       0.10400000        7.9176093        7.8561617       0.13071679       0.14683699      0.078848525      0.087589607      0.040896337      0.042294161       0.67027410       0.71524292       0.66670675       0.70715109       0.67355260       0.69837050        1.0000000        1.9014388        1.0000000        2.0877421        1.0000000        2.2875090        1.0000000       0.85014546        1.0000000        1.0624243        1.0000000        1.2774587 
       1.0000000        1.0000000        1.0000000        1.0000000       0.10500000        7.9091145        7.8481770       0.13079088       0.14690066      0.079014805      0.087727781      0.041151140      0.042507813       0.67019294       0.71561285       0.66702242       0.70756256       0.67441982       0.69860696        1.0000000        1.9022632        1.0000000        2.0891998        1.0000000        2.2908015        1.0000000       0.85096988        1.0000000        1.0638819        1.0000000        1.2807512 
       1.0000000        1.0000000        1.0000000        1.0000000       0.10600000        7.8849249        7.8244881       0.13082173       0.14704042      0.079014389      0.087866965      0.041135796      0.042504734       0.66994703       0.71553824       0.66706775       0.70770018       0.67422061       0.69857767        1.0000000        1.9021475        1.0000000        2.0899396        1.0000000        2.2910663        1.0000000       0.85085421        1.0000000        1.0646218        1.0000000        1.2810160 
       1.0000000        1.0000000        1.0000000        1.0000000       0.10700000        7.8664892        7.8065443       0.13086480       0.14711883      0.079063285      0.088022742      0.041150874      0.042510797       0.67010442       0.71540559       0.66734595       0.70809136       0.67443803       0.69903334        1.0000000        1.9016382        1.0000000        2.0910673        1.0000000        2.2930555        1.0000000       0.85034489        1.0000000        1.0657495        1.0000000        1.2830052 
       1.0000000        1.0000000        1.0000000        1.0000000       0.10800000        7.8472468        7.7877851       0.13077962       0.14742051      0.078984220      0.088323948      0.041121412      0.042700476       0.66979274       0.71569681       0.66709178       0.70866944       0.67412105       0.69983071        1.0000000        1.9025290        1.0000000        2.0931000        1.0000000        2.2974069        1.0000000       0.85123567        1.0000000        1.0677822        1.0000000        1.2873566 
       1.0000000        1.0000000        1.0000000        1.0000000       0.10900000        7.8202955        7.7613084       0.13062093       0.14757334      0.078846197      0.088473187      0.041022524      0.042770540       0.66932734       0.71599629       0.66610810       0.70924596       0.67306592       0.70019694        1.0000000        1.9033912        1.0000000        2.0952622        1.0000000        2.2998553        1.0000000       0.85209789        1.0000000        1.0699444        1.0000000        1.2898050 
       1.0000000        1.0000000        1.0000000        1.0000000       0.11000000        7.7987798        7.7402593       0.13079431       0.14756840      0.079046098      0.088653526      0.041176134      0.043018000       0.66957965       0.71578692       0.66673062       0.70933398       0.67381114       0.70090954        1.0000000        1.9026446        1.0000000        2.0952687        1.0000000        2.3042211        1.0000000       0.85135127        1.0000000        1.0699509        1.0000000        1.2941708 
       1.0000000        1.0000000        1.0000000        1.0000000       0.11100000        7.7857635        7.7277014       0.13077052       0.14746977      0.079028365      0.088554533      0.041191592      0.042892005       0.66944189       0.71561896       0.66666154       0.70918788       0.67381087       0.70077357        1.0000000        1.9021857        1.0000000        2.0947227        1.0000000        2.3026721        1.0000000       0.85089237        1.0000000        1.0694049        1.0000000        1.2926218 
       1.0000000        1.0000000        1.0000000        1.0000000       0.11200000        7.7700399        7.7124285       0.13073841       0.14743828      0.078980059      0.088550413      0.041130238      0.042817322       0.66932311       0.71548790       0.66672804       0.70919701       0.67402407       0.70034071        1.0000000        1.9018505        1.0000000        2.0952512        1.0000000        2.3012505        1.0000000       0.85055717        1.0000000        1.0699334        1.0000000        1.2912002 
       1.0000000        1.0000000        1.0000000        1.0000000       0.11300000        7.7481821        7.6910578       0.13054623       0.14684013      0.078807836      0.088081366      0.040925047      0.042636577       0.66846757       0.71452139       0.66593748       0.70874305       0.67312306       0.70018378        1.0000000        1.8986834        1.0000000        2.0924440        1.0000000        2.2977690        1.0000000       0.84739012        1.0000000        1.0671262        1.0000000        1.2877187 
       1.0000000        1.0000000        1.0000000        1.0000000       0.11400000        7.7232821        7.6665928       0.13056332       0.14708619      0.078869351      0.088344296      0.040992483      0.042831924       0.66850824       0.71495019       0.66595836       0.70940892       0.67341520       0.70111327        1.0000000        1.8998561        1.0000000        2.0947774        1.0000000        2.3024775        1.0000000       0.84856278        1.0000000        1.0694596        1.0000000        1.2924272 
       1.0000000        1.0000000        1.0000000        1.0000000       0.11500000        7.7090799        7.6528184       0.13055018       0.14697458      0.078859285      0.088126563      0.040979623      0.042629874       0.66854618       0.71535047       0.66603747       0.70937750       0.67338079       0.69934666        1.0000000        1.9008944        1.0000000        2.0946032        1.0000000        2.2971274        1.0000000       0.84960112        1.0000000        1.0692854        1.0000000        1.2870770 
       1.0000000        1.0000000        1.0000000        1.0000000       0.11600000        7.6836698        7.6278290       0.13054357       0.14694046      0.078851268      0.088101842      0.040989825      0.042656849       0.66840989       0.71534825       0.66603324       0.70942086       0.67352481       0.69957154        1.0000000        1.9009020        1.0000000        2.0945379        1.0000000        2.2977912        1.0000000       0.84960869        1.0000000        1.0692201        1.0000000        1.2877408 
       1.0000000        1.0000000        1.0000000        1.0000000       0.11700000        7.6682481        7.6128213       0.13047867       0.14686454      0.078795925      0.088081583      0.040955748      0.042670938       0.66821143       0.71517380       0.66582848       0.70956692       0.67319834       0.70009477        1.0000000        1.9003596        1.0000000        2.0947472        1.0000000        2.2996791        1.0000000       0.84906635        1.0000000        1.0694293        1.0000000        1.2896288 
       1.0000000        1.0000000        1.0000000        1.0000000       0.11800000        7.6513726        7.5963532       0.13040524       0.14694985      0.078749654      0.088140153      0.040940880      0.042716049       0.66791923       0.71546124       0.66556980       0.70982539       0.67310685       0.70042776        1.0000000        1.9012272        1.0000000        2.0958978        1.0000000        2.3012329        1.0000000       0.84993386        1.0000000        1.0705800        1.0000000        1.2911826 
       1.0000000        1.0000000        1.0000000        1.0000000       0.11900000        7.6306310        7.5760124       0.13041677       0.14693061      0.078720891      0.088131968      0.040881512      0.042704185       0.66789812       0.71544276       0.66551186       0.70983423       0.67280959       0.70035688        1.0000000        1.9012241        1.0000000        2.0958310        1.0000000        2.3009406        1.0000000       0.84993076        1.0000000        1.0705132        1.0000000        1.2908903 
       1.0000000        1.0000000        1.0000000        1.0000000       0.12000000        7.6106379        7.5564138       0.13041897       0.14695453      0.078717431      0.088195492      0.040865331      0.042901748       0.66792407       0.71582738       0.66542506       0.71042480       0.67255895       0.70116516        1.0000000        1.9021523        1.0000000        2.0976460        1.0000000        2.3049530        1.0000000       0.85085902        1.0000000        1.0723282        1.0000000        1.2949027 
       1.0000000        1.0000000        1.0000000        1.0000000       0.12100000        7.5967266        7.5428908       0.13048776       0.14686070      0.078797506      0.088139649      0.040906971      0.042926372       0.66807057       0.71584259       0.66582098       0.71056137       0.67287707       0.70149403        1.0000000        1.9021107        1.0000000        2.0976485        1.0000000        2.3058662        1.0000000       0.85081742        1.0000000        1.0723307        1.0000000        1.2958158 
       1.0000000        1.0000000        1.0000000        1.0000000       0.12200000        7.5765510        7.5230975       0.13045872       0.14681096      0.078773875      0.088141092      0.040895463      0.042913388       0.66798208       0.71516568       0.66591246       0.71031310       0.67328469       0.70203020        1.0000000        1.9003225        1.0000000        2.0965421        1.0000000        2.3064545        1.0000000       0.84902925        1.0000000        1.0712243        1.0000000        1.2964042 
       1.0000000        1.0000000        1.0000000        1.0000000       0.12300000        7.5575688        7.5044917       0.13039514       0.14641601      0.078716454      0.087738246      0.040858333      0.042665784       0.66777217       0.71422097       0.66586675       0.70893585       0.67307184       0.70053656        1.0000000        1.8978339        1.0000000        2.0919855        1.0000000        2.2989725        1.0000000       0.84654064        1.0000000        1.0666677        1.0000000        1.2889222 
       1.0000000        1.0000000        1.0000000        1.0000000       0.12400000        7.5345164        7.4818466       0.13035348       0.14650172      0.078726015      0.087751835      0.040954056      0.042647991       0.66761344       0.71424954       0.66566523       0.70886334       0.67352588       0.70073226        1.0000000        1.8978765        1.0000000        2.0915295        1.0000000        2.2987651        1.0000000       0.84658316        1.0000000        1.0662117        1.0000000        1.2887148 
       1.0000000        1.0000000        1.0000000        1.0000000       0.12500000        7.5086785        7.4563732       0.13037947       0.14654674      0.078737510      0.087788412      0.040928287      0.042683830       0.66757177       0.71427825       0.66568494       0.70896828       0.67339655       0.70080742        1.0000000        1.8979880        1.0000000        2.0920445        1.0000000        2.2994994        1.0000000       0.84669471        1.0000000        1.0667267        1.0000000        1.2894490 
       1.0000000        1.0000000        1.0000000        1.0000000       0.12600000        7.4931683        7.4412221       0.13033179       0.14632179      0.078749583      0.087617229      0.040986626      0.042661712       0.66742903       0.71399652       0.66574624       0.70883917       0.67350373       0.70200269        1.0000000        1.8972504        1.0000000        2.0907700        1.0000000        2.3003283        1.0000000       0.84595706        1.0000000        1.0654522        1.0000000        1.2902779 
       1.0000000        1.0000000        1.0000000        1.0000000       0.12700000        7.4738422        7.4222496       0.13034101       0.14634408      0.078738262      0.087554355      0.041005731      0.042554015       0.66742190       0.71398238       0.66574815       0.70824479       0.67355386       0.70117965        1.0000000        1.8972961        1.0000000        2.0892597        1.0000000        2.2972349        1.0000000       0.84600285        1.0000000        1.0639419        1.0000000        1.2871845 
       1.0000000        1.0000000        1.0000000        1.0000000       0.12800000        7.4586108        7.4073667       0.13039838       0.14619455      0.078792430      0.087499954      0.041036734      0.042658632       0.66751321       0.71372640       0.66584769       0.70829357       0.67341064       0.70181328        1.0000000        1.8964808        1.0000000        2.0889721        1.0000000        2.2996088        1.0000000       0.84518748        1.0000000        1.0636543        1.0000000        1.2895585 
       1.0000000        1.0000000        1.0000000        1.0000000       0.12900000        7.4384326        7.3875318       0.13042091       0.14607709      0.078811920      0.087419868      0.041032706      0.042635099       0.66753197       0.71362572       0.66595826       0.70842258       0.67347376       0.70196763        1.0000000        1.8960809        1.0000000        2.0890839        1.0000000        2.2994724        1.0000000       0.84478759        1.0000000        1.0637661        1.0000000        1.2894220 
       1.0000000        1.0000000        1.0000000        1.0000000       0.13000000        7.4219378        7.3713754       0.13044460       0.14627304      0.078815297      0.087539660      0.041041593      0.042690595       0.66769221       0.71401466       0.66612746       0.70862916       0.67353566       0.70202108        1.0000000        1.8972846        1.0000000        2.0901838        1.0000000        2.3008158        1.0000000       0.84599130        1.0000000        1.0648659        1.0000000        1.2907655 
       1.0000000        1.0000000        1.0000000        1.0000000       0.13100000        7.4101996        7.3599706       0.13049448       0.14629291      0.078852727      0.087513832      0.041082777      0.042647706       0.66809921       0.71413907       0.66644382       0.70871929       0.67368995       0.70234759        1.0000000        1.8977485        1.0000000        2.0905051        1.0000000        2.3007644        1.0000000       0.84645525        1.0000000        1.0651873        1.0000000        1.2907141 
       1.0000000        1.0000000        1.0000000        1.0000000       0.13200000        7.3957017        7.3458015       0.13051286       0.14642478      0.078865669      0.087671559      0.041023220      0.042696222       0.66799585       0.71435731       0.66634795       0.70899390       0.67325849       0.70252971        1.0000000        1.8983920        1.0000000        2.0915057        1.0000000        2.3020443        1.0000000       0.84709869        1.0000000        1.0661879        1.0000000        1.2919939 
       1.0000000        1.0000000        1.0000000        1.0000000       0.13300000        7.3757102        7.3261341       0.13049501       0.14671382      0.078849792      0.087936453      0.041033241      0.042835543       0.66793472       0.71493400       0.66625302       0.70965860       0.67339075       0.70325489        1.0000000        1.9000077        1.0000000        2.0938866        1.0000000        2.3064049        1.0000000       0.84871437        1.0000000        1.0685688        1.0000000        1.2963546 
       1.0000000        1.0000000        1.0000000        1.0000000       0.13400000        7.3489315        7.2996748       0.13053489       0.14689321      0.078943197      0.088080001      0.041123923      0.043018572       0.66779977       0.71574107       0.66630142       0.71075766       0.67341397       0.70452756        1.0000000        1.9020927        1.0000000        2.0972785        1.0000000        2.3118752        1.0000000       0.85079941        1.0000000        1.0719607        1.0000000        1.3018249 
       1.0000000        1.0000000        1.0000000        1.0000000       0.13500000        7.3245975        7.2756872       0.13033695       0.14665526      0.078751988      0.087945971      0.040926922      0.043033461       0.66745716       0.71560370       0.66581008       0.71092121       0.67282697       0.70489563        1.0000000        1.9014119        1.0000000        2.0971581        1.0000000        2.3131148        1.0000000       0.85011857        1.0000000        1.0718403        1.0000000        1.3030645 
       1.0000000        1.0000000        1.0000000        1.0000000       0.13600000        7.3104251        7.2618250       0.13043144       0.14674054      0.078847804      0.087997564      0.041026860      0.043046454       0.66763562       0.71566183       0.66609881       0.71091221       0.67316673       0.70488243        1.0000000        1.9016274        1.0000000        2.0972696        1.0000000        2.3135009        1.0000000       0.85033413        1.0000000        1.0719518        1.0000000        1.3034505 
       1.0000000        1.0000000        1.0000000        1.0000000       0.13700000        7.3020867        7.2537926       0.13044455       0.14700213      0.078825548      0.088235796      0.040979921      0.043138073       0.66738522       0.71618430       0.66545647       0.71163559       0.67250118       0.70574800        1.0000000        1.9032096        1.0000000        2.0998572        1.0000000        2.3179984        1.0000000       0.85191627        1.0000000        1.0745394        1.0000000        1.3079481 
       1.0000000        1.0000000        1.0000000        1.0000000       0.13800000        7.2886919        7.2406996       0.13042414       0.14702694      0.078773256      0.088281142      0.040937308      0.043148302       0.66735510       0.71608074       0.66515800       0.71167698       0.67216355       0.70582356        1.0000000        1.9029122        1.0000000        2.0999089        1.0000000        2.3182521        1.0000000       0.85161894        1.0000000        1.0745911        1.0000000        1.3082017 
       1.0000000        1.0000000        1.0000000        1.0000000       0.13900000        7.2692954        7.2216008       0.13034710       0.14713559      0.078689825      0.088425219      0.040801019      0.043256545       0.66713301       0.71629432       0.66495693       0.71231827       0.67144356       0.70622350        1.0000000        1.9034604        1.0000000        2.1022631        1.0000000        2.3208090        1.0000000       0.85216715        1.0000000        1.0769453        1.0000000        1.3107586 
       1.0000000        1.0000000        1.0000000        1.0000000       0.14000000        7.2567526        7.2093517       0.13036790       0.14716482      0.078722294      0.088442057      0.040814757      0.043247241       0.66714080       0.71643076       0.66485817       0.71233678       0.67135140       0.70627988        1.0000000        1.9038843        1.0000000        2.1024305        1.0000000        2.3212154        1.0000000       0.85259103        1.0000000        1.0771127        1.0000000        1.3111651 
       1.0000000        1.0000000        1.0000000        1.0000000       0.14100000        7.2479772        7.2008662       0.13038775       0.14718767      0.078763617      0.088502359      0.040849172      0.043254150       0.66717879       0.71633179       0.66502991       0.71253735       0.67143880       0.70621371        1.0000000        1.9035318        1.0000000        2.1030592        1.0000000        2.3213508        1.0000000       0.85223855        1.0000000        1.0777414        1.0000000        1.3113004 
       1.0000000        1.0000000        1.0000000        1.0000000       0.14200000        7.2454224        7.1985973       0.13044746       0.14730130      0.078797153      0.088651590      0.040879977      0.043549879       0.66724737       0.71689815       0.66515266       0.71308559       0.67185296       0.70672624        1.0000000        1.9051193        1.0000000        2.1053505        1.0000000        2.3258194        1.0000000       0.85382601        1.0000000        1.0800327        1.0000000        1.3157691 
       1.0000000        1.0000000        1.0000000        1.0000000       0.14300000        7.2305492        7.1840063       0.13041510       0.14719563      0.078764041      0.088631328      0.040865597      0.043587266       0.66713840       0.71652129       0.66484879       0.71328787       0.67152563       0.70732663        1.0000000        1.9039605        1.0000000        2.1056605        1.0000000        2.3270489        1.0000000       0.85266720        1.0000000        1.0803427        1.0000000        1.3169985 
       1.0000000        1.0000000        1.0000000        1.0000000       0.14400000        7.2170004        7.1707360       0.13050883       0.14729060      0.078819280      0.088682183      0.040888199      0.043591351       0.66746313       0.71679262       0.66502794       0.71335208       0.67129106       0.70727577        1.0000000        1.9047348        1.0000000        2.1059302        1.0000000        2.3271949        1.0000000       0.85344150        1.0000000        1.0806124        1.0000000        1.3171446 
       1.0000000        1.0000000        1.0000000        1.0000000       0.14500000        7.2010975        7.1551081       0.13058652       0.14738929      0.078917667      0.088896175      0.040957108      0.043935965       0.66769133       0.71708534       0.66532166       0.71379341       0.67149959       0.70784652        1.0000000        1.9053888        1.0000000        2.1073833        1.0000000        2.3317202        1.0000000       0.85409549        1.0000000        1.0820655        1.0000000        1.3216698 
       1.0000000        1.0000000        1.0000000        1.0000000       0.14600000        7.1819590        7.1362409       0.13060691       0.14720035      0.078952092      0.088745674      0.040980213      0.043837923       0.66775817       0.71642009       0.66558027       0.71323012       0.67176338       0.70738694        1.0000000        1.9035342        1.0000000        2.1056320        1.0000000        2.3290359        1.0000000       0.85224087        1.0000000        1.0803142        1.0000000        1.3189855 
       1.0000000        1.0000000        1.0000000        1.0000000       0.14700000        7.1576870        7.1122634       0.13062519       0.14714173      0.078941049      0.088676213      0.040938008      0.043780095       0.66786482       0.71619596       0.66559291       0.71294025       0.67160647       0.70741723        1.0000000        1.9029229        1.0000000        2.1042745        1.0000000        2.3284650        1.0000000       0.85162964        1.0000000        1.0789567        1.0000000        1.3184147 
       1.0000000        1.0000000        1.0000000        1.0000000       0.14800000        7.1435488        7.0983894       0.13054627       0.14719873      0.078840883      0.088719539      0.040870480      0.043768839       0.66759822       0.71621711       0.66522818       0.71310532       0.67125500       0.70731939        1.0000000        1.9029170        1.0000000        2.1048263        1.0000000        2.3286128        1.0000000       0.85162371        1.0000000        1.0795085        1.0000000        1.3185625 
       1.0000000        1.0000000        1.0000000        1.0000000       0.14900000        7.1223402        7.0774416       0.13064661       0.14743154      0.078937158      0.088882811      0.040958457      0.043886200       0.66782736       0.71667552       0.66562971       0.71376164       0.67182654       0.70780249        1.0000000        1.9043336        1.0000000        2.1073809        1.0000000        2.3314094        1.0000000       0.85304026        1.0000000        1.0820631        1.0000000        1.3213590 
       1.0000000        1.0000000        1.0000000        1.0000000       0.15000000        7.1104805        7.0658394       0.13064814       0.14723438      0.078942372      0.088691750      0.040919010      0.043781878       0.66775148       0.71627412       0.66551075       0.71341219       0.67155346       0.70766967        1.0000000        1.9031845        1.0000000        2.1058149        1.0000000        2.3290175        1.0000000       0.85189122        1.0000000        1.0804971        1.0000000        1.3189671 
       1.0000000        1.0000000        1.0000000        1.0000000       0.15100000        7.1048591        7.0604725       0.13068401       0.14721308      0.078959212      0.088675243      0.040941114      0.043731349       0.66782724       0.71598879       0.66553760       0.71297289       0.67182345       0.70718753        1.0000000        1.9023952        1.0000000        2.1044977        1.0000000        2.3272726        1.0000000       0.85110195        1.0000000        1.0791799        1.0000000        1.3172223 
       1.0000000        1.0000000        1.0000000        1.0000000       0.15200000        7.0907116        7.0465762       0.13069466       0.14707756      0.078975624      0.088550680      0.040975141      0.043627187       0.66808410       0.71549354       0.66568912       0.71232258       0.67203272       0.70645908        1.0000000        1.9012155        1.0000000        2.1024550        1.0000000        2.3233339        1.0000000       0.84992220        1.0000000        1.0771372        1.0000000        1.3132836 
       1.0000000        1.0000000        1.0000000        1.0000000       0.15300000        7.0763808        7.0324935       0.13069984       0.14702226      0.078941425      0.088512704      0.040971874      0.043605911       0.66800303       0.71535019       0.66547893       0.71216521       0.67196652       0.70644749        1.0000000        1.9008104        1.0000000        2.1020095        1.0000000        2.3235019        1.0000000       0.84951711        1.0000000        1.0766916        1.0000000        1.3134515 
       1.0000000        1.0000000        1.0000000        1.0000000       0.15400000        7.0617660        7.0181239       0.13073719       0.14698996      0.078953937      0.088548638      0.040971105      0.043605498       0.66819882       0.71501384       0.66548495       0.71188182       0.67144525       0.70616093        1.0000000        1.8998791        1.0000000        2.1010542        1.0000000        2.3227688        1.0000000       0.84858582        1.0000000        1.0757364        1.0000000        1.3127185 
       1.0000000        1.0000000        1.0000000        1.0000000       0.15500000        7.0455324        7.0021325       0.13072063       0.14684696      0.078937666      0.088451263      0.040954226      0.043633395       0.66825939       0.71468488       0.66527270       0.71150375       0.67136253       0.70597544        1.0000000        1.8988264        1.0000000        2.0995291        1.0000000        2.3211734        1.0000000       0.84753306        1.0000000        1.0742113        1.0000000        1.3111231 
       1.0000000        1.0000000        1.0000000        1.0000000       0.15600000        7.0390055        6.9958448       0.13072532       0.14708703      0.078883858      0.088631558      0.040895265      0.043718384       0.66823210       0.71523139       0.66523582       0.71194321       0.67128552       0.70615293        1.0000000        1.9004992        1.0000000        2.1013759        1.0000000        2.3235409        1.0000000       0.84920589        1.0000000        1.0760581        1.0000000        1.3134906 
       1.0000000        1.0000000        1.0000000        1.0000000       0.15700000        7.0223820        6.9794577       0.13070255       0.14711596      0.078867822      0.088556589      0.040901567      0.043564461       0.66835625       0.71541011       0.66530659       0.71152228       0.67133707       0.70544707        1.0000000        1.9011130        1.0000000        2.1002693        1.0000000        2.3203637        1.0000000       0.84981967        1.0000000        1.0749515        1.0000000        1.3103134 
       1.0000000        1.0000000        1.0000000        1.0000000       0.15800000        7.0098054        6.9671379       0.13063181       0.14734590      0.078755524      0.088783087      0.040761722      0.043661150       0.66810279       0.71584321       0.66503656       0.71212905       0.67086868       0.70658711        1.0000000        1.9025361        1.0000000        2.1025125        1.0000000        2.3239090        1.0000000       0.85124282        1.0000000        1.0771947        1.0000000        1.3138586 
       1.0000000        1.0000000        1.0000000        1.0000000       0.15900000        6.9949675        6.9525306       0.13066782       0.14731268      0.078812889      0.088714785      0.040843086      0.043560970       0.66816638       0.71572638       0.66518775       0.71158598       0.67120974       0.70504963        1.0000000        1.9021739        1.0000000        2.1010988        1.0000000        2.3191141        1.0000000       0.85088059        1.0000000        1.0757810        1.0000000        1.3090637 
       1.0000000        1.0000000        1.0000000        1.0000000       0.16000000        6.9858915        6.9436825       0.13068009       0.14713157      0.078833566      0.088437854      0.040883931      0.043315293       0.66812519       0.71514241       0.66507591       0.71039011       0.67137598       0.70336872        1.0000000        1.9008069        1.0000000        2.0974883        1.0000000        2.3108276        1.0000000       0.84951356        1.0000000        1.0721705        1.0000000        1.3007773 
