
       1.0000000        1.0000000        1.0000000        1.0000000      0.035000000        10.467478        10.299410       0.14654111       0.14703893      0.084320365      0.084610086      0.041895589      0.042266554       0.74816762       0.74827444       0.70202415       0.70133390       0.68421446       0.68538178        1.0000000        1.9947451        1.0000000        2.0621752        1.0000000        2.2320701        1.0000000       0.94345177        1.0000000        1.0368574        1.0000000        1.2220197 
       1.0000000        1.0000000        1.0000000        1.0000000      0.036000000        10.385253        10.221817       0.14547930       0.14562916      0.083996931      0.083861348      0.042101934      0.042328519       0.74577954       0.74355867       0.70072771       0.69896576       0.68459197       0.68503996        1.0000000        1.9816360        1.0000000        2.0534637        1.0000000        2.2315840        1.0000000       0.93034273        1.0000000        1.0281458        1.0000000        1.2215337 
       1.0000000        1.0000000        1.0000000        1.0000000      0.037000000        10.268287        10.109208       0.14512655       0.14453804      0.083690740      0.083126274      0.041910402      0.041630640       0.74367639       0.74258361       0.69981605       0.69761928       0.68333955       0.68368414        1.0000000        1.9771885        1.0000000        2.0466566        1.0000000        2.2255539        1.0000000       0.92589519        1.0000000        1.0213388        1.0000000        1.2155036 
       1.0000000        1.0000000        1.0000000        1.0000000      0.038000000        10.149913        9.9949383       0.14470975       0.14398303      0.083795054      0.082967822      0.042241523      0.041641108       0.74155519       0.74043010       0.69911179       0.69660136       0.68464724       0.68420266        1.0000000        1.9706474        1.0000000        2.0429182        1.0000000        2.2290491        1.0000000       0.91935411        1.0000000        1.0176004        1.0000000        1.2189987 
       1.0000000        1.0000000        1.0000000        1.0000000      0.039000000        10.104101        9.9530017       0.14396797       0.14381119      0.083690710      0.083029948      0.042433731      0.041595168       0.73890680       0.73854642       0.69787532       0.69585364       0.68431723       0.68511500        1.0000000        1.9645746        1.0000000        2.0408047        1.0000000        2.2309090        1.0000000       0.91328132        1.0000000        1.0154869        1.0000000        1.2208587 
       1.0000000        1.0000000        1.0000000        1.0000000      0.040000000        10.070887        9.9234530       0.14313317       0.14391337      0.083558699      0.083564339      0.042766996      0.042146861       0.73571403       0.73674429       0.69587417       0.69648546       0.68372526       0.68700365        1.0000000        1.9592673        1.0000000        2.0436772        1.0000000        2.2437200        1.0000000       0.90797405        1.0000000        1.0183594        1.0000000        1.2336697 
       1.0000000        1.0000000        1.0000000        1.0000000      0.041000000        9.9684573        9.8244956       0.14295447       0.14315938      0.083605886      0.083103466      0.042900051      0.041772006       0.73396620       0.73509901       0.69491406       0.69539175       0.68402882       0.68593268        1.0000000        1.9541176        1.0000000        2.0401977        1.0000000        2.2339348        1.0000000       0.90282434        1.0000000        1.0148799        1.0000000        1.2238844 
       1.0000000        1.0000000        1.0000000        1.0000000      0.042000000        9.9091639        9.7684974       0.14218977       0.14232246      0.083190548      0.082553139      0.042584945      0.041521077       0.73116922       0.73256835       0.69296984       0.69391246       0.68324704       0.68578929        1.0000000        1.9470627        1.0000000        2.0345334        1.0000000        2.2310596        1.0000000       0.89576938        1.0000000        1.0092156        1.0000000        1.2210092 
       1.0000000        1.0000000        1.0000000        1.0000000      0.043000000        9.8508228        9.7132878       0.14187710       0.14217948      0.083125747      0.082599367      0.042660806      0.041575031       0.72971279       0.73122978       0.69205751       0.69331890       0.68372932       0.68675034        1.0000000        1.9430192        1.0000000        2.0322785        1.0000000        2.2346473        1.0000000       0.89172587        1.0000000        1.0069607        1.0000000        1.2245970 
       1.0000000        1.0000000        1.0000000        1.0000000      0.044000000        9.7820076        9.6474528       0.14163549       0.14207122      0.083049790      0.082587973      0.042501439      0.041559149       0.72770726       0.72943371       0.69078922       0.69267729       0.68309142       0.68643433        1.0000000        1.9378916        1.0000000        2.0307199        1.0000000        2.2329209        1.0000000       0.88659830        1.0000000        1.0054021        1.0000000        1.2228706 
       1.0000000        1.0000000        1.0000000        1.0000000      0.045000000        9.6974361        9.5659981       0.14108057       0.14154679      0.082420930      0.082210251      0.041690725      0.040964548       0.72467689       0.72758525       0.68803077       0.69023528       0.67981979       0.68365591        1.0000000        1.9329036        1.0000000        2.0228586        1.0000000        2.2201049        1.0000000       0.88161035        1.0000000       0.99754075        1.0000000        1.2100546 
       1.0000000        1.0000000        1.0000000        1.0000000      0.046000000        9.6249325        9.4961919       0.14060715       0.14151131      0.082142877      0.082317495      0.041570097      0.040814790       0.72291745       0.72575283       0.68669872       0.68973122       0.67842524       0.68289425        1.0000000        1.9278576        1.0000000        2.0219668        1.0000000        2.2169754        1.0000000       0.87656435        1.0000000       0.99664899        1.0000000        1.2069251 
       1.0000000        1.0000000        1.0000000        1.0000000      0.047000000        9.5793541        9.4531907       0.14010556       0.14152261      0.081822772      0.082566755      0.041351505      0.041017658       0.72099561       0.72370855       0.68504891       0.68922157       0.67782771       0.68366045        1.0000000        1.9227050        1.0000000        2.0215179        1.0000000        2.2203559        1.0000000       0.87141172        1.0000000       0.99620007        1.0000000        1.2103055 
       1.0000000        1.0000000        1.0000000        1.0000000      0.048000000        9.5145877        9.3908894       0.13980438       0.14166795      0.081665021      0.082698436      0.041237415      0.040844172       0.71976937       0.72344100       0.68438882       0.69024870       0.67778728       0.68207267        1.0000000        1.9213673        1.0000000        2.0239646        1.0000000        2.2136107        1.0000000       0.87007399        1.0000000       0.99864678        1.0000000        1.2035604 
       1.0000000        1.0000000        1.0000000        1.0000000      0.049000000        9.4866793        9.3653416       0.13938518       0.14134817      0.081741788      0.082717556      0.041439353      0.040929899       0.71763442       0.72091530       0.68356726       0.68911465       0.67766877       0.68226158        1.0000000        1.9145616        1.0000000        2.0213272        1.0000000        2.2135736        1.0000000       0.86326832        1.0000000       0.99600940        1.0000000        1.2035233 
       1.0000000        1.0000000        1.0000000        1.0000000      0.050000000        9.4937627        9.3746877       0.13881085       0.14181122      0.081380912      0.083400071      0.041249458      0.041400678       0.71561963       0.71896606       0.68236660       0.69068378       0.67601066       0.68537345        1.0000000        1.9091068        1.0000000        2.0274167        1.0000000        2.2285961        1.0000000       0.85781352        1.0000000        1.0020989        1.0000000        1.2185458 
       1.0000000        1.0000000        1.0000000        1.0000000      0.051000000        9.4564788        9.3395747       0.13845840       0.14142912      0.081267208      0.083328283      0.041185204      0.041366119       0.71343378       0.71748302       0.68143161       0.68965259       0.67534220       0.68495261        1.0000000        1.9042278        1.0000000        2.0238235        1.0000000        2.2268115        1.0000000       0.85293454        1.0000000       0.99850574        1.0000000        1.2167612 
       1.0000000        1.0000000        1.0000000        1.0000000      0.052000000        9.4308615        9.3160424       0.13815094       0.14119971      0.081321552      0.083378143      0.041403733      0.041426460       0.71168571       0.71550102       0.68080491       0.68910299       0.67525482       0.68451564        1.0000000        1.8988716        1.0000000        2.0220912        1.0000000        2.2265652        1.0000000       0.84757826        1.0000000       0.99677336        1.0000000        1.2165148 
       1.0000000        1.0000000        1.0000000        1.0000000      0.053000000        9.4364457        9.3236308       0.13783708       0.14105800      0.081433607      0.083453198      0.041593171      0.041433527       0.70932438       0.71362934       0.68012609       0.68943825       0.67536444       0.68576930        1.0000000        1.8934071        1.0000000        2.0230067        1.0000000        2.2304369        1.0000000       0.84211385        1.0000000       0.99768891        1.0000000        1.2203865 
       1.0000000        1.0000000        1.0000000        1.0000000      0.054000000        9.4079131        9.2970263       0.13731820       0.14056434      0.081181243      0.083195176      0.041331705      0.041272244       0.70754123       0.71248425       0.67933319       0.68885322       0.67548987       0.68575902        1.0000000        1.8899461        1.0000000        2.0203964        1.0000000        2.2289094        1.0000000       0.83865283        1.0000000       0.99507859        1.0000000        1.2188591 
       1.0000000        1.0000000        1.0000000        1.0000000      0.055000000        9.3587592        9.2497290       0.13709802       0.14033970      0.080966565      0.083130673      0.041108950      0.041248866       0.70631644       0.71152684       0.67750333       0.68859951       0.67491291       0.68553841        1.0000000        1.8872876        1.0000000        2.0192609        1.0000000        2.2279040        1.0000000       0.83599434        1.0000000       0.99394310        1.0000000        1.2178536 
       1.0000000        1.0000000        1.0000000        1.0000000      0.056000000        9.2886216        9.1815556       0.13704110       0.14016247      0.081053890      0.083071563      0.041301511      0.041195495       0.70542161       0.71038886       0.67693900       0.68848654       0.67503104       0.68532076        1.0000000        1.8840187        1.0000000        2.0188366        1.0000000        2.2266369        1.0000000       0.83272541        1.0000000       0.99351878        1.0000000        1.2165865 
       1.0000000        1.0000000        1.0000000        1.0000000      0.057000000        9.2288777        9.1235306       0.13684154       0.14007166      0.081028954      0.083050609      0.041231249      0.041186357       0.70488400       0.70968956       0.67701134       0.68854635       0.67533444       0.68515413        1.0000000        1.8820024        1.0000000        2.0190022        1.0000000        2.2256878        1.0000000       0.83070907        1.0000000       0.99368435        1.0000000        1.2156374 
       1.0000000        1.0000000        1.0000000        1.0000000      0.058000000        9.2108775        9.1071895       0.13674933       0.13996694      0.081030997      0.082929986      0.041179611      0.041238837       0.70400453       0.70894840       0.67675929       0.68895543       0.67562285       0.68497907        1.0000000        1.8800077        1.0000000        2.0199428        1.0000000        2.2249559        1.0000000       0.82871437        1.0000000       0.99462498        1.0000000        1.2149055 
       1.0000000        1.0000000        1.0000000        1.0000000      0.059000000        9.1495951        9.0475093       0.13656856       0.13985974      0.081003381      0.082904711      0.041301179      0.041223366       0.70276584       0.70804007       0.67592318       0.68866897       0.67577559       0.68500896        1.0000000        1.8776385        1.0000000        2.0191803        1.0000000        2.2250957        1.0000000       0.82634517        1.0000000       0.99386250        1.0000000        1.2150454 
       1.0000000        1.0000000        1.0000000        1.0000000      0.060000000        9.1204910        9.0199535       0.13643980       0.14006064      0.080931107      0.083061139      0.041198101      0.041423360       0.70184569       0.70756173       0.67515980       0.68896045       0.67544806       0.68614818        1.0000000        1.8763305        1.0000000        2.0201061        1.0000000        2.2296817        1.0000000       0.82503717        1.0000000       0.99478833        1.0000000        1.2196314 
       1.0000000        1.0000000        1.0000000        1.0000000      0.061000000        9.0891932        8.9901530       0.13641868       0.13995597      0.081080033      0.083102558      0.041327832      0.041473282       0.70092873       0.70659844       0.67499798       0.68866564       0.67611344       0.68619917        1.0000000        1.8737533        1.0000000        2.0195861        1.0000000        2.2301211        1.0000000       0.82245999        1.0000000       0.99426832        1.0000000        1.2200708 
       1.0000000        1.0000000        1.0000000        1.0000000      0.062000000        9.0207475        8.9231561       0.13623096       0.13966311      0.080967852      0.083084530      0.041203525      0.041591976       0.69994019       0.70553063       0.67412379       0.68898371       0.67536183       0.68705035        1.0000000        1.8706010        1.0000000        2.0201970        1.0000000        2.2345533        1.0000000       0.81930773        1.0000000       0.99487919        1.0000000        1.2245030 
       1.0000000        1.0000000        1.0000000        1.0000000      0.063000000        8.9764213        8.8802327       0.13612705       0.13877049      0.080857310      0.082284083      0.041050665      0.041017796       0.69897607       0.70377205       0.67345151       0.68612436       0.67490003       0.68479008        1.0000000        1.8652195        1.0000000        2.0097405        1.0000000        2.2223283        1.0000000       0.81392625        1.0000000       0.98442268        1.0000000        1.2122780 
       1.0000000        1.0000000        1.0000000        1.0000000      0.064000000        8.9434761        8.8486463       0.13600939       0.13911240      0.080932457      0.082775084      0.041068719      0.041292114       0.69779519       0.70357526       0.67327189       0.68770184       0.67523256       0.68677608        1.0000000        1.8646735        1.0000000        2.0156951        1.0000000        2.2324864        1.0000000       0.81338017        1.0000000       0.99037728        1.0000000        1.2224361 
       1.0000000        1.0000000        1.0000000        1.0000000      0.065000000        8.9074311        8.8139185       0.13566695       0.13914857      0.080777026      0.082732773      0.041094721      0.041341334       0.69636335       0.70353670       0.67291472       0.68850272       0.67479119       0.68807051        1.0000000        1.8645000        1.0000000        2.0176829        1.0000000        2.2354553        1.0000000       0.81320668        1.0000000       0.99236507        1.0000000        1.2254050 
       1.0000000        1.0000000        1.0000000        1.0000000      0.066000000        8.8729145        8.7806793       0.13547059       0.13915183      0.080730447      0.082736457      0.041201431      0.041230030       0.69550151       0.70311960       0.67271649       0.68889991       0.67480157       0.68865459        1.0000000        1.8631927        1.0000000        2.0186711        1.0000000        2.2373681        1.0000000       0.81189939        1.0000000       0.99335331        1.0000000        1.2273177 
       1.0000000        1.0000000        1.0000000        1.0000000      0.067000000        8.8556036        8.7647298       0.13562521       0.13955909      0.081041550      0.083052875      0.041746199      0.041310650       0.69521876       0.70281852       0.67279024       0.68939962       0.67550785       0.68837215        1.0000000        1.8623493        1.0000000        2.0207732        1.0000000        2.2374014        1.0000000       0.81105605        1.0000000       0.99545536        1.0000000        1.2273510 
       1.0000000        1.0000000        1.0000000        1.0000000      0.068000000        8.8182992        8.7286251       0.13559134       0.13991265      0.081182971      0.083303568      0.041944126      0.041486889       0.69450308       0.70397843       0.67269551       0.69022983       0.67621378       0.68885897        1.0000000        1.8654264        1.0000000        2.0237119        1.0000000        2.2414796        1.0000000       0.81413313        1.0000000       0.99839407        1.0000000        1.2314292 
       1.0000000        1.0000000        1.0000000        1.0000000      0.069000000        8.8009450        8.7124362       0.13557679       0.14022116      0.081220967      0.083504236      0.041964723      0.041563349       0.69406444       0.70418485       0.67264540       0.69126224       0.67668794       0.68959148        1.0000000        1.8659792        1.0000000        2.0269840        1.0000000        2.2431621        1.0000000       0.81468588        1.0000000        1.0016662        1.0000000        1.2331117 
       1.0000000        1.0000000        1.0000000        1.0000000      0.070000000        8.7676948        8.6803184       0.13562193       0.14085693      0.081496001      0.084061747      0.042352223      0.041806544       0.69331679       0.70432444       0.67293047       0.69265699       0.67702460       0.69102754        1.0000000        1.8665655        1.0000000        2.0322837        1.0000000        2.2496920        1.0000000       0.81527224        1.0000000        1.0069659        1.0000000        1.2396416 
       1.0000000        1.0000000        1.0000000        1.0000000      0.071000000        8.7233913        8.6371158       0.13561937       0.14056282      0.081663655      0.083929634      0.042576440      0.041809587       0.69281453       0.70350344       0.67344398       0.69155832       0.67779977       0.69067474        1.0000000        1.8640908        1.0000000        2.0283843        1.0000000        2.2492276        1.0000000       0.81279749        1.0000000        1.0030665        1.0000000        1.2391772 
       1.0000000        1.0000000        1.0000000        1.0000000      0.072000000        8.6796559        8.5944510       0.13541469       0.14031398      0.081471797      0.083799667      0.042468261      0.041775833       0.69193782       0.70266794       0.67284932       0.69135741       0.67791520       0.69055797        1.0000000        1.8617003        1.0000000        2.0277250        1.0000000        2.2480719        1.0000000       0.81040701        1.0000000        1.0024072        1.0000000        1.2380215 
       1.0000000        1.0000000        1.0000000        1.0000000      0.073000000        8.6389094        8.5547464       0.13499624       0.14048796      0.081075425      0.084042509      0.042139095      0.041929664       0.69083738       0.70248221       0.67244947       0.69193606       0.67766900       0.69124788        1.0000000        1.8613647        1.0000000        2.0298239        1.0000000        2.2518064        1.0000000       0.81007138        1.0000000        1.0045061        1.0000000        1.2417561 
       1.0000000        1.0000000        1.0000000        1.0000000      0.074000000        8.6058507        8.5227019       0.13493666       0.14063497      0.081151866      0.084241744      0.042202063      0.041961152       0.69049702       0.70243730       0.67260057       0.69208160       0.67788672       0.69124904        1.0000000        1.8610902        1.0000000        2.0302573        1.0000000        2.2530273        1.0000000       0.80979687        1.0000000        1.0049394        1.0000000        1.2429769 
       1.0000000        1.0000000        1.0000000        1.0000000      0.075000000        8.5762418        8.4940805       0.13486924       0.14093361      0.081176191      0.084521795      0.042201217      0.042081244       0.68984659       0.70221630       0.67261996       0.69229218       0.67775598       0.69159420        1.0000000        1.8606015        1.0000000        2.0312430        1.0000000        2.2545370        1.0000000       0.80930821        1.0000000        1.0059252        1.0000000        1.2444867 
       1.0000000        1.0000000        1.0000000        1.0000000      0.076000000        8.5210778        8.4398786       0.13472533       0.14023581      0.081095917      0.083876810      0.042218139      0.041533006       0.68934248       0.70095985       0.67286831       0.69151541       0.67798269       0.68841945        1.0000000        1.8567179        1.0000000        2.0272664        1.0000000        2.2398433        1.0000000       0.80542456        1.0000000        1.0019486        1.0000000        1.2297930 
       1.0000000        1.0000000        1.0000000        1.0000000      0.077000000        8.4978105        8.4175489       0.13432911       0.13973060      0.080672063      0.083617139      0.041891310      0.041413209       0.68831488       0.69999631       0.67176314       0.69145632       0.67710599       0.68855335        1.0000000        1.8534515        1.0000000        2.0264508        1.0000000        2.2395030        1.0000000       0.80215823        1.0000000        1.0011330        1.0000000        1.2294526 
       1.0000000        1.0000000        1.0000000        1.0000000      0.078000000        8.4688170        8.3894695       0.13440097       0.13973272      0.080780898      0.083672552      0.041913150      0.041387527       0.68802250       0.69934754       0.67205587       0.69111878       0.67724184       0.68879861        1.0000000        1.8516494        1.0000000        2.0250657        1.0000000        2.2400536        1.0000000       0.80035609        1.0000000       0.99974787        1.0000000        1.2300033 
       1.0000000        1.0000000        1.0000000        1.0000000      0.079000000        8.4154830        8.3371149       0.13417579       0.13989421      0.080387289      0.083739453      0.041434852      0.041374788       0.68735308       0.69915428       0.67145705       0.69131037       0.67654787       0.68862329        1.0000000        1.8513192        1.0000000        2.0258892        1.0000000        2.2386489        1.0000000       0.80002589        1.0000000        1.0005714        1.0000000        1.2285985 
       1.0000000        1.0000000        1.0000000        1.0000000      0.080000000        8.3935854        8.3160848       0.13422886       0.13937378      0.080533642      0.083197575      0.041524137      0.040910495       0.68693447       0.69846048       0.67179691       0.68903005       0.67676073       0.68453034        1.0000000        1.8493339        1.0000000        2.0182900        1.0000000        2.2227213        1.0000000       0.79804058        1.0000000       0.99297219        1.0000000        1.2126710 
       1.0000000        1.0000000        1.0000000        1.0000000      0.081000000        8.3859945        8.3093406       0.13414935       0.13913164      0.080480162      0.083069132      0.041466478      0.040956782       0.68617850       0.69804589       0.67133634       0.68832949       0.67635267       0.68521761        1.0000000        1.8480023        1.0000000        2.0155818        1.0000000        2.2256061        1.0000000       0.79670898        1.0000000       0.99026397        1.0000000        1.2155558 
       1.0000000        1.0000000        1.0000000        1.0000000      0.082000000        8.3615050        8.2856777       0.13398940       0.13897818      0.080631452      0.082944632      0.041643515      0.040867396       0.68539238       0.69743879       0.67126968       0.68849012       0.67678536       0.68520181        1.0000000        1.8461680        1.0000000        2.0159245        1.0000000        2.2232409        1.0000000       0.79487474        1.0000000       0.99060664        1.0000000        1.2131905 
       1.0000000        1.0000000        1.0000000        1.0000000      0.083000000        8.3303170        8.2552970       0.13354229       0.13897488      0.080309073      0.082968468      0.041309082      0.040950578       0.68463429       0.69782093       0.67124861       0.68877556       0.67686519       0.68530645        1.0000000        1.8471316        1.0000000        2.0170032        1.0000000        2.2236505        1.0000000       0.79583832        1.0000000       0.99168538        1.0000000        1.2136001 
       1.0000000        1.0000000        1.0000000        1.0000000      0.084000000        8.2800508        8.2058192       0.13367263       0.13915303      0.080397122      0.083078351      0.041320322      0.041140637       0.68447829       0.69899686       0.67191606       0.68991838       0.67700797       0.68593657        1.0000000        1.8502742        1.0000000        2.0206269        1.0000000        2.2257075        1.0000000       0.79898087        1.0000000       0.99530911        1.0000000        1.2156572 
       1.0000000        1.0000000        1.0000000        1.0000000      0.085000000        8.2550458        8.1815848       0.13358346       0.13939246      0.080365102      0.083289329      0.041359015      0.041236868       0.68392803       0.69890721       0.67193138       0.68959061       0.67676811       0.68622877        1.0000000        1.8502203        1.0000000        2.0197237        1.0000000        2.2274461        1.0000000       0.79892702        1.0000000       0.99440592        1.0000000        1.2173958 
       1.0000000        1.0000000        1.0000000        1.0000000      0.086000000        8.2488727        8.1761649       0.13359368       0.13937684      0.080414619      0.083292615      0.041366750      0.041174198       0.68350851       0.69871961       0.67177776       0.68956498       0.67673649       0.68615255        1.0000000        1.8496392        1.0000000        2.0197199        1.0000000        2.2272314        1.0000000       0.79834593        1.0000000       0.99440207        1.0000000        1.2171811 
       1.0000000        1.0000000        1.0000000        1.0000000      0.087000000        8.2156739        8.1437024       0.13370039       0.13952037      0.080472232      0.083420000      0.041336217      0.041219367       0.68344757       0.69885161       0.67198562       0.68973342       0.67682496       0.68628114        1.0000000        1.8500177        1.0000000        2.0206062        1.0000000        2.2279730        1.0000000       0.79872440        1.0000000       0.99528836        1.0000000        1.2179227 
       1.0000000        1.0000000        1.0000000        1.0000000      0.088000000        8.1928189        8.1215676       0.13368405       0.13900234      0.080499829      0.083021362      0.041358262      0.041143854       0.68312556       0.69811322       0.67206711       0.68927421       0.67699347       0.68696793        1.0000000        1.8476566        1.0000000        2.0178992        1.0000000        2.2290263        1.0000000       0.79636335        1.0000000       0.99258136        1.0000000        1.2189760 
       1.0000000        1.0000000        1.0000000        1.0000000      0.089000000        8.1548534        8.0843067       0.13388656       0.13898176      0.080747788      0.083142479      0.041511614      0.041276172       0.68312876       0.69776032       0.67249555       0.68993717       0.67593787       0.68765289        1.0000000        1.8465006        1.0000000        2.0202966        1.0000000        2.2320787        1.0000000       0.79520729        1.0000000       0.99497880        1.0000000        1.2220284 
       1.0000000        1.0000000        1.0000000        1.0000000      0.090000000        8.1408883        8.0710991       0.13379597       0.13888801      0.080577081      0.083147581      0.041310621      0.041325909       0.68266583       0.69721866       0.67241346       0.68980857       0.67570653       0.68789263        1.0000000        1.8449267        1.0000000        2.0196271        1.0000000        2.2330154        1.0000000       0.79363336        1.0000000       0.99430927        1.0000000        1.2229651 
       1.0000000        1.0000000        1.0000000        1.0000000      0.091000000        8.1387977        8.0696819       0.13384004       0.13933201      0.080621743      0.083685310      0.041241644      0.041832296       0.68247504       0.69752072       0.67259553       0.69128817       0.67589814       0.69192268        1.0000000        1.8457767        1.0000000        2.0238233        1.0000000        2.2501818        1.0000000       0.79448342        1.0000000       0.99850545        1.0000000        1.2401315 
       1.0000000        1.0000000        1.0000000        1.0000000      0.092000000        8.1258572        8.0574005       0.13379452       0.13894250      0.080583696      0.083221176      0.041184319      0.041544331       0.68214815       0.69692680       0.67256996       0.68971703       0.67586340       0.69040448        1.0000000        1.8442389        1.0000000        2.0189235        1.0000000        2.2425401        1.0000000       0.79294556        1.0000000       0.99360570        1.0000000        1.2324898 
       1.0000000        1.0000000        1.0000000        1.0000000      0.093000000        8.1069837        8.0391726       0.13385172       0.13930794      0.080660494      0.083596900      0.041263692      0.041666669       0.68163593       0.69738829       0.67273756       0.69052628       0.67579942       0.69104800        1.0000000        1.8455034        1.0000000        2.0220793        1.0000000        2.2473186        1.0000000       0.79421012        1.0000000       0.99676153        1.0000000        1.2372683 
       1.0000000        1.0000000        1.0000000        1.0000000      0.094000000        8.0858409        8.0186621       0.13401503       0.13910250      0.080778055      0.083396370      0.041325091      0.041583596       0.68149743       0.69717720       0.67355503       0.69005224       0.67577930       0.69082157        1.0000000        1.8447651        1.0000000        2.0202854        1.0000000        2.2457994        1.0000000       0.79347179        1.0000000       0.99496754        1.0000000        1.2357490 
       1.0000000        1.0000000        1.0000000        1.0000000      0.095000000        8.0615603        7.9950010       0.13408935       0.13900651      0.080844332      0.083417754      0.041359581      0.041682540       0.68128026       0.69646883       0.67416708       0.69017962       0.67608164       0.69128864        1.0000000        1.8426795        1.0000000        2.0202904        1.0000000        2.2480171        1.0000000       0.79138619        1.0000000       0.99497257        1.0000000        1.2379668 
       1.0000000        1.0000000        1.0000000        1.0000000      0.096000000        8.0402350        7.9742829       0.13411591       0.13856316      0.080826088      0.082990069      0.041242626      0.041381039       0.68122732       0.69599642       0.67428510       0.68846186       0.67612608       0.68827276        1.0000000        1.8411108        1.0000000        2.0145251        1.0000000        2.2370267        1.0000000       0.78981754        1.0000000       0.98920726        1.0000000        1.2269763 
       1.0000000        1.0000000        1.0000000        1.0000000      0.097000000        8.0123710        7.9470140       0.13418401       0.13854715      0.080962689      0.082991777      0.041496902      0.041346652       0.68110385       0.69590615       0.67412892       0.68807776       0.67661493       0.68815994        1.0000000        1.8409055        1.0000000        2.0134114        1.0000000        2.2359352        1.0000000       0.78961223        1.0000000       0.98809361        1.0000000        1.2258849 
       1.0000000        1.0000000        1.0000000        1.0000000      0.098000000        7.9880047        7.9232312       0.13404040       0.13854236      0.080892386      0.082993846      0.041584787      0.041406448       0.68074174       0.69576428       0.67334838       0.68833378       0.67662314       0.68816505        1.0000000        1.8405333        1.0000000        2.0146028        1.0000000        2.2361156        1.0000000       0.78924002        1.0000000       0.98928495        1.0000000        1.2260653 
       1.0000000        1.0000000        1.0000000        1.0000000      0.099000000        7.9794161        7.9152147       0.13412224       0.13851854      0.081009206      0.082945348      0.041715158      0.041279246       0.68097130       0.69525665       0.67384881       0.68806053       0.67760821       0.68756618        1.0000000        1.8392380        1.0000000        2.0140391        1.0000000        2.2337074        1.0000000       0.78794475        1.0000000       0.98872134        1.0000000        1.2236571 
       1.0000000        1.0000000        1.0000000        1.0000000       0.10000000        7.9614988        7.8978586       0.13435911       0.13868370      0.081307683      0.083000567      0.041937548      0.041325583       0.68145164       0.69516672       0.67582323       0.68847117       0.67901709       0.68791122        1.0000000        1.8391433        1.0000000        2.0155596        1.0000000        2.2357865        1.0000000       0.78785004        1.0000000       0.99024181        1.0000000        1.2257362 
       1.0000000        1.0000000        1.0000000        1.0000000       0.10100000        7.9315222        7.8684870       0.13434061       0.13890482      0.081258950      0.083390004      0.041859459      0.041634553       0.68108714       0.69538745       0.67561025       0.68960371       0.67851697       0.69015842        1.0000000        1.8397221        1.0000000        2.0187029        1.0000000        2.2449700        1.0000000       0.78842884        1.0000000       0.99338506        1.0000000        1.2349197 
       1.0000000        1.0000000        1.0000000        1.0000000       0.10200000        7.9210038        7.8585077       0.13449519       0.13904828      0.081427600      0.083483487      0.042030189      0.041594508       0.68127648       0.69558546       0.67626192       0.69054071       0.67919754       0.69012108        1.0000000        1.8402681        1.0000000        2.0215533        1.0000000        2.2439249        1.0000000       0.78897484        1.0000000       0.99623553        1.0000000        1.2338745 
       1.0000000        1.0000000        1.0000000        1.0000000       0.10300000        7.8960163        7.8340494       0.13458538       0.13906390      0.081445753      0.083449719      0.041940524      0.041562916       0.68137408       0.69590698       0.67644832       0.69075298       0.67904341       0.69031809        1.0000000        1.8411959        1.0000000        2.0225579        1.0000000        2.2442774        1.0000000       0.78990261        1.0000000       0.99724012        1.0000000        1.2342271 
       1.0000000        1.0000000        1.0000000        1.0000000       0.10400000        7.8700917        7.8086442       0.13469977       0.13924185      0.081583123      0.083657249      0.042033460      0.041809498       0.68143772       0.69572687       0.67641779       0.69257014       0.67921342       0.69109015        1.0000000        1.8405783        1.0000000        2.0278218        1.0000000        2.2480265        1.0000000       0.78928501        1.0000000        1.0025040        1.0000000        1.2379762 
       1.0000000        1.0000000        1.0000000        1.0000000       0.10500000        7.8490349        7.7880974       0.13467566       0.13911109      0.081591075      0.083615360      0.042100118      0.041809300       0.68147415       0.69545208       0.67591886       0.69296759       0.67913270       0.69165917        1.0000000        1.8396990        1.0000000        2.0285691        1.0000000        2.2490040        1.0000000       0.78840574        1.0000000        1.0032513        1.0000000        1.2389537 
       1.0000000        1.0000000        1.0000000        1.0000000       0.10600000        7.8385957        7.7781589       0.13458211       0.13907859      0.081454680      0.083506357      0.042000344      0.041715134       0.68116848       0.69540231       0.67562614       0.69255816       0.67911075       0.69078106        1.0000000        1.8395539        1.0000000        2.0273925        1.0000000        2.2454793        1.0000000       0.78826061        1.0000000        1.0020747        1.0000000        1.2354290 
       1.0000000        1.0000000        1.0000000        1.0000000       0.10700000        7.8133913        7.7534464       0.13446583       0.13925441      0.081375273      0.083650071      0.041970814      0.041765644       0.68093957       0.69534585       0.67549891       0.69259683       0.67956762       0.69098445        1.0000000        1.8395721        1.0000000        2.0277087        1.0000000        2.2465278        1.0000000       0.78827877        1.0000000        1.0023909        1.0000000        1.2364775 
       1.0000000        1.0000000        1.0000000        1.0000000       0.10800000        7.8078513        7.7483895       0.13434752       0.13925693      0.081354628      0.083613510      0.042037578      0.041754495       0.68046494       0.69568727       0.67509613       0.69218924       0.67950010       0.69040991        1.0000000        1.8406309        1.0000000        2.0268141        1.0000000        2.2448174        1.0000000       0.78933758        1.0000000        1.0014963        1.0000000        1.2347671 
       1.0000000        1.0000000        1.0000000        1.0000000       0.10900000        7.7912375        7.7322505       0.13440851       0.13953238      0.081387652      0.083740984      0.042101939      0.041781867       0.68083321       0.69641968       0.67543726       0.69272695       0.68026392       0.69050201        1.0000000        1.8428677        1.0000000        2.0290475        1.0000000        2.2456303        1.0000000       0.79157439        1.0000000        1.0037297        1.0000000        1.2355799 
       1.0000000        1.0000000        1.0000000        1.0000000       0.11000000        7.7635964        7.7050759       0.13426265       0.13961572      0.081393897      0.083952373      0.042192704      0.042001398       0.68044755       0.69588255       0.67509685       0.69405767       0.68045464       0.69192550        1.0000000        1.8412237        1.0000000        2.0329926        1.0000000        2.2514239        1.0000000       0.78993042        1.0000000        1.0076748        1.0000000        1.2413735 
       1.0000000        1.0000000        1.0000000        1.0000000       0.11100000        7.7297027        7.6716407       0.13425686       0.14000890      0.081416884      0.084207742      0.042176622      0.042063896       0.68014974       0.69646582       0.67517744       0.69441438       0.68033276       0.69201334        1.0000000        1.8430696        1.0000000        2.0345495        1.0000000        2.2528757        1.0000000       0.79177633        1.0000000        1.0092317        1.0000000        1.2428254 
       1.0000000        1.0000000        1.0000000        1.0000000       0.11200000        7.6989013        7.6412899       0.13417049       0.14025312      0.081383488      0.084343850      0.042161169      0.042158855       0.68000235       0.69715270       0.67460905       0.69483538       0.67994277       0.69273265        1.0000000        1.8451527        1.0000000        2.0361715        1.0000000        2.2555322        1.0000000       0.79385939        1.0000000        1.0108537        1.0000000        1.2454819 
       1.0000000        1.0000000        1.0000000        1.0000000       0.11300000        7.6763671        7.6192427       0.13417877       0.14019756      0.081406026      0.084244028      0.042213168      0.042033785       0.68014230       0.69702879       0.67452104       0.69448863       0.68018436       0.69162415        1.0000000        1.8447944        1.0000000        2.0352546        1.0000000        2.2512382        1.0000000       0.79350108        1.0000000        1.0099368        1.0000000        1.2411879 
       1.0000000        1.0000000        1.0000000        1.0000000       0.11400000        7.6558857        7.5991963       0.13410847       0.14030030      0.081378490      0.084450860      0.042246891      0.042291654       0.67986288       0.69764119       0.67411741       0.69548394       0.67934410       0.69322602        1.0000000        1.8463683        1.0000000        2.0382350        1.0000000        2.2585922        1.0000000       0.79507497        1.0000000        1.0129172        1.0000000        1.2485419 
       1.0000000        1.0000000        1.0000000        1.0000000       0.11500000        7.6327764        7.5765149       0.13419844       0.14009926      0.081410933      0.084197297      0.042275610      0.042061781       0.68009772       0.69690792       0.67433400       0.69366655       0.67952529       0.69110998        1.0000000        1.8443286        1.0000000        2.0325558        1.0000000        2.2503394        1.0000000       0.79303527        1.0000000        1.0072380        1.0000000        1.2402891 
       1.0000000        1.0000000        1.0000000        1.0000000       0.11600000        7.6144201        7.5585794       0.13389213       0.14004321      0.081048099      0.084149417      0.041941841      0.042094938       0.67942599       0.69670244       0.67337156       0.69327647       0.67844905       0.69088249        1.0000000        1.8437654        1.0000000        2.0313343        1.0000000        2.2494182        1.0000000       0.79247213        1.0000000        1.0060164        1.0000000        1.2393678 
       1.0000000        1.0000000        1.0000000        1.0000000       0.11700000        7.6003060        7.5448793       0.13397168       0.13961971      0.081088235      0.083775574      0.041960190      0.041869388       0.67945388       0.69568571       0.67336660       0.69214225       0.67828216       0.68941627        1.0000000        1.8408740        1.0000000        2.0275712        1.0000000        2.2414480        1.0000000       0.78958075        1.0000000        1.0022534        1.0000000        1.2313976 
       1.0000000        1.0000000        1.0000000        1.0000000       0.11800000        7.5755557        7.5205362       0.13404767       0.13957239      0.081135168      0.083918749      0.041893647      0.041962200       0.67919692       0.69520174       0.67378294       0.69233969       0.67768627       0.69011202        1.0000000        1.8393317        1.0000000        2.0272662        1.0000000        2.2442510        1.0000000       0.78803844        1.0000000        1.0019484        1.0000000        1.2342006 
       1.0000000        1.0000000        1.0000000        1.0000000       0.11900000        7.5637065        7.5090879       0.13390548       0.13935469      0.080998124      0.083393754      0.041772653      0.041021232       0.67889894       0.69431957       0.67367143       0.69112413       0.67726282       0.68831333        1.0000000        1.8369626        1.0000000        2.0224579        1.0000000        2.2302809        1.0000000       0.78566926        1.0000000       0.99714010        1.0000000        1.2202306 
       1.0000000        1.0000000        1.0000000        1.0000000       0.12000000        7.5390232        7.4847991       0.13389101       0.13933339      0.081065206      0.083425288      0.041911744      0.041018495       0.67897624       0.69418534       0.67420361       0.69062633       0.67802503       0.68845469        1.0000000        1.8365107        1.0000000        2.0204753        1.0000000        2.2309395        1.0000000       0.78521740        1.0000000       0.99515752        1.0000000        1.2208892 
       1.0000000        1.0000000        1.0000000        1.0000000       0.12100000        7.5254131        7.4715773       0.13410443       0.13934073      0.081277615      0.083464991      0.042102765      0.041031894       0.67962596       0.69455278       0.67522642       0.69074422       0.67855017       0.68864590        1.0000000        1.8374593        1.0000000        2.0207445        1.0000000        2.2323146        1.0000000       0.78616599        1.0000000       0.99542673        1.0000000        1.2222643 
       1.0000000        1.0000000        1.0000000        1.0000000       0.12200000        7.5018436        7.4483901       0.13415300       0.13934994      0.081281999      0.083523703      0.042015889      0.041005024       0.67960461       0.69453914       0.67544463       0.69085767       0.67795213       0.68875854        1.0000000        1.8373398        1.0000000        2.0209670        1.0000000        2.2328033        1.0000000       0.78604647        1.0000000       0.99564921        1.0000000        1.2227529 
       1.0000000        1.0000000        1.0000000        1.0000000       0.12300000        7.4918459        7.4387687       0.13401912       0.14001769      0.081154479      0.083981917      0.042046508      0.041193089       0.67941043       0.69639471       0.67519776       0.69210761       0.67831531       0.68961408        1.0000000        1.8427067        1.0000000        2.0262919        1.0000000        2.2382878        1.0000000       0.79141339        1.0000000        1.0009741        1.0000000        1.2282375 
       1.0000000        1.0000000        1.0000000        1.0000000       0.12400000        7.4753155        7.4226457       0.13397444       0.14017396      0.081212906      0.084049833      0.042217887      0.041229622       0.67935633       0.69653275       0.67525491       0.69227976       0.67882992       0.68967295        1.0000000        1.8431585        1.0000000        2.0273576        1.0000000        2.2395161        1.0000000       0.79186524        1.0000000        1.0020397        1.0000000        1.2294658 
       1.0000000        1.0000000        1.0000000        1.0000000       0.12500000        7.4555418        7.4032365       0.13409337       0.14035188      0.081305985      0.084280527      0.042254841      0.041364806       0.67955454       0.69652886       0.67553029       0.69294884       0.67895155       0.69008596        1.0000000        1.8430360        1.0000000        2.0300454        1.0000000        2.2424252        1.0000000       0.79174269        1.0000000        1.0047276        1.0000000        1.2323748 
       1.0000000        1.0000000        1.0000000        1.0000000       0.12600000        7.4419333        7.3899871       0.13424566       0.14011275      0.081387601      0.084149517      0.042325119      0.041329506       0.67979301       0.69557145       0.67570322       0.69289191       0.67899649       0.69027773        1.0000000        1.8402130        1.0000000        2.0294641        1.0000000        2.2419735        1.0000000       0.78891974        1.0000000        1.0041463        1.0000000        1.2319232 
       1.0000000        1.0000000        1.0000000        1.0000000       0.12700000        7.4261817        7.3745892       0.13427881       0.13830498      0.081445112      0.082717984      0.042376118      0.040687133       0.67989702       0.69410965       0.67627155       0.69150449       0.67965806       0.68955980        1.0000000        1.8350138        1.0000000        2.0224640        1.0000000        2.2330555        1.0000000       0.78372050        1.0000000       0.99714620        1.0000000        1.2230052 
       1.0000000        1.0000000        1.0000000        1.0000000       0.12800000        7.4053854        7.3541413       0.13432204       0.13842080      0.081459928      0.082840388      0.042329231      0.040807297       0.67992447       0.69431622       0.67593886       0.69203058       0.67906219       0.69010512        1.0000000        1.8355612        1.0000000        2.0242867        1.0000000        2.2360454        1.0000000       0.78426792        1.0000000       0.99896887        1.0000000        1.2259951 
       1.0000000        1.0000000        1.0000000        1.0000000       0.12900000        7.3841695        7.3332687       0.13437568       0.13859222      0.081482490      0.082916821      0.042291851      0.040882153       0.67997662       0.69495258       0.67625691       0.69264186       0.67875858       0.69042286        1.0000000        1.8375126        1.0000000        2.0264904        1.0000000        2.2369139        1.0000000       0.78621928        1.0000000        1.0011726        1.0000000        1.2268636 
       1.0000000        1.0000000        1.0000000        1.0000000       0.13000000        7.3699742        7.3194118       0.13439086       0.13862812      0.081534598      0.082963521      0.042307546      0.040915380       0.68002614       0.69499367       0.67632675       0.69262106       0.67888451       0.69038137        1.0000000        1.8375831        1.0000000        2.0263580        1.0000000        2.2366066        1.0000000       0.78628982        1.0000000        1.0010402        1.0000000        1.2265563 
       1.0000000        1.0000000        1.0000000        1.0000000       0.13100000        7.3654394        7.3152104       0.13439905       0.13836351      0.081572911      0.082803967      0.042378120      0.040944700       0.68003508       0.69420831       0.67600101       0.69238564       0.67860656       0.69067417        1.0000000        1.8352110        1.0000000        2.0247572        1.0000000        2.2367745        1.0000000       0.78391769        1.0000000       0.99943938        1.0000000        1.2267241 
       1.0000000        1.0000000        1.0000000        1.0000000       0.13200000        7.3525250        7.3026248       0.13441364       0.13846446      0.081622333      0.082884164      0.042461550      0.040980697       0.68020855       0.69450889       0.67615463       0.69257272       0.67917470       0.69084480        1.0000000        1.8360422        1.0000000        2.0254785        1.0000000        2.2380305        1.0000000       0.78474895        1.0000000        1.0001607        1.0000000        1.2279802 
       1.0000000        1.0000000        1.0000000        1.0000000       0.13300000        7.3400748        7.2904987       0.13447864       0.13857268      0.081649328      0.082951661      0.042450180      0.040946928       0.68022998       0.69464506       0.67649820       0.69278950       0.67941947       0.69057406        1.0000000        1.8364755        1.0000000        2.0266187        1.0000000        2.2375430        1.0000000       0.78518221        1.0000000        1.0013009        1.0000000        1.2274927 
       1.0000000        1.0000000        1.0000000        1.0000000       0.13400000        7.3149517        7.2656950       0.13455274       0.13851341      0.081726127      0.082963280      0.042505272      0.040992608       0.68045300       0.69453111       0.67661946       0.69270993       0.67973609       0.69077794        1.0000000        1.8361420        1.0000000        2.0264056        1.0000000        2.2381981        1.0000000       0.78484869        1.0000000        1.0010878        1.0000000        1.2281477 
       1.0000000        1.0000000        1.0000000        1.0000000       0.13500000        7.2883569        7.2394465       0.13466528       0.13883800      0.081830304      0.083184611      0.042607889      0.040933033       0.68072791       0.69540672       0.67679123       0.69388132       0.67991539       0.69109912        1.0000000        1.8386348        1.0000000        2.0303605        1.0000000        2.2379388        1.0000000       0.78734155        1.0000000        1.0050427        1.0000000        1.2278884 
       1.0000000        1.0000000        1.0000000        1.0000000       0.13600000        7.2786693        7.2300692       0.13467446       0.13893593      0.081802667      0.083276308      0.042599560      0.041016211       0.68090585       0.69573195       0.67654416       0.69402234       0.67935879       0.69154034        1.0000000        1.8396435        1.0000000        2.0309227        1.0000000        2.2402123        1.0000000       0.78835024        1.0000000        1.0056049        1.0000000        1.2301620 
       1.0000000        1.0000000        1.0000000        1.0000000       0.13700000        7.2570601        7.2087660       0.13466210       0.13879388      0.081882680      0.083216143      0.042704328      0.041023669       0.68087028       0.69560644       0.67668629       0.69418250       0.67961987       0.69197809        1.0000000        1.8391393        1.0000000        2.0309463        1.0000000        2.2418828        1.0000000       0.78784601        1.0000000        1.0056285        1.0000000        1.2318325 
       1.0000000        1.0000000        1.0000000        1.0000000       0.13800000        7.2435576        7.1955653       0.13472229       0.13876016      0.081925542      0.083278949      0.042729559      0.041125807       0.68094585       0.69561224       0.67671364       0.69414984       0.67953908       0.69273423        1.0000000        1.8389763        1.0000000        2.0305157        1.0000000        2.2450224        1.0000000       0.78768300        1.0000000        1.0051979        1.0000000        1.2349721 
       1.0000000        1.0000000        1.0000000        1.0000000       0.13900000        7.2321482        7.1844536       0.13467910       0.13889600      0.081905699      0.083421923      0.042716983      0.041260625       0.68075178       0.69603970       0.67639040       0.69440590       0.67966968       0.69290805        1.0000000        1.8402152        1.0000000        2.0316802        1.0000000        2.2469555        1.0000000       0.78892191        1.0000000        1.0063623        1.0000000        1.2369052 
       1.0000000        1.0000000        1.0000000        1.0000000       0.14000000        7.2083503        7.1609494       0.13462143       0.13872129      0.081909562      0.083211330      0.042723477      0.041141896       0.68026705       0.69572805       0.67584614       0.69340050       0.67885263       0.69207238        1.0000000        1.8394210        1.0000000        2.0287369        1.0000000        2.2422952        1.0000000       0.78812766        1.0000000        1.0034191        1.0000000        1.2322449 
       1.0000000        1.0000000        1.0000000        1.0000000       0.14100000        7.1927133        7.1456022       0.13454256       0.13874381      0.081836150      0.083142662      0.042664567      0.041095386       0.67999525       0.69572841       0.67583476       0.69326583       0.67892903       0.69057161        1.0000000        1.8394024        1.0000000        2.0286595        1.0000000        2.2367786        1.0000000       0.78810912        1.0000000        1.0033417        1.0000000        1.2267283 
       1.0000000        1.0000000        1.0000000        1.0000000       0.14200000        7.1797820        7.1329569       0.13463603       0.13879451      0.081959463      0.083163738      0.042765845      0.041032096       0.68033992       0.69570633       0.67624434       0.69302150       0.67932543       0.69015094        1.0000000        1.8393532        1.0000000        2.0280191        1.0000000        2.2354766        1.0000000       0.78805990        1.0000000        1.0027012        1.0000000        1.2254262 
       1.0000000        1.0000000        1.0000000        1.0000000       0.14300000        7.1621687        7.1156258       0.13472560       0.13867427      0.082023542      0.083119493      0.042796745      0.041075797       0.68053965       0.69538611       0.67633919       0.69293756       0.67939419       0.69003023        1.0000000        1.8384499        1.0000000        2.0278180        1.0000000        2.2355203        1.0000000       0.78715665        1.0000000        1.0025002        1.0000000        1.2254700 
       1.0000000        1.0000000        1.0000000        1.0000000       0.14400000        7.1489971        7.1027327       0.13457625       0.13870149      0.081828827      0.083196811      0.042611359      0.041191738       0.68044944       0.69538613       0.67550484       0.69311129       0.67853315       0.69073483        1.0000000        1.8384401        1.0000000        2.0285910        1.0000000        2.2392081        1.0000000       0.78714683        1.0000000        1.0032732        1.0000000        1.2291578 
       1.0000000        1.0000000        1.0000000        1.0000000       0.14500000        7.1272254        7.0812359       0.13468437       0.13862721      0.081898804      0.083162172      0.042598416      0.041153469       0.68057011       0.69508698       0.67577935       0.69326180       0.67834955       0.69095230        1.0000000        1.8375055        1.0000000        2.0286117        1.0000000        2.2389589        1.0000000       0.78621218        1.0000000        1.0032939        1.0000000        1.2289085 
       1.0000000        1.0000000        1.0000000        1.0000000       0.14600000        7.1066745        7.0609563       0.13468847       0.13835309      0.081882062      0.082869092      0.042571968      0.040903226       0.68068574       0.69424827       0.67585459       0.69258107       0.67818255       0.69066803        1.0000000        1.8352887        1.0000000        2.0261643        1.0000000        2.2351662        1.0000000       0.78399541        1.0000000        1.0008465        1.0000000        1.2251159 
       1.0000000        1.0000000        1.0000000        1.0000000       0.14700000        7.0952915        7.0498679       0.13456810       0.13866372      0.081771720      0.083007950      0.042535586      0.040871950       0.68072588       0.69505706       0.67615287       0.69265131       0.67900519       0.69050794        1.0000000        1.8377258        1.0000000        2.0268027        1.0000000        2.2349213        1.0000000       0.78643246        1.0000000        1.0014848        1.0000000        1.2248710 
       1.0000000        1.0000000        1.0000000        1.0000000       0.14800000        7.0850860        7.0399265       0.13468574       0.13853278      0.081899819      0.082855813      0.042656091      0.040847899       0.68105922       0.69471234       0.67668446       0.69191813       0.67961564       0.69012951        1.0000000        1.8368683        1.0000000        2.0247422        1.0000000        2.2334311        1.0000000       0.78557497        1.0000000       0.99942437        1.0000000        1.2233808 
       1.0000000        1.0000000        1.0000000        1.0000000       0.14900000        7.0830834        7.0381848       0.13478269       0.13860310      0.081951862      0.082821699      0.042673309      0.040816374       0.68149466       0.69489945       0.67660220       0.69205333       0.67960126       0.69025817        1.0000000        1.8374825        1.0000000        2.0256794        1.0000000        2.2325220        1.0000000       0.78618917        1.0000000        1.0003615        1.0000000        1.2224717 
       1.0000000        1.0000000        1.0000000        1.0000000       0.15000000        7.0627443        7.0181032       0.13483187       0.13859970      0.081955330      0.082821950      0.042646347      0.040835052       0.68178336       0.69494459       0.67679577       0.69219615       0.67967210       0.69039681        1.0000000        1.8375698        1.0000000        2.0261017        1.0000000        2.2329618        1.0000000       0.78627649        1.0000000        1.0007839        1.0000000        1.2229115 
       1.0000000        1.0000000        1.0000000        1.0000000       0.15100000        7.0469004        7.0025137       0.13478353       0.13853407      0.081926125      0.082784558      0.042680007      0.040875259       0.68151724       0.69495830       0.67659415       0.69239439       0.68003159       0.69090259        1.0000000        1.8375849        1.0000000        2.0262723        1.0000000        2.2349375        1.0000000       0.78629161        1.0000000        1.0009545        1.0000000        1.2248872 
       1.0000000        1.0000000        1.0000000        1.0000000       0.15200000        7.0404201        6.9962847       0.13482212       0.13860843      0.081879802      0.082838585      0.042606028      0.040958207       0.68187921       0.69509534       0.67684511       0.69251119       0.68021813       0.69143672        1.0000000        1.8380702        1.0000000        2.0269094        1.0000000        2.2374415        1.0000000       0.78677686        1.0000000        1.0015916        1.0000000        1.2273912 
       1.0000000        1.0000000        1.0000000        1.0000000       0.15300000        7.0209078        6.9770206       0.13472044       0.13846268      0.081897328      0.082754109      0.042659264      0.040893429       0.68145017       0.69472681       0.67639400       0.69265450       0.67998246       0.69104373        1.0000000        1.8370149        1.0000000        2.0273682        1.0000000        2.2348135        1.0000000       0.78572165        1.0000000        1.0020504        1.0000000        1.2247632 
       1.0000000        1.0000000        1.0000000        1.0000000       0.15400000        6.9996758        6.9560337       0.13468128       0.13857630      0.081872922      0.082823428      0.042677421      0.040912038       0.68106365       0.69508077       0.67592239       0.69310530       0.67962149       0.69195269        1.0000000        1.8381356        1.0000000        2.0286940        1.0000000        2.2386887        1.0000000       0.78684228        1.0000000        1.0033762        1.0000000        1.2286384 
       1.0000000        1.0000000        1.0000000        1.0000000       0.15500000        6.9842557        6.9408557       0.13488640       0.13851475      0.082026423      0.082797872      0.042828614      0.040880281       0.68164307       0.69490753       0.67650915       0.69296161       0.68073393       0.69189324        1.0000000        1.8376353        1.0000000        2.0280875        1.0000000        2.2381908        1.0000000       0.78634201        1.0000000        1.0027697        1.0000000        1.2281404 
       1.0000000        1.0000000        1.0000000        1.0000000       0.15600000        6.9756909        6.9325302       0.13471384       0.13855244      0.081764893      0.082811767      0.042618705      0.040850665       0.68129517       0.69479639       0.67561422       0.69292117       0.67957260       0.69176608        1.0000000        1.8373927        1.0000000        2.0281311        1.0000000        2.2377503        1.0000000       0.78609943        1.0000000        1.0028133        1.0000000        1.2277000 
       1.0000000        1.0000000        1.0000000        1.0000000       0.15700000        6.9665301        6.9236059       0.13455366       0.13849144      0.081685982      0.082745965      0.042668083      0.040825446       0.68081762       0.69458270       0.67466369       0.69270314       0.68009682       0.69153549        1.0000000        1.8368431        1.0000000        2.0273796        1.0000000        2.2367416        1.0000000       0.78554982        1.0000000        1.0020618        1.0000000        1.2266913 
       1.0000000        1.0000000        1.0000000        1.0000000       0.15800000        6.9438605        6.9011931       0.13458871       0.13852888      0.081681496      0.082813894      0.042654335      0.040852760       0.68107375       0.69438764       0.67481430       0.69279151       0.68019793       0.69202487        1.0000000        1.8362617        1.0000000        2.0277600        1.0000000        2.2386380        1.0000000       0.78496843        1.0000000        1.0024422        1.0000000        1.2285877 
       1.0000000        1.0000000        1.0000000        1.0000000       0.15900000        6.9240248        6.8815880       0.13464972       0.13845329      0.081740014      0.082767476      0.042709399      0.040807177       0.68129933       0.69420848       0.67506068       0.69259929       0.68085448       0.69138719        1.0000000        1.8357431        1.0000000        2.0272091        1.0000000        2.2362908        1.0000000       0.78444982        1.0000000        1.0018913        1.0000000        1.2262405 
       1.0000000        1.0000000        1.0000000        1.0000000       0.16000000        6.9133805        6.8711715       0.13466677       0.13853792      0.081739327      0.082886092      0.042743509      0.040851221       0.68144554       0.69424324       0.67540567       0.69270443       0.68125778       0.69134746        1.0000000        1.8358641        1.0000000        2.0280530        1.0000000        2.2370785        1.0000000       0.78457083        1.0000000        1.0027352        1.0000000        1.2270282 
