
       1.0000000        1.0000000        1.0000000        1.0000000      0.035000000        10.418052        10.249984       0.14975120       0.15324851      0.084953300      0.087533096      0.042372777      0.043254782       0.75878642       0.76316842       0.70750535       0.71301478       0.68717225       0.69576540        1.0000000        2.0428993        1.0000000        2.1106585        1.0000000        2.2865390        1.0000000       0.99160597        1.0000000        1.0853407        1.0000000        1.2764887 
       1.0000000        1.0000000        1.0000000        1.0000000      0.036000000        10.329466        10.166031       0.14927297       0.15259151      0.084730716      0.087145260      0.042121492      0.042895473       0.75611247       0.75999165       0.70577155       0.71049090       0.68641147       0.69377141        1.0000000        2.0340312        1.0000000        2.1030147        1.0000000        2.2758346        1.0000000       0.98273792        1.0000000        1.0776969        1.0000000        1.2657842 
       1.0000000        1.0000000        1.0000000        1.0000000      0.037000000        10.297407        10.138327       0.14868015       0.15196337      0.084691011      0.086986442      0.042211316      0.042683780       0.75387185       0.75744728       0.70488492       0.70943864       0.68636935       0.69316484        1.0000000        2.0259211        1.0000000        2.0994752        1.0000000        2.2725144        1.0000000       0.97462783        1.0000000        1.0741573        1.0000000        1.2624640 
       1.0000000        1.0000000        1.0000000        1.0000000      0.038000000        10.230241        10.075266       0.14795399       0.15085431      0.084439278      0.086072562      0.042069683      0.041534605       0.75137051       0.75388940       0.70337710       0.70724208       0.68523960       0.68859574        1.0000000        2.0151137        1.0000000        2.0920734        1.0000000        2.2541294        1.0000000       0.96382036        1.0000000        1.0667556        1.0000000        1.2440791 
       1.0000000        1.0000000        1.0000000        1.0000000      0.039000000        10.161542        10.010442       0.14671070       0.14963875      0.084182369      0.085359104      0.042434069      0.041241547       0.74810476       0.75103774       0.70171927       0.70593385       0.68474774       0.68748860        1.0000000        2.0064642        1.0000000        2.0860536        1.0000000        2.2455867        1.0000000       0.95517089        1.0000000        1.0607358        1.0000000        1.2355364 
       1.0000000        1.0000000        1.0000000        1.0000000      0.040000000        10.063766        9.9163317       0.14600932       0.14948158      0.083737874      0.085509117      0.042138898      0.041543408       0.74562278       0.74905980       0.69967553       0.70549087       0.68287433       0.68774290        1.0000000        2.0003913        1.0000000        2.0850283        1.0000000        2.2480650        1.0000000       0.94909804        1.0000000        1.0597105        1.0000000        1.2380147 
       1.0000000        1.0000000        1.0000000        1.0000000      0.041000000        9.9858837        9.8419220       0.14604815       0.14984207      0.084067364      0.086223188      0.042240937      0.041852010       0.74247813       0.74765023       0.69790482       0.70585622       0.68210061       0.68768719        1.0000000        1.9968106        1.0000000        2.0890380        1.0000000        2.2513533        1.0000000       0.94551732        1.0000000        1.0637202        1.0000000        1.2413030 
       1.0000000        1.0000000        1.0000000        1.0000000      0.042000000        9.9358555        9.7951890       0.14476140       0.14815584      0.083461678      0.084961045      0.042214019      0.040969443       0.74082885       0.74401917       0.69737837       0.70263086       0.68222764       0.68548163        1.0000000        1.9852185        1.0000000        2.0744844        1.0000000        2.2340981        1.0000000       0.93392521        1.0000000        1.0491665        1.0000000        1.2240478 
       1.0000000        1.0000000        1.0000000        1.0000000      0.043000000        9.9196500        9.7821150       0.14405046       0.14801142      0.083214263      0.085153047      0.042173699      0.040989517       0.73820326       0.74194930       0.69571156       0.70233937       0.68139367       0.68586293        1.0000000        1.9789593        1.0000000        2.0735129        1.0000000        2.2365507        1.0000000       0.92766605        1.0000000        1.0481951        1.0000000        1.2265003 
       1.0000000        1.0000000        1.0000000        1.0000000      0.044000000        9.8618280        9.7272733       0.14386001       0.14834431      0.083164035      0.085595100      0.041926353      0.041084656       0.73408126       0.74064688       0.69228368       0.70242569       0.67892118       0.68575967        1.0000000        1.9755175        1.0000000        2.0760301        1.0000000        2.2371279        1.0000000       0.92422418        1.0000000        1.0507123        1.0000000        1.2270776 
       1.0000000        1.0000000        1.0000000        1.0000000      0.045000000        9.7826612        9.6512232       0.14285918       0.14775816      0.082746289      0.085432988      0.041939942      0.040998179       0.73268307       0.73872921       0.69216774       0.70236650       0.67989572       0.68624552        1.0000000        1.9692656        1.0000000        2.0742631        1.0000000        2.2388397        1.0000000       0.91797229        1.0000000        1.0489453        1.0000000        1.2287893 
       1.0000000        1.0000000        1.0000000        1.0000000      0.046000000        9.7462757        9.6175351       0.14231991       0.14755648      0.082653784      0.085559040      0.042203279      0.041005122       0.73061658       0.73725324       0.69073515       0.70228689       0.67943525       0.68660259        1.0000000        1.9644695        1.0000000        2.0735161        1.0000000        2.2410569        1.0000000       0.91317618        1.0000000        1.0481983        1.0000000        1.2310065 
       1.0000000        1.0000000        1.0000000        1.0000000      0.047000000        9.7035017        9.5773383       0.14160986       0.14702445      0.082278070      0.085219067      0.041906205      0.040969298       0.72731828       0.73520224       0.68857303       0.70077403       0.67741370       0.68619031        1.0000000        1.9586983        1.0000000        2.0675758        1.0000000        2.2356364        1.0000000       0.90740500        1.0000000        1.0422580        1.0000000        1.2255861 
       1.0000000        1.0000000        1.0000000        1.0000000      0.048000000        9.6361168        9.5124186       0.14128367       0.14726754      0.082131865      0.085551066      0.041883920      0.041112172       0.72516429       0.73474976       0.68722032       0.70116010       0.67669190       0.68667168        1.0000000        1.9574378        1.0000000        2.0695980        1.0000000        2.2396591        1.0000000       0.90614455        1.0000000        1.0442802        1.0000000        1.2296088 
       1.0000000        1.0000000        1.0000000        1.0000000      0.049000000        9.5597510        9.4384133       0.14092758       0.14689889      0.081951373      0.085313988      0.041673240      0.041039516       0.72343037       0.73316609       0.68578019       0.70033395       0.67479083       0.68620619        1.0000000        1.9531686        1.0000000        2.0670298        1.0000000        2.2376384        1.0000000       0.90187534        1.0000000        1.0417120        1.0000000        1.2275881 
       1.0000000        1.0000000        1.0000000        1.0000000      0.050000000        9.5087593        9.3896842       0.14076971       0.14704602      0.081902858      0.085531800      0.041684993      0.041071102       0.72201484       0.73278234       0.68519085       0.70045848       0.67461155       0.68739987        1.0000000        1.9520969        1.0000000        2.0673325        1.0000000        2.2417639        1.0000000       0.90080363        1.0000000        1.0420147        1.0000000        1.2317136 
       1.0000000        1.0000000        1.0000000        1.0000000      0.051000000        9.4309526        9.3140486       0.14034801       0.14697492      0.081421455      0.085616168      0.041207833      0.041309308       0.72063602       0.73195492       0.68421425       0.70054093       0.67366824       0.68807868        1.0000000        1.9495636        1.0000000        2.0677000        1.0000000        2.2463475        1.0000000       0.89827027        1.0000000        1.0423821        1.0000000        1.2362972 
       1.0000000        1.0000000        1.0000000        1.0000000      0.052000000        9.3892333        9.2744142       0.14021933       0.14657158      0.081461109      0.085450917      0.041231999      0.041251632       0.71949314       0.73022422       0.68393432       0.69973187       0.67394141       0.68819558        1.0000000        1.9444446        1.0000000        2.0648316        1.0000000        2.2455079        1.0000000       0.89315134        1.0000000        1.0395138        1.0000000        1.2354575 
       1.0000000        1.0000000        1.0000000        1.0000000      0.053000000        9.3392473        9.2264324       0.13995774       0.14610802      0.081521595      0.085257901      0.041392908      0.041251057       0.71811945       0.72889618       0.68330296       0.69883957       0.67457937       0.68844217        1.0000000        1.9402129        1.0000000        2.0607358        1.0000000        2.2464177        1.0000000       0.88891960        1.0000000        1.0354180        1.0000000        1.2363674 
       1.0000000        1.0000000        1.0000000        1.0000000      0.054000000        9.3178891        9.2070023       0.13978848       0.14625234      0.081631797      0.085330213      0.041546476      0.041117089       0.71639922       0.72752473       0.68250172       0.69861839       0.67485257       0.68806430        1.0000000        1.9369143        1.0000000        2.0618034        1.0000000        2.2452025        1.0000000       0.88562101        1.0000000        1.0364856        1.0000000        1.2351521 
       1.0000000        1.0000000        1.0000000        1.0000000      0.055000000        9.2555941        9.1465639       0.13955330       0.14621173      0.081497794      0.085434243      0.041465623      0.041151341       0.71508541       0.72625272       0.68136438       0.69864357       0.67392633       0.68782445        1.0000000        1.9332001        1.0000000        2.0623198        1.0000000        2.2443388        1.0000000       0.88190677        1.0000000        1.0370020        1.0000000        1.2342884 
       1.0000000        1.0000000        1.0000000        1.0000000      0.056000000        9.2093068        9.1022408       0.13909614       0.14437224      0.081375196      0.084031137      0.041575341      0.040691077       0.71377094       0.72409639       0.68083559       0.69692738       0.67421209       0.68740848        1.0000000        1.9255522        1.0000000        2.0536406        1.0000000        2.2377208        1.0000000       0.87425886        1.0000000        1.0283228        1.0000000        1.2276705 
       1.0000000        1.0000000        1.0000000        1.0000000      0.057000000        9.1712425        9.0658955       0.13894612       0.14423785      0.081307398      0.084037665      0.041513534      0.040641114       0.71252198       0.72318669       0.68002083       0.69699305       0.67380015       0.68790561        1.0000000        1.9228467        1.0000000        2.0537612        1.0000000        2.2390130        1.0000000       0.87155344        1.0000000        1.0284434        1.0000000        1.2289627 
       1.0000000        1.0000000        1.0000000        1.0000000      0.058000000        9.1280986        9.0244105       0.13878714       0.14393081      0.081335777      0.083842867      0.041567869      0.040473309       0.71131193       0.72267987       0.67983345       0.69660537       0.67399064       0.68747266        1.0000000        1.9211263        1.0000000        2.0512722        1.0000000        2.2364982        1.0000000       0.86983300        1.0000000        1.0259544        1.0000000        1.2264479 
       1.0000000        1.0000000        1.0000000        1.0000000      0.059000000        9.0781971        8.9761112       0.13858387       0.14379596      0.081298633      0.083878860      0.041557829      0.040681082       0.71015315       0.72123201       0.67920716       0.69643009       0.67309874       0.68776311        1.0000000        1.9173177        1.0000000        2.0513473        1.0000000        2.2375220        1.0000000       0.86602444        1.0000000        1.0260295        1.0000000        1.2274717 
       1.0000000        1.0000000        1.0000000        1.0000000      0.060000000        9.0252919        8.9247544       0.13848812       0.14362884      0.081315890      0.083724228      0.041594354      0.040622967       0.70891007       0.72110897       0.67866150       0.69655670       0.67255739       0.68692729        1.0000000        1.9169355        1.0000000        2.0514940        1.0000000        2.2321515        1.0000000       0.86564223        1.0000000        1.0261762        1.0000000        1.2221011 
       1.0000000        1.0000000        1.0000000        1.0000000      0.061000000        8.9868486        8.8878084       0.13824116       0.14374167      0.081244393      0.083957326      0.041576629      0.040753699       0.70766334       0.72087521       0.67830569       0.69713491       0.67303670       0.68748873        1.0000000        1.9161435        1.0000000        2.0536404        1.0000000        2.2354263        1.0000000       0.86485018        1.0000000        1.0283226        1.0000000        1.2253760 
       1.0000000        1.0000000        1.0000000        1.0000000      0.062000000        8.9859348        8.8883434       0.13767282       0.14354593      0.081072023      0.083929808      0.041536992      0.040690259       0.70590540       0.71937362       0.67748414       0.69679611       0.67278846       0.68829087        1.0000000        1.9120484        1.0000000        2.0520495        1.0000000        2.2368665        1.0000000       0.86075515        1.0000000        1.0267317        1.0000000        1.2268162 
       1.0000000        1.0000000        1.0000000        1.0000000      0.063000000        8.9445415        8.8483528       0.13745811       0.14363904      0.081053143      0.083988363      0.041544767      0.040539644       0.70407905       0.71880192       0.67648172       0.69720048       0.67244713       0.68797494        1.0000000        1.9103763        1.0000000        2.0535308        1.0000000        2.2348324        1.0000000       0.85908297        1.0000000        1.0282130        1.0000000        1.2247821 
       1.0000000        1.0000000        1.0000000        1.0000000      0.064000000        8.9034199        8.8085902       0.13710013       0.14349558      0.080825706      0.083911513      0.041430135      0.040479125       0.70266214       0.71811916       0.67522116       0.69658343       0.67171117       0.68804106        1.0000000        1.9084032        1.0000000        2.0513121        1.0000000        2.2346300        1.0000000       0.85710990        1.0000000        1.0259943        1.0000000        1.2245796 
       1.0000000        1.0000000        1.0000000        1.0000000      0.065000000        8.8629755        8.7694629       0.13678332       0.14376627      0.080756478      0.084090027      0.041530723      0.040585275       0.70130345       0.71800082       0.67444574       0.69716539       0.67169284       0.68872423        1.0000000        1.9083214        1.0000000        2.0536733        1.0000000        2.2378354        1.0000000       0.85702811        1.0000000        1.0283555        1.0000000        1.2277851 
       1.0000000        1.0000000        1.0000000        1.0000000      0.066000000        8.8181675        8.7259323       0.13671338       0.14339945      0.080744269      0.083876460      0.041520765      0.040548610       0.70015500       0.71738258       0.67388786       0.69653771       0.67129696       0.68835424        1.0000000        1.9063475        1.0000000        2.0512409        1.0000000        2.2359997        1.0000000       0.85505420        1.0000000        1.0259231        1.0000000        1.2259493 
       1.0000000        1.0000000        1.0000000        1.0000000      0.067000000        8.7679821        8.6771083       0.13674335       0.14348526      0.080852235      0.084007112      0.041603108      0.040752783       0.69958804       0.71692919       0.67410371       0.69684210       0.67192623       0.68864033        1.0000000        1.9052685        1.0000000        2.0526630        1.0000000        2.2393277        1.0000000       0.85397520        1.0000000        1.0273451        1.0000000        1.2292773 
       1.0000000        1.0000000        1.0000000        1.0000000      0.068000000        8.7290131        8.6393391       0.13656898       0.14372471      0.080793594      0.084252470      0.041553186      0.040702611       0.69839517       0.71689621       0.67343278       0.69694746       0.67108260       0.68908021        1.0000000        1.9052883        1.0000000        2.0532546        1.0000000        2.2413393        1.0000000       0.85399505        1.0000000        1.0279368        1.0000000        1.2312890 
       1.0000000        1.0000000        1.0000000        1.0000000      0.069000000        8.7042892        8.6157804       0.13653958       0.14380239      0.080889040      0.084372985      0.041704193      0.040948430       0.69810726       0.71673124       0.67373927       0.69717313       0.67212947       0.68967688        1.0000000        1.9049355        1.0000000        2.0538127        1.0000000        2.2448526        1.0000000       0.85364216        1.0000000        1.0284949        1.0000000        1.2348022 
       1.0000000        1.0000000        1.0000000        1.0000000      0.070000000        8.6743582        8.5869818       0.13657307       0.14378233      0.081051351      0.084404025      0.041930505      0.040954775       0.69756347       0.71667061       0.67357198       0.69713929       0.67332698       0.68960197        1.0000000        1.9047057        1.0000000        2.0536707        1.0000000        2.2451798        1.0000000       0.85341240        1.0000000        1.0283529        1.0000000        1.2351295 
       1.0000000        1.0000000        1.0000000        1.0000000      0.071000000        8.6541022        8.5678267       0.13648813       0.14362662      0.081030291      0.084355147      0.041957922      0.040926500       0.69701518       0.71588700       0.67334528       0.69705186       0.67310054       0.69030917        1.0000000        1.9022777        1.0000000        2.0528454        1.0000000        2.2472584        1.0000000       0.85098437        1.0000000        1.0275276        1.0000000        1.2372081 
       1.0000000        1.0000000        1.0000000        1.0000000      0.072000000        8.6371405        8.5519356       0.13639093       0.14351722      0.081153650      0.084481979      0.042215024      0.041144088       0.69634356       0.71544841       0.67341343       0.69706896       0.67445383       0.69085101        1.0000000        1.9009998        1.0000000        2.0530795        1.0000000        2.2508101        1.0000000       0.84970651        1.0000000        1.0277617        1.0000000        1.2407598 
       1.0000000        1.0000000        1.0000000        1.0000000      0.073000000        8.6028675        8.5187045       0.13636202       0.14349236      0.081265031      0.084643851      0.042297872      0.041262667       0.69572092       0.71511570       0.67359061       0.69710644       0.67468571       0.69136903        1.0000000        1.8999148        1.0000000        2.0528085        1.0000000        2.2541750        1.0000000       0.84862146        1.0000000        1.0274907        1.0000000        1.2441247 
       1.0000000        1.0000000        1.0000000        1.0000000      0.074000000        8.5769028        8.4937540       0.13628519       0.14358731      0.081324370      0.084673417      0.042411003      0.041194402       0.69498000       0.71451395       0.67377003       0.69756776       0.67520957       0.69120518        1.0000000        1.8983194        1.0000000        2.0540620        1.0000000        2.2532945        1.0000000       0.84702611        1.0000000        1.0287441        1.0000000        1.2432442 
       1.0000000        1.0000000        1.0000000        1.0000000      0.075000000        8.5570652        8.4749039       0.13617446       0.14309460      0.081384533      0.084393752      0.042459153      0.040933821       0.69405978       0.71342312       0.67347399       0.69651850       0.67518027       0.68965699        1.0000000        1.8950408        1.0000000        2.0500864        1.0000000        2.2455087        1.0000000       0.84374747        1.0000000        1.0247686        1.0000000        1.2354583 
       1.0000000        1.0000000        1.0000000        1.0000000      0.076000000        8.5438153        8.4626161       0.13610919       0.14330918      0.081272713      0.084533137      0.042321818      0.041107734       0.69331638       0.71318145       0.67326274       0.69687661       0.67501669       0.68999540        1.0000000        1.8946672        1.0000000        2.0515441        1.0000000        2.2481419        1.0000000       0.84337391        1.0000000        1.0262263        1.0000000        1.2380916 
       1.0000000        1.0000000        1.0000000        1.0000000      0.077000000        8.5236710        8.4434094       0.13597874       0.14325086      0.081204077      0.084427271      0.042241809      0.040965332       0.69264168       0.71296930       0.67302163       0.69677482       0.67495716       0.68889594        1.0000000        1.8941453        1.0000000        2.0511077        1.0000000        2.2439085        1.0000000       0.84285200        1.0000000        1.0257899        1.0000000        1.2338581 
       1.0000000        1.0000000        1.0000000        1.0000000      0.078000000        8.4862098        8.4068623       0.13590698       0.14320660      0.081191472      0.084427917      0.042241843      0.040865090       0.69195159       0.71257382       0.67270167       0.69679274       0.67489053       0.68863965        1.0000000        1.8929638        1.0000000        2.0510155        1.0000000        2.2426382        1.0000000       0.84167050        1.0000000        1.0256976        1.0000000        1.2325879 
       1.0000000        1.0000000        1.0000000        1.0000000      0.079000000        8.4559491        8.3775810       0.13582378       0.14277134      0.081215406      0.084170183      0.042250477      0.040651677       0.69136414       0.71098056       0.67281644       0.69605358       0.67529762       0.68814753        1.0000000        1.8882339        1.0000000        2.0480509        1.0000000        2.2384969        1.0000000       0.83694057        1.0000000        1.0227331        1.0000000        1.2284465 
       1.0000000        1.0000000        1.0000000        1.0000000      0.080000000        8.4288383        8.3513378       0.13581750       0.14270919      0.081284760      0.084118126      0.042295015      0.040635035       0.69096264       0.71072485       0.67277557       0.69621359       0.67555774       0.68773280        1.0000000        1.8875919        1.0000000        2.0485452        1.0000000        2.2368710        1.0000000       0.83629859        1.0000000        1.0232274        1.0000000        1.2268207 
       1.0000000        1.0000000        1.0000000        1.0000000      0.081000000        8.4019808        8.3253270       0.13576467       0.14279348      0.081281256      0.084144401      0.042223955      0.040504918       0.69047027       0.71098123       0.67283195       0.69642050       0.67561235       0.68763310        1.0000000        1.8882792        1.0000000        2.0493806        1.0000000        2.2360341        1.0000000       0.83698589        1.0000000        1.0240628        1.0000000        1.2259838 
       1.0000000        1.0000000        1.0000000        1.0000000      0.082000000        8.3722405        8.2964132       0.13557764       0.14302197      0.081161202      0.084234306      0.042215237      0.040543037       0.68971615       0.71112793       0.67236102       0.69720110       0.67540253       0.68786338        1.0000000        1.8886946        1.0000000        2.0522056        1.0000000        2.2367064        1.0000000       0.83740127        1.0000000        1.0268877        1.0000000        1.2266561 
       1.0000000        1.0000000        1.0000000        1.0000000      0.083000000        8.3458865        8.2708664       0.13545392       0.14313285      0.081072677      0.084310049      0.042098050      0.040566936       0.68916816       0.71131224       0.67194859       0.69750458       0.67502123       0.68791538        1.0000000        1.8893188        1.0000000        2.0534681        1.0000000        2.2375384        1.0000000       0.83802555        1.0000000        1.0281503        1.0000000        1.2274881 
       1.0000000        1.0000000        1.0000000        1.0000000      0.084000000        8.3114792        8.2372477       0.13543124       0.14295205      0.081101858      0.084251902      0.042108632      0.040568480       0.68885922       0.71094830       0.67210295       0.69778270       0.67516091       0.68852732        1.0000000        1.8880851        1.0000000        2.0537979        1.0000000        2.2387638        1.0000000       0.83679181        1.0000000        1.0284801        1.0000000        1.2287135 
       1.0000000        1.0000000        1.0000000        1.0000000      0.085000000        8.2899489        8.2164879       0.13544921       0.14308756      0.081137934      0.084379498      0.042088549      0.040609127       0.68850494       0.71084053       0.67213461       0.69803881       0.67508295       0.68872939        1.0000000        1.8878212        1.0000000        2.0548170        1.0000000        2.2404165        1.0000000       0.83652790        1.0000000        1.0294992        1.0000000        1.2303662 
       1.0000000        1.0000000        1.0000000        1.0000000      0.086000000        8.2733289        8.2006211       0.13517625       0.14345583      0.080903215      0.084597005      0.041871774      0.040697932       0.68785498       0.71149683       0.67144631       0.69910803       0.67413032       0.68901474        1.0000000        1.8897533        1.0000000        2.0587690        1.0000000        2.2423245        1.0000000       0.83845996        1.0000000        1.0334512        1.0000000        1.2322742 
       1.0000000        1.0000000        1.0000000        1.0000000      0.087000000        8.2507603        8.1787888       0.13504257       0.14349625      0.080888219      0.084616062      0.041885440      0.040682184       0.68721942       0.71181378       0.67148743       0.69917918       0.67415960       0.68883457        1.0000000        1.8906588        1.0000000        2.0593935        1.0000000        2.2417672        1.0000000       0.83936554        1.0000000        1.0340757        1.0000000        1.2317168 
       1.0000000        1.0000000        1.0000000        1.0000000      0.088000000        8.2417900        8.1705387       0.13501345       0.14380625      0.080959680      0.084904563      0.042006031      0.040896233       0.68682633       0.71239859       0.67147307       0.70005215       0.67431644       0.69031656        1.0000000        1.8923223        1.0000000        2.0621013        1.0000000        2.2474500        1.0000000       0.84102904        1.0000000        1.0367835        1.0000000        1.2373997 
       1.0000000        1.0000000        1.0000000        1.0000000      0.089000000        8.2203508        8.1498040       0.13507963       0.14401114      0.081138025      0.085095244      0.042166725      0.040987292       0.68680080       0.71251881       0.67191918       0.70047761       0.67474609       0.69057049        1.0000000        1.8926856        1.0000000        2.0637027        1.0000000        2.2496927        1.0000000       0.84139227        1.0000000        1.0383849        1.0000000        1.2396424 
       1.0000000        1.0000000        1.0000000        1.0000000      0.090000000        8.2021250        8.1323358       0.13514908       0.14434342      0.081226974      0.085335572      0.042207844      0.041152367       0.68664951       0.71338703       0.67206782       0.70130332       0.67470488       0.69126681        1.0000000        1.8952230        1.0000000        2.0668112        1.0000000        2.2537536        1.0000000       0.84392975        1.0000000        1.0414934        1.0000000        1.2437033 
       1.0000000        1.0000000        1.0000000        1.0000000      0.091000000        8.1643461        8.0952302       0.13516104       0.14452973      0.081281130      0.085526774      0.042265451      0.041279372       0.68615268       0.71372829       0.67227713       0.70185068       0.67501788       0.69171752        1.0000000        1.8962041        1.0000000        2.0687584        1.0000000        2.2568579        1.0000000       0.84491084        1.0000000        1.0434406        1.0000000        1.2468076 
       1.0000000        1.0000000        1.0000000        1.0000000      0.092000000        8.1547146        8.0862580       0.13499762       0.14447244      0.081129269      0.085461846      0.042140682      0.041252178       0.68576135       0.71379583       0.67205484       0.70187734       0.67498800       0.69180063        1.0000000        1.8963866        1.0000000        2.0683940        1.0000000        2.2566920        1.0000000       0.84509329        1.0000000        1.0430762        1.0000000        1.2466417 
       1.0000000        1.0000000        1.0000000        1.0000000      0.093000000        8.1427241        8.0749130       0.13509109       0.14451595      0.081406170      0.085520664      0.042460703      0.041300582       0.68553733       0.71380117       0.67258024       0.70204087       0.67596710       0.69198314        1.0000000        1.8963421        1.0000000        2.0689778        1.0000000        2.2577781        1.0000000       0.84504877        1.0000000        1.0436600        1.0000000        1.2477277 
       1.0000000        1.0000000        1.0000000        1.0000000      0.094000000        8.1148205        8.0476417       0.13513972       0.14455311      0.081478638      0.085588468      0.042500161      0.041346443       0.68536851       0.71361534       0.67282194       0.70224500       0.67597452       0.69193991        1.0000000        1.8958348        1.0000000        2.0699247        1.0000000        2.2584132        1.0000000       0.84454153        1.0000000        1.0446069        1.0000000        1.2483629 
       1.0000000        1.0000000        1.0000000        1.0000000      0.095000000        8.0974126        8.0308534       0.13517248       0.14459986      0.081543607      0.085643266      0.042559862      0.041411900       0.68511021       0.71356117       0.67291188       0.70238154       0.67582495       0.69223911        1.0000000        1.8956685        1.0000000        2.0704489        1.0000000        2.2597078        1.0000000       0.84437525        1.0000000        1.0451311        1.0000000        1.2496574 
       1.0000000        1.0000000        1.0000000        1.0000000      0.096000000        8.0728466        8.0068945       0.13520117       0.14451271      0.081607449      0.085577958      0.042641081      0.041403898       0.68466869       0.71358429       0.67302301       0.70264318       0.67600572       0.69215299        1.0000000        1.8956452        1.0000000        2.0710037        1.0000000        2.2593667        1.0000000       0.84435188        1.0000000        1.0456859        1.0000000        1.2493163 
       1.0000000        1.0000000        1.0000000        1.0000000      0.097000000        8.0558794        7.9905224       0.13518462       0.14443364      0.081517934      0.085405003      0.042492505      0.041248508       0.68464843       0.71315035       0.67309463       0.70220884       0.67596938       0.69136285        1.0000000        1.8945592        1.0000000        2.0696897        1.0000000        2.2564399        1.0000000       0.84326587        1.0000000        1.0443719        1.0000000        1.2463895 
       1.0000000        1.0000000        1.0000000        1.0000000      0.098000000        8.0478287        7.9830552       0.13511366       0.14435325      0.081499399      0.085340146      0.042496607      0.041182230       0.68412753       0.71255647       0.67301775       0.70166208       0.67587056       0.69091053        1.0000000        1.8930757        1.0000000        2.0677177        1.0000000        2.2531783        1.0000000       0.84178244        1.0000000        1.0423999        1.0000000        1.2431279 
       1.0000000        1.0000000        1.0000000        1.0000000      0.099000000        8.0218142        7.9576128       0.13515798       0.14395741      0.081540401      0.085069674      0.042485447      0.041068994       0.68378776       0.71179465       0.67322918       0.70107202       0.67574039       0.69071015        1.0000000        1.8908247        1.0000000        2.0652196        1.0000000        2.2504884        1.0000000       0.83953137        1.0000000        1.0399018        1.0000000        1.2404381 
       1.0000000        1.0000000        1.0000000        1.0000000       0.10000000        7.9904834        7.9268431       0.13512179       0.14405078      0.081508104      0.085150377      0.042395617      0.041094398       0.68351111       0.71207930       0.67322372       0.70138048       0.67555287       0.69124918        1.0000000        1.8915494        1.0000000        2.0660724        1.0000000        2.2523887        1.0000000       0.84025615        1.0000000        1.0407546        1.0000000        1.2423384 
       1.0000000        1.0000000        1.0000000        1.0000000       0.10100000        7.9718155        7.9087803       0.13504235       0.14417911      0.081471768      0.085292642      0.042367409      0.041259496       0.68285655       0.71288291       0.67307529       0.70239098       0.67545088       0.69251093        1.0000000        1.8936761        1.0000000        2.0691720        1.0000000        2.2575253        1.0000000       0.84238285        1.0000000        1.0438542        1.0000000        1.2474750 
       1.0000000        1.0000000        1.0000000        1.0000000       0.10200000        7.9627813        7.9002852       0.13496971       0.14425263      0.081432479      0.085361795      0.042389935      0.041297721       0.68258146       0.71299927       0.67317401       0.70240574       0.67561048       0.69305871        1.0000000        1.8939829        1.0000000        2.0690168        1.0000000        2.2591185        1.0000000       0.84268964        1.0000000        1.0436990        1.0000000        1.2490681 
       1.0000000        1.0000000        1.0000000        1.0000000       0.10300000        7.9466089        7.8846420       0.13501269       0.14448186      0.081455350      0.085617305      0.042355905      0.041530795       0.68260483       0.71353089       0.67323237       0.70322968       0.67552050       0.69451407        1.0000000        1.8955543        1.0000000        2.0717294        1.0000000        2.2644965        1.0000000       0.84426103        1.0000000        1.0464116        1.0000000        1.2544461 
       1.0000000        1.0000000        1.0000000        1.0000000       0.10400000        7.9418325        7.8803850       0.13502605       0.14457986      0.081454951      0.085720655      0.042296682      0.041586487       0.68248296       0.71384944       0.67345748       0.70365181       0.67552673       0.69504581        1.0000000        1.8963779        1.0000000        2.0728725        1.0000000        2.2673982        1.0000000       0.84508459        1.0000000        1.0475547        1.0000000        1.2573479 
       1.0000000        1.0000000        1.0000000        1.0000000       0.10500000        7.9297021        7.8687645       0.13498419       0.14470951      0.081446396      0.085892018      0.042326827      0.041529465       0.68219544       0.71391601       0.67349639       0.70394420       0.67553504       0.69551399        1.0000000        1.8965143        1.0000000        2.0739838        1.0000000        2.2699955        1.0000000       0.84522098        1.0000000        1.0486660        1.0000000        1.2599452 
       1.0000000        1.0000000        1.0000000        1.0000000       0.10600000        7.9106396        7.8502028       0.13510243       0.14474156      0.081583260      0.086018758      0.042433261      0.041636650       0.68223322       0.71368947       0.67396177       0.70397062       0.67614180       0.69618106        1.0000000        1.8959350        1.0000000        2.0739397        1.0000000        2.2731148        1.0000000       0.84464168        1.0000000        1.0486219        1.0000000        1.2630645 
       1.0000000        1.0000000        1.0000000        1.0000000       0.10700000        7.8915890        7.8316441       0.13511651       0.14453249      0.081633453      0.085847724      0.042536109      0.041529889       0.68185691       0.71300316       0.67379437       0.70340177       0.67604430       0.69555844        1.0000000        1.8939757        1.0000000        2.0718786        1.0000000        2.2700483        1.0000000       0.84268239        1.0000000        1.0465608        1.0000000        1.2599979 
       1.0000000        1.0000000        1.0000000        1.0000000       0.10800000        7.8702834        7.8108217       0.13508380       0.14467330      0.081657370      0.085918959      0.042634424      0.041484617       0.68161561       0.71311166       0.67367252       0.70355978       0.67646567       0.69526505        1.0000000        1.8943532        1.0000000        2.0724338        1.0000000        2.2689175        1.0000000       0.84305994        1.0000000        1.0471160        1.0000000        1.2588671 
       1.0000000        1.0000000        1.0000000        1.0000000       0.10900000        7.8602951        7.8013081       0.13515583       0.14464339      0.081727505      0.085912267      0.042681675      0.041465884       0.68162616       0.71274887       0.67383156       0.70364386       0.67670050       0.69502711        1.0000000        1.8933165        1.0000000        2.0730639        1.0000000        2.2677323        1.0000000       0.84202320        1.0000000        1.0477461        1.0000000        1.2576820 
       1.0000000        1.0000000        1.0000000        1.0000000       0.11000000        7.8366080        7.7780875       0.13521342       0.14467287      0.081791613      0.086039167      0.042744914      0.041627234       0.68159491       0.71295605       0.67397422       0.70449532       0.67690287       0.69598609        1.0000000        1.8936584        1.0000000        2.0757235        1.0000000        2.2728671        1.0000000       0.84236512        1.0000000        1.0504057        1.0000000        1.2628167 
       1.0000000        1.0000000        1.0000000        1.0000000       0.11100000        7.8103115        7.7522495       0.13514909       0.14477324      0.081765855      0.086204210      0.042715811      0.041776650       0.68135290       0.71305233       0.67399520       0.70510119       0.67691854       0.69697652        1.0000000        1.8938764        1.0000000        2.0776117        1.0000000        2.2762049        1.0000000       0.84258306        1.0000000        1.0522939        1.0000000        1.2661545 
       1.0000000        1.0000000        1.0000000        1.0000000       0.11200000        7.7943340        7.7367226       0.13513154       0.14498149      0.081862835      0.086484347      0.042960768      0.042114954       0.68113408       0.71332853       0.67353123       0.70569003       0.67732312       0.69841561        1.0000000        1.8946654        1.0000000        2.0796761        1.0000000        2.2838963        1.0000000       0.84337213        1.0000000        1.0543583        1.0000000        1.2738460 
       1.0000000        1.0000000        1.0000000        1.0000000       0.11300000        7.7676340        7.7105097       0.13508093       0.14502978      0.081828455      0.086559056      0.042947083      0.042187768       0.68100265       0.71342363       0.67325632       0.70581164       0.67696957       0.69889535        1.0000000        1.8948766        1.0000000        2.0802441        1.0000000        2.2857040        1.0000000       0.84358328        1.0000000        1.0549263        1.0000000        1.2756537 
       1.0000000        1.0000000        1.0000000        1.0000000       0.11400000        7.7511129        7.6944236       0.13498465       0.14498493      0.081692470      0.086591055      0.042758715      0.042249779       0.68078019       0.71349131       0.67324886       0.70630572       0.67635569       0.69955465        1.0000000        1.8949006        1.0000000        2.0816700        1.0000000        2.2882196        1.0000000       0.84360734        1.0000000        1.0563522        1.0000000        1.2781692 
       1.0000000        1.0000000        1.0000000        1.0000000       0.11500000        7.7261638        7.6699023       0.13502650       0.14507253      0.081700225      0.086667221      0.042747508      0.042221876       0.68087537       0.71355531       0.67345660       0.70696262       0.67644173       0.69824845        1.0000000        1.8949247        1.0000000        2.0839399        1.0000000        2.2855664        1.0000000       0.84363144        1.0000000        1.0586221        1.0000000        1.2755161 
       1.0000000        1.0000000        1.0000000        1.0000000       0.11600000        7.7098219        7.6539811       0.13506654       0.14539104      0.081740253      0.086977637      0.042808476      0.042425281       0.68090329       0.71383482       0.67350008       0.70764133       0.67677829       0.69918618        1.0000000        1.8957678        1.0000000        2.0865278        1.0000000        2.2910960        1.0000000       0.84447451        1.0000000        1.0612100        1.0000000        1.2810457 
       1.0000000        1.0000000        1.0000000        1.0000000       0.11700000        7.6951377        7.6397110       0.13506127       0.14545689      0.081714211      0.087032252      0.042740919      0.042425147       0.68094248       0.71387595       0.67358129       0.70780455       0.67644252       0.69939758        1.0000000        1.8959112        1.0000000        2.0869620        1.0000000        2.2918552        1.0000000       0.84461789        1.0000000        1.0616442        1.0000000        1.2818049 
       1.0000000        1.0000000        1.0000000        1.0000000       0.11800000        7.6729527        7.6179333       0.13501150       0.14554690      0.081591603      0.087076963      0.042550298      0.042424600       0.68047067       0.71400315       0.67289492       0.70799169       0.67516028       0.69947644        1.0000000        1.8963345        1.0000000        2.0877255        1.0000000        2.2926140        1.0000000       0.84504116        1.0000000        1.0624077        1.0000000        1.2825637 
       1.0000000        1.0000000        1.0000000        1.0000000       0.11900000        7.6424435        7.5878248       0.13512677       0.14510177      0.081716022      0.086736636      0.042709386      0.042399846       0.68066513       0.71371876       0.67312704       0.70781453       0.67533779       0.69981330        1.0000000        1.8951691        1.0000000        2.0861463        1.0000000        2.2923942        1.0000000       0.84387578        1.0000000        1.0608285        1.0000000        1.2823438 
       1.0000000        1.0000000        1.0000000        1.0000000       0.12000000        7.6267790        7.5725548       0.13513552       0.14522563      0.081769638      0.086976831      0.042760936      0.042741336       0.68046825       0.71389184       0.67305138       0.70830931       0.67549785       0.70041466        1.0000000        1.8955580        1.0000000        2.0880139        1.0000000        2.2970854        1.0000000       0.84426471        1.0000000        1.0626961        1.0000000        1.2870350 
       1.0000000        1.0000000        1.0000000        1.0000000       0.12100000        7.6138502        7.5600144       0.13517119       0.14539906      0.081827924      0.087039833      0.042805219      0.042782814       0.68032375       0.71453147       0.67326324       0.70873069       0.67576846       0.70017848        1.0000000        1.8973780        1.0000000        2.0896680        1.0000000        2.2961936        1.0000000       0.84608471        1.0000000        1.0643502        1.0000000        1.2861433 
       1.0000000        1.0000000        1.0000000        1.0000000       0.12200000        7.6055006        7.5520471       0.13512325       0.14559836      0.081759375      0.087265175      0.042731698      0.042931191       0.68004421       0.71467752       0.67287859       0.70916896       0.67508688       0.70062294        1.0000000        1.8978474        1.0000000        2.0916722        1.0000000        2.2995444        1.0000000       0.84655408        1.0000000        1.0663544        1.0000000        1.2894941 
       1.0000000        1.0000000        1.0000000        1.0000000       0.12300000        7.5863005        7.5332233       0.13529946       0.14574708      0.081844303      0.087398275      0.042718869      0.043020423       0.68031727       0.71467578       0.67297010       0.70947485       0.67448220       0.70101259        1.0000000        1.8979205        1.0000000        2.0931676        1.0000000        2.3018256        1.0000000       0.84662723        1.0000000        1.0678498        1.0000000        1.2917752 
       1.0000000        1.0000000        1.0000000        1.0000000       0.12400000        7.5546112        7.5019415       0.13529744       0.14591177      0.081873494      0.087503016      0.042777328      0.043033703       0.68028053       0.71496596       0.67300793       0.70992444       0.67460169       0.70136967        1.0000000        1.8987651        1.0000000        2.0946280        1.0000000        2.3040933        1.0000000       0.84747176        1.0000000        1.0693102        1.0000000        1.2940429 
       1.0000000        1.0000000        1.0000000        1.0000000       0.12500000        7.5357031        7.4833978       0.13531586       0.14583615      0.081866340      0.087459973      0.042742414      0.043073959       0.68021000       0.71481901       0.67299354       0.70977588       0.67448848       0.70154681        1.0000000        1.8982798        1.0000000        2.0936366        1.0000000        2.3053165        1.0000000       0.84698654        1.0000000        1.0683187        1.0000000        1.2952662 
       1.0000000        1.0000000        1.0000000        1.0000000       0.12600000        7.5153460        7.4633997       0.13536461       0.14597604      0.081987532      0.087569894      0.042877747      0.043092218       0.68040556       0.71511839       0.67345396       0.71013434       0.67531690       0.70178073        1.0000000        1.8991327        1.0000000        2.0949258        1.0000000        2.3062732        1.0000000       0.84783944        1.0000000        1.0696080        1.0000000        1.2962229 
       1.0000000        1.0000000        1.0000000        1.0000000       0.12700000        7.4989499        7.4473573       0.13545487       0.14593724      0.082069851      0.087505756      0.042915710      0.043079350       0.68065288       0.71521035       0.67368536       0.70990206       0.67531677       0.70134296        1.0000000        1.8994741        1.0000000        2.0941960        1.0000000        2.3051159        1.0000000       0.84818078        1.0000000        1.0688782        1.0000000        1.2950656 
       1.0000000        1.0000000        1.0000000        1.0000000       0.12800000        7.4811573        7.4299132       0.13550465       0.14597793      0.082115977      0.087587744      0.042887897      0.043127210       0.68062563       0.71500899       0.67368168       0.71010187       0.67516279       0.70175692        1.0000000        1.8989228        1.0000000        2.0947619        1.0000000        2.3067745        1.0000000       0.84762950        1.0000000        1.0694441        1.0000000        1.2967241 
       1.0000000        1.0000000        1.0000000        1.0000000       0.12900000        7.4634783        7.4125775       0.13555031       0.14621530      0.082185036      0.087741374      0.042935595      0.043236828       0.68067800       0.71574626       0.67393583       0.71076710       0.67537338       0.70224603        1.0000000        1.9010079        1.0000000        2.0972312        1.0000000        2.3098611        1.0000000       0.84971465        1.0000000        1.0719134        1.0000000        1.2998108 
       1.0000000        1.0000000        1.0000000        1.0000000       0.13000000        7.4426187        7.3920563       0.13550114       0.14630275      0.082158278      0.087786122      0.042926394      0.043180271       0.68049637       0.71595331       0.67379670       0.71107828       0.67510214       0.70223133        1.0000000        1.9015899        1.0000000        2.0982379        1.0000000        2.3094811        1.0000000       0.85029666        1.0000000        1.0729201        1.0000000        1.2994307 
       1.0000000        1.0000000        1.0000000        1.0000000       0.13100000        7.4325024        7.3822735       0.13557408       0.14642761      0.082328924      0.087889601      0.043026349      0.043234507       0.68045916       0.71578250       0.67428597       0.71113242       0.67569493       0.70232911        1.0000000        1.9012420        1.0000000        2.0987400        1.0000000        2.3109464        1.0000000       0.84994867        1.0000000        1.0734221        1.0000000        1.3008961 
       1.0000000        1.0000000        1.0000000        1.0000000       0.13200000        7.4149344        7.3650342       0.13556719       0.14650561      0.082326594      0.088006062      0.043039807      0.043275747       0.68060873       0.71560071       0.67437420       0.71107975       0.67585704       0.70245571        1.0000000        1.9007981        1.0000000        2.0987725        1.0000000        2.3120086        1.0000000       0.84950485        1.0000000        1.0734547        1.0000000        1.3019583 
       1.0000000        1.0000000        1.0000000        1.0000000       0.13300000        7.4025684        7.3529923       0.13558800       0.14658776      0.082387573      0.088065398      0.043086151      0.043278334       0.68059361       0.71586818       0.67456431       0.71125149       0.67596968       0.70251341        1.0000000        1.9015928        1.0000000        2.0993823        1.0000000        2.3124500        1.0000000       0.85029947        1.0000000        1.0740645        1.0000000        1.3023997 
       1.0000000        1.0000000        1.0000000        1.0000000       0.13400000        7.3793056        7.3300490       0.13549248       0.14679827      0.082300229      0.088256424      0.042935182      0.043384495       0.68018975       0.71630184       0.67423655       0.71196888       0.67524853       0.70316791        1.0000000        1.9028022        1.0000000        2.1018427        1.0000000        2.3159834        1.0000000       0.85150893        1.0000000        1.0765249        1.0000000        1.3059331 
       1.0000000        1.0000000        1.0000000        1.0000000       0.13500000        7.3535849        7.3046745       0.13553659       0.14688798      0.082335253      0.088403604      0.042959730      0.043496216       0.68039779       0.71663425       0.67433493       0.71265691       0.67526760       0.70394375        1.0000000        1.9036351        1.0000000        2.1037472        1.0000000        2.3193574        1.0000000       0.85234183        1.0000000        1.0784294        1.0000000        1.3093070 
       1.0000000        1.0000000        1.0000000        1.0000000       0.13600000        7.3377077        7.2891076       0.13537520       0.14701050      0.082178390      0.088499937      0.042850868      0.043585483       0.68017766       0.71687887       0.67415390       0.71297328       0.67525998       0.70434398        1.0000000        1.9044307        1.0000000        2.1049257        1.0000000        2.3212300        1.0000000       0.85313743        1.0000000        1.0796079        1.0000000        1.3111797 
       1.0000000        1.0000000        1.0000000        1.0000000       0.13700000        7.3230960        7.2748018       0.13539500       0.14713870      0.082205987      0.088530805      0.042889960      0.043464958       0.68013503       0.71659500       0.67403672       0.71266830       0.67502149       0.70391488        1.0000000        1.9039737        1.0000000        2.1045377        1.0000000        2.3185832        1.0000000       0.85268036        1.0000000        1.0792199        1.0000000        1.3085329 
       1.0000000        1.0000000        1.0000000        1.0000000       0.13800000        7.3067246        7.2587323       0.13531321       0.14696566      0.082205698      0.088505815      0.042930925      0.043571574       0.67971543       0.71602826       0.67380140       0.71265862       0.67549246       0.70527366        1.0000000        1.9024275        1.0000000        2.1036381        1.0000000        2.3209052        1.0000000       0.85113422        1.0000000        1.0783203        1.0000000        1.3108549 
       1.0000000        1.0000000        1.0000000        1.0000000       0.13900000        7.2905841        7.2428895       0.13545296       0.14697028      0.082296547      0.088586481      0.042939773      0.043567393       0.68002464       0.71557891       0.67407513       0.71268893       0.67522081       0.70542793        1.0000000        1.9011442        1.0000000        2.1037409        1.0000000        2.3208946        1.0000000       0.84985094        1.0000000        1.0784231        1.0000000        1.3108443 
       1.0000000        1.0000000        1.0000000        1.0000000       0.14000000        7.2813491        7.2339482       0.13542668       0.14709443      0.082232172      0.088623088      0.042885061      0.043510329       0.68000347       0.71600502       0.67398543       0.71271753       0.67510775       0.70502790        1.0000000        1.9025232        1.0000000        2.1038856        1.0000000        2.3197763        1.0000000       0.85122988        1.0000000        1.0785678        1.0000000        1.3097259 
       1.0000000        1.0000000        1.0000000        1.0000000       0.14100000        7.2819741        7.2348631       0.13518449       0.14726211      0.081878725      0.088731513      0.042555291      0.043503513       0.67930892       0.71620097       0.67257466       0.71319073       0.67347440       0.70505473        1.0000000        1.9031948        1.0000000        2.1056968        1.0000000        2.3198364        1.0000000       0.85190153        1.0000000        1.0803790        1.0000000        1.3097860 
       1.0000000        1.0000000        1.0000000        1.0000000       0.14200000        7.2638782        7.2170531       0.13518681       0.14708102      0.081903877      0.088533836      0.042616572      0.043430968       0.67958278       0.71602416       0.67287073       0.71241489       0.67388964       0.70404665        1.0000000        1.9026570        1.0000000        2.1032186        1.0000000        2.3156457        1.0000000       0.85136376        1.0000000        1.0779008        1.0000000        1.3055953 
       1.0000000        1.0000000        1.0000000        1.0000000       0.14300000        7.2515212        7.2049782       0.13538332       0.14680964      0.082070460      0.088258433      0.042773640      0.043334394       0.68017339       0.71558499       0.67353114       0.71177646       0.67477968       0.70363573        1.0000000        1.9013246        1.0000000        2.1009856        1.0000000        2.3127338        1.0000000       0.85003132        1.0000000        1.0756678        1.0000000        1.3026835 
       1.0000000        1.0000000        1.0000000        1.0000000       0.14400000        7.2306460        7.1843816       0.13538504       0.14668136      0.082119099      0.088066411      0.042878168      0.043180546       0.68010143       0.71506973       0.67366299       0.71089017       0.67514737       0.70279535        1.0000000        1.9000233        1.0000000        2.0981271        1.0000000        2.3086997        1.0000000       0.84872999        1.0000000        1.0728093        1.0000000        1.2986493 
       1.0000000        1.0000000        1.0000000        1.0000000       0.14500000        7.2171094        7.1711199       0.13527918       0.14668568      0.081939458      0.088050866      0.042689836      0.043167145       0.67978787       0.71482632       0.67320583       0.71079448       0.67449762       0.70315266        1.0000000        1.8994345        1.0000000        2.0978861        1.0000000        2.3089641        1.0000000       0.84814117        1.0000000        1.0725683        1.0000000        1.2989138 
       1.0000000        1.0000000        1.0000000        1.0000000       0.14600000        7.2129055        7.1671873       0.13531806       0.14674585      0.082019120      0.088076794      0.042827864      0.043130974       0.67982051       0.71487635       0.67362078       0.71070196       0.67545505       0.70270720        1.0000000        1.8997000        1.0000000        2.0977767        1.0000000        2.3074587        1.0000000       0.84840666        1.0000000        1.0724589        1.0000000        1.2974083 
       1.0000000        1.0000000        1.0000000        1.0000000       0.14700000        7.1993237        7.1539001       0.13537454       0.14667168      0.082110878      0.087994841      0.042904457      0.043093011       0.68011915       0.71492228       0.67404472       0.71059103       0.67577810       0.70266154        1.0000000        1.8997887        1.0000000        2.0971021        1.0000000        2.3067465        1.0000000       0.84849536        1.0000000        1.0717843        1.0000000        1.2966961 
       1.0000000        1.0000000        1.0000000        1.0000000       0.14800000        7.1960865        7.1509270       0.13535029       0.14673049      0.082053257      0.088135243      0.042847743      0.043139883       0.67984372       0.71500273       0.67372711       0.71084226       0.67503246       0.70279360        1.0000000        1.8999565        1.0000000        2.0980107        1.0000000        2.3079963        1.0000000       0.84866321        1.0000000        1.0726929        1.0000000        1.2979459 
       1.0000000        1.0000000        1.0000000        1.0000000       0.14900000        7.1803526        7.1354540       0.13519148       0.14673100      0.081943134      0.088193065      0.042835691      0.043317030       0.67961547       0.71519746       0.67366574       0.71082147       0.67526730       0.70364221        1.0000000        1.9003707        1.0000000        2.0977168        1.0000000        2.3122462        1.0000000       0.84907742        1.0000000        1.0723989        1.0000000        1.3021959 
       1.0000000        1.0000000        1.0000000        1.0000000       0.15000000        7.1631733        7.1185323       0.13528491       0.14709833      0.082039863      0.088483420      0.042881850      0.043467983       0.67970668       0.71592252       0.67396072       0.71160099       0.67542615       0.70425580        1.0000000        1.9025314        1.0000000        2.1008394        1.0000000        2.3161775        1.0000000       0.85123813        1.0000000        1.0755216        1.0000000        1.3061271 
       1.0000000        1.0000000        1.0000000        1.0000000       0.15100000        7.1520559        7.1076692       0.13531064       0.14726872      0.082117692      0.088651897      0.042989510      0.043505631       0.67953088       0.71588597       0.67380196       0.71165815       0.67581091       0.70430876        1.0000000        1.9026210        1.0000000        2.1015128        1.0000000        2.3174704        1.0000000       0.85132767        1.0000000        1.0761949        1.0000000        1.3074200 
       1.0000000        1.0000000        1.0000000        1.0000000       0.15200000        7.1278284        7.0836930       0.13538005       0.14730195      0.082122657      0.088666927      0.042952373      0.043497856       0.67957970       0.71626035       0.67373650       0.71158995       0.67530647       0.70409890        1.0000000        1.9036191        1.0000000        2.1012748        1.0000000        2.3169045        1.0000000       0.85232577        1.0000000        1.0759570        1.0000000        1.3068541 
       1.0000000        1.0000000        1.0000000        1.0000000       0.15300000        7.1162581        7.0723708       0.13537647       0.14732873      0.082122188      0.088641317      0.042937255      0.043539088       0.67961678       0.71674477       0.67383551       0.71202937       0.67528475       0.70441602        1.0000000        1.9049822        1.0000000        2.1024616        1.0000000        2.3174753        1.0000000       0.85368886        1.0000000        1.0771438        1.0000000        1.3074249 
       1.0000000        1.0000000        1.0000000        1.0000000       0.15400000        7.0963595        7.0527174       0.13537179       0.14745107      0.082101135      0.088719696      0.043008240      0.043616466       0.67958529       0.71678015       0.67350288       0.71165011       0.67553814       0.70446382        1.0000000        1.9052358        1.0000000        2.1018830        1.0000000        2.3184916        1.0000000       0.85394249        1.0000000        1.0765652        1.0000000        1.3084412 
       1.0000000        1.0000000        1.0000000        1.0000000       0.15500000        7.0774526        7.0340527       0.13544849       0.14769138      0.082131275      0.088872432      0.042987684      0.043750403       0.67980939       0.71724061       0.67346727       0.71205332       0.67515065       0.70469918        1.0000000        1.9066710        1.0000000        2.1038549        1.0000000        2.3203920        1.0000000       0.85537772        1.0000000        1.0785371        1.0000000        1.3103416 
       1.0000000        1.0000000        1.0000000        1.0000000       0.15600000        7.0561310        7.0129703       0.13541266       0.14785202      0.082114432      0.088976965      0.042974099      0.043727102       0.67980203       0.71746128       0.67351481       0.71221555       0.67539807       0.70480126        1.0000000        1.9074505        1.0000000        2.1046321        1.0000000        2.3207109        1.0000000       0.85615723        1.0000000        1.0793143        1.0000000        1.3106606 
       1.0000000        1.0000000        1.0000000        1.0000000       0.15700000        7.0339543        6.9910300       0.13536052       0.14790777      0.082081485      0.089011264      0.043003997      0.043754031       0.67956515       0.71770839       0.67316272       0.71243172       0.67518546       0.70489930        1.0000000        1.9081102        1.0000000        2.1054973        1.0000000        2.3215777        1.0000000       0.85681689        1.0000000        1.0801795        1.0000000        1.3115274 
       1.0000000        1.0000000        1.0000000        1.0000000       0.15800000        7.0189198        6.9762524       0.13533749       0.14793112      0.081982410      0.089008306      0.042844111      0.043767701       0.67942659       0.71797135       0.67292597       0.71261921       0.67470207       0.70472970        1.0000000        1.9087878        1.0000000        2.1060944        1.0000000        2.3215606        1.0000000       0.85749452        1.0000000        1.0807766        1.0000000        1.3115103 
       1.0000000        1.0000000        1.0000000        1.0000000       0.15900000        7.0017674        6.9593305       0.13537736       0.14804578      0.081999329      0.089092810      0.042872572      0.043781386       0.67959834       0.71815865       0.67330161       0.71273010       0.67519407       0.70497014        1.0000000        1.9094451        1.0000000        2.1065590        1.0000000        2.3224884        1.0000000       0.85815182        1.0000000        1.0812412        1.0000000        1.3124381 
       1.0000000        1.0000000        1.0000000        1.0000000       0.16000000        6.9886211        6.9464121       0.13538685       0.14783214      0.082059551      0.088862513      0.042969965      0.043730437       0.67954981       0.71824448       0.67344976       0.71283295       0.67573014       0.70508459        1.0000000        1.9094272        1.0000000        2.1065030        1.0000000        2.3223976        1.0000000       0.85813390        1.0000000        1.0811852        1.0000000        1.3123473 
