
       1.0000000        1.0000000        1.0000000        1.0000000      0.035000000        10.268772        10.100704       0.14926475       0.15256311      0.084447226      0.087142946      0.041799198      0.042650822       0.75856341       0.76237824       0.70713808       0.71270244       0.68604790       0.69373144        1.0000000        2.0405597        1.0000000        2.1078902        1.0000000        2.2737250        1.0000000       0.98926645        1.0000000        1.0825724        1.0000000        1.2636747 
       1.0000000        1.0000000        1.0000000        1.0000000      0.036000000        10.180681        10.017245       0.14883342       0.15200097      0.084272852      0.086846460      0.041606127      0.042338591       0.75586234       0.75925186       0.70533380       0.71064963       0.68541191       0.69201146        1.0000000        2.0318514        1.0000000        2.1021202        1.0000000        2.2657573        1.0000000       0.98055812        1.0000000        1.0768024        1.0000000        1.2557070 
       1.0000000        1.0000000        1.0000000        1.0000000      0.037000000        10.146364        9.9872846       0.14831254       0.15137426      0.084306250      0.086682080      0.041767846      0.042188096       0.75369883       0.75659354       0.70465723       0.70961074       0.68579346       0.69188993        1.0000000        2.0234118        1.0000000        2.0984719        1.0000000        2.2654832        1.0000000       0.97211848        1.0000000        1.0731541        1.0000000        1.2554329 
       1.0000000        1.0000000        1.0000000        1.0000000      0.038000000        10.078506        9.9235314       0.14755933       0.14982224      0.084074891      0.085108938      0.041634995      0.040531610       0.75114831       0.75319057       0.70322825       0.70608568       0.68495164       0.68549992        1.0000000        2.0131100        1.0000000        2.0856736        1.0000000        2.2336908        1.0000000       0.96181667        1.0000000        1.0603558        1.0000000        1.2236404 
       1.0000000        1.0000000        1.0000000        1.0000000      0.039000000        10.001381        9.8502814       0.14640471       0.14842847      0.083840021      0.084310877      0.042036382      0.040445339       0.74789621       0.75043006       0.70152089       0.70427098       0.68447627       0.68364554        1.0000000        2.0048323        1.0000000        2.0773151        1.0000000        2.2243073        1.0000000       0.95353897        1.0000000        1.0519972        1.0000000        1.2142569 
       1.0000000        1.0000000        1.0000000        1.0000000      0.040000000        9.9005852        9.7531511       0.14569231       0.14843137      0.083374700      0.084581309      0.041712317      0.040779135       0.74543143       0.74885949       0.69955858       0.70353805       0.68230377       0.68431892        1.0000000        2.0000127        1.0000000        2.0755241        1.0000000        2.2291605        1.0000000       0.94871939        1.0000000        1.0502063        1.0000000        1.2191102 
       1.0000000        1.0000000        1.0000000        1.0000000      0.041000000        9.8183612        9.6743995       0.14507676       0.14827373      0.083259393      0.084857648      0.041692657      0.041169259       0.74269584       0.74671250       0.69819257       0.70311238       0.68158560       0.68582971        1.0000000        1.9937458        1.0000000        2.0741306        1.0000000        2.2370394        1.0000000       0.94245254        1.0000000        1.0488128        1.0000000        1.2269891 
       1.0000000        1.0000000        1.0000000        1.0000000      0.042000000        9.7735208        9.6328542       0.14417043       0.14696836      0.082907313      0.084145963      0.041570513      0.040550932       0.74039879       0.74342567       0.69708330       0.70068653       0.68133960       0.68469566        1.0000000        1.9831736        1.0000000        2.0640273        1.0000000        2.2264181        1.0000000       0.93188028        1.0000000        1.0387095        1.0000000        1.2163678 
       1.0000000        1.0000000        1.0000000        1.0000000      0.043000000        9.7507718        9.6132368       0.14344153       0.14689615      0.082666259      0.084400764      0.041615152      0.040615351       0.73767808       0.74146911       0.69528257       0.70038896       0.68085648       0.68539729        1.0000000        1.9771529        1.0000000        2.0633378        1.0000000        2.2305685        1.0000000       0.92585956        1.0000000        1.0380200        1.0000000        1.2205182 
       1.0000000        1.0000000        1.0000000        1.0000000      0.044000000        9.6882607        9.5537059       0.14282738       0.14668538      0.082276900      0.084369355      0.041376235      0.040463269       0.73474268       0.73921433       0.69286061       0.69965735       0.67918999       0.68468337        1.0000000        1.9705170        1.0000000        2.0612038        1.0000000        2.2270106        1.0000000       0.91922373        1.0000000        1.0358860        1.0000000        1.2169603 
       1.0000000        1.0000000        1.0000000        1.0000000      0.045000000        9.6143298        9.4828918       0.14261322       0.14685501      0.082422878      0.084553132      0.041601128      0.040503982       0.73244651       0.73852441       0.69205165       0.70019922       0.67916626       0.68447643        1.0000000        1.9684884        1.0000000        2.0637902        1.0000000        2.2276658        1.0000000       0.91719506        1.0000000        1.0384724        1.0000000        1.2176155 
       1.0000000        1.0000000        1.0000000        1.0000000      0.046000000        9.5912547        9.4625141       0.14217732       0.14665861      0.082399480      0.084582031      0.041943035      0.040469362       0.73043455       0.73702018       0.69037613       0.69985032       0.67874264       0.68451968        1.0000000        1.9636712        1.0000000        2.0623229        1.0000000        2.2276715        1.0000000       0.91237786        1.0000000        1.0370051        1.0000000        1.2176212 
       1.0000000        1.0000000        1.0000000        1.0000000      0.047000000        9.5463596        9.4201962       0.14149114       0.14613860      0.081977187      0.084285842      0.041585437      0.040473427       0.72722210       0.73486081       0.68827377       0.69866549       0.67598465       0.68407463        1.0000000        1.9576412        1.0000000        2.0577492        1.0000000        2.2222439        1.0000000       0.90634795        1.0000000        1.0324314        1.0000000        1.2121935 
       1.0000000        1.0000000        1.0000000        1.0000000      0.048000000        9.4769896        9.3532913       0.14116586       0.14641856      0.081846981      0.084640505      0.041586767      0.040612400       0.72498419       0.73457643       0.68697907       0.69924903       0.67514650       0.68458539        1.0000000        1.9568910        1.0000000        2.0604987        1.0000000        2.2255168        1.0000000       0.90559772        1.0000000        1.0351809        1.0000000        1.2154664 
       1.0000000        1.0000000        1.0000000        1.0000000      0.049000000        9.3938401        9.2725024       0.14078442       0.14605548      0.081587633      0.084373320      0.041292915      0.040553859       0.72328938       0.73288688       0.68514266       0.69802264       0.67275689       0.68402436        1.0000000        1.9525208        1.0000000        2.0564439        1.0000000        2.2242263        1.0000000       0.90122747        1.0000000        1.0311261        1.0000000        1.2141760 
       1.0000000        1.0000000        1.0000000        1.0000000      0.050000000        9.3549440        9.2358690       0.14059732       0.14615029      0.081467741      0.084700984      0.041162045      0.040743639       0.72194684       0.73219957       0.68427289       0.69817982       0.67206335       0.68563341        1.0000000        1.9505618        1.0000000        2.0567583        1.0000000        2.2312188        1.0000000       0.89926853        1.0000000        1.0314405        1.0000000        1.2211685 
       1.0000000        1.0000000        1.0000000        1.0000000      0.051000000        9.2920323        9.1751282       0.14015882       0.14622498      0.081016212      0.084893454      0.040848415      0.041068698       0.72053833       0.73170751       0.68308059       0.69834727       0.67159854       0.68676178        1.0000000        1.9491476        1.0000000        2.0578657        1.0000000        2.2374060        1.0000000       0.89785427        1.0000000        1.0325479        1.0000000        1.2273556 
       1.0000000        1.0000000        1.0000000        1.0000000      0.052000000        9.2494280        9.1346089       0.13999692       0.14599391      0.081021222      0.084925482      0.040826733      0.040989299       0.71944566       0.73007140       0.68289959       0.69793131       0.67193088       0.68700658        1.0000000        1.9443167        1.0000000        2.0569090        1.0000000        2.2377905        1.0000000       0.89302343        1.0000000        1.0315912        1.0000000        1.2277402 
       1.0000000        1.0000000        1.0000000        1.0000000      0.053000000        9.2044792        9.0916643       0.13968939       0.14541258      0.081045312      0.084657915      0.040954916      0.040984685       0.71804309       0.72855120       0.68216993       0.69718793       0.67236744       0.68681165        1.0000000        1.9393390        1.0000000        2.0535054        1.0000000        2.2375177        1.0000000       0.88804567        1.0000000        1.0281876        1.0000000        1.2274674 
       1.0000000        1.0000000        1.0000000        1.0000000      0.054000000        9.1798024        9.0689156       0.13951891       0.14550667      0.081143051      0.084753832      0.041073483      0.040847418       0.71632239       0.72703497       0.68160271       0.69651318       0.67242672       0.68655772        1.0000000        1.9356669        1.0000000        2.0527747        1.0000000        2.2370196        1.0000000       0.88437357        1.0000000        1.0274569        1.0000000        1.2269692 
       1.0000000        1.0000000        1.0000000        1.0000000      0.055000000        9.1191595        9.0101293       0.13926203       0.14546440      0.081042283      0.084934272      0.041027040      0.040896504       0.71502151       0.72583782       0.68031804       0.69651142       0.67158462       0.68724355        1.0000000        1.9322062        1.0000000        2.0527400        1.0000000        2.2404717        1.0000000       0.88091287        1.0000000        1.0274222        1.0000000        1.2304213 
       1.0000000        1.0000000        1.0000000        1.0000000      0.056000000        9.0712330        8.9641670       0.13876990       0.14339527      0.080921703      0.083520800      0.041160858      0.040504469       0.71350837       0.72349734       0.67946295       0.69472889       0.67187135       0.68629449        1.0000000        1.9241825        1.0000000        2.0441961        1.0000000        2.2323540        1.0000000       0.87288925        1.0000000        1.0188783        1.0000000        1.2223036 
       1.0000000        1.0000000        1.0000000        1.0000000      0.057000000        9.0328004        8.9274534       0.13870733       0.14331276      0.080939563      0.083558398      0.041184194      0.040476429       0.71227499       0.72250415       0.67880218       0.69466022       0.67171430       0.68698202        1.0000000        1.9211679        1.0000000        2.0437752        1.0000000        2.2348312        1.0000000       0.86987462        1.0000000        1.0184574        1.0000000        1.2247809 
       1.0000000        1.0000000        1.0000000        1.0000000      0.058000000        8.9894398        8.8857517       0.13853974       0.14286039      0.080926977      0.083204099      0.041205628      0.040271300       0.71104760       0.72182871       0.67849118       0.69464195       0.67176876       0.68555579        1.0000000        1.9188226        1.0000000        2.0429065        1.0000000        2.2265915        1.0000000       0.86752932        1.0000000        1.0175887        1.0000000        1.2165411 
       1.0000000        1.0000000        1.0000000        1.0000000      0.059000000        8.9370243        8.8349384       0.13837295       0.14262376      0.080923876      0.083131719      0.041223154      0.040461791       0.71002087       0.72035912       0.67786478       0.69422160       0.67108517       0.68575624        1.0000000        1.9149967        1.0000000        2.0416615        1.0000000        2.2276599        1.0000000       0.86370345        1.0000000        1.0163437        1.0000000        1.2176096 
       1.0000000        1.0000000        1.0000000        1.0000000      0.060000000        8.8849812        8.7844437       0.13833873       0.14236789      0.081010490      0.082985799      0.041335616      0.040473921       0.70883995       0.71994244       0.67751138       0.69388240       0.67100727       0.68533585        1.0000000        1.9136594        1.0000000        2.0402234        1.0000000        2.2261128        1.0000000       0.86236608        1.0000000        1.0149056        1.0000000        1.2160624 
       1.0000000        1.0000000        1.0000000        1.0000000      0.061000000        8.8450787        8.7460385       0.13805596       0.14238334      0.080892002      0.083137833      0.041312202      0.040566943       0.70775491       0.71943351       0.67691535       0.69418398       0.67141692       0.68582504        1.0000000        1.9119213        1.0000000        2.0414355        1.0000000        2.2282592        1.0000000       0.86062804        1.0000000        1.0161177        1.0000000        1.2182088 
       1.0000000        1.0000000        1.0000000        1.0000000      0.062000000        8.8475780        8.7499866       0.13748002       0.14209058      0.080727647      0.082969047      0.041274498      0.040415203       0.70597125       0.71757275       0.67604936       0.69390455       0.67127226       0.68548701        1.0000000        1.9066670        1.0000000        2.0398507        1.0000000        2.2247048        1.0000000       0.85537373        1.0000000        1.0145329        1.0000000        1.2146544 
       1.0000000        1.0000000        1.0000000        1.0000000      0.063000000        8.8074580        8.7112693       0.13726774       0.14217402      0.080744920      0.083031393      0.041338377      0.040276049       0.70405919       0.71676100       0.67528688       0.69414587       0.67151982       0.68540665        1.0000000        1.9043047        1.0000000        2.0407352        1.0000000        2.2235659        1.0000000       0.85301143        1.0000000        1.0154174        1.0000000        1.2135155 
       1.0000000        1.0000000        1.0000000        1.0000000      0.064000000        8.7615756        8.6667458       0.13688245       0.14202589      0.080499139      0.082951001      0.041243700      0.040215752       0.70249896       0.71615571       0.67382880       0.69366900       0.67095274       0.68526509        1.0000000        1.9024492        1.0000000        2.0391590        1.0000000        2.2227072        1.0000000       0.85115589        1.0000000        1.0138412        1.0000000        1.2126569 
       1.0000000        1.0000000        1.0000000        1.0000000      0.065000000        8.7193626        8.6258500       0.13656397       0.14227995      0.080360718      0.083106180      0.041334853      0.040292919       0.70113718       0.71597817       0.67261099       0.69446397       0.67067328       0.68518677        1.0000000        1.9022928        1.0000000        2.0423728        1.0000000        2.2233432        1.0000000       0.85099947        1.0000000        1.0170550        1.0000000        1.2132928 
       1.0000000        1.0000000        1.0000000        1.0000000      0.066000000        8.6780832        8.5858480       0.13650266       0.14196605      0.080379709      0.082948043      0.041366485      0.040245604       0.70000129       0.71524282       0.67226865       0.69400907       0.67084533       0.68474013        1.0000000        1.8999747        1.0000000        2.0406883        1.0000000        2.2216508        1.0000000       0.84868137        1.0000000        1.0153705        1.0000000        1.2116005 
       1.0000000        1.0000000        1.0000000        1.0000000      0.067000000        8.6283644        8.5374906       0.13652603       0.14207237      0.080472222      0.083141789      0.041403248      0.040449873       0.69943394       0.71473772       0.67234704       0.69436460       0.67094668       0.68526110        1.0000000        1.8988014        1.0000000        2.0423037        1.0000000        2.2260317        1.0000000       0.84750808        1.0000000        1.0169859        1.0000000        1.2159814 
       1.0000000        1.0000000        1.0000000        1.0000000      0.068000000        8.5882364        8.4985623       0.13635655       0.14237573      0.080414537      0.083346554      0.041359189      0.040394901       0.69819829       0.71478683       0.67170729       0.69487989       0.67002189       0.68569356        1.0000000        1.8990219        1.0000000        2.0440904        1.0000000        2.2269976        1.0000000       0.84772862        1.0000000        1.0187725        1.0000000        1.2169473 
       1.0000000        1.0000000        1.0000000        1.0000000      0.069000000        8.5638313        8.4753225       0.13628842       0.14250410      0.080422625      0.083564857      0.041399352      0.040685764       0.69778581       0.71461635       0.67183659       0.69524376       0.67027458       0.68660501        1.0000000        1.8987357        1.0000000        2.0454901        1.0000000        2.2320015        1.0000000       0.84744245        1.0000000        1.0201723        1.0000000        1.2219512 
       1.0000000        1.0000000        1.0000000        1.0000000      0.070000000        8.5360951        8.4487186       0.13631204       0.14249097      0.080586542      0.083572153      0.041596545      0.040654871       0.69723726       0.71436460       0.67193163       0.69497913       0.67135422       0.68644125        1.0000000        1.8978975        1.0000000        2.0448730        1.0000000        2.2310345        1.0000000       0.84660416        1.0000000        1.0195552        1.0000000        1.2209841 
       1.0000000        1.0000000        1.0000000        1.0000000      0.071000000        8.5164565        8.4301809       0.13623172       0.14234164      0.080615048      0.083487874      0.041652202      0.040541572       0.69651817       0.71349245       0.67190993       0.69489795       0.67143390       0.68665787        1.0000000        1.8952934        1.0000000        2.0438989        1.0000000        2.2310100        1.0000000       0.84400012        1.0000000        1.0185811        1.0000000        1.2209596 
       1.0000000        1.0000000        1.0000000        1.0000000      0.072000000        8.4970630        8.4118582       0.13609183       0.14228773      0.080698746      0.083680833      0.041868618      0.040747271       0.69574094       0.71313480       0.67204128       0.69516335       0.67255929       0.68762229        1.0000000        1.8941213        1.0000000        2.0450588        1.0000000        2.2360094        1.0000000       0.84282802        1.0000000        1.0197410        1.0000000        1.2259590 
       1.0000000        1.0000000        1.0000000        1.0000000      0.073000000        8.4582478        8.3740848       0.13601764       0.14225037      0.080791608      0.083836174      0.041972244      0.040811249       0.69506469       0.71246644       0.67211297       0.69511766       0.67318122       0.68795808        1.0000000        1.8920422        1.0000000        2.0446781        1.0000000        2.2384549        1.0000000       0.84074888        1.0000000        1.0193603        1.0000000        1.2284046 
       1.0000000        1.0000000        1.0000000        1.0000000      0.074000000        8.4326263        8.3494775       0.13588210       0.14225311      0.080822370      0.083807733      0.042060612      0.040738067       0.69422573       0.71149063       0.67211298       0.69504906       0.67360817       0.68776252        1.0000000        1.8893777        1.0000000        2.0442833        1.0000000        2.2369383        1.0000000       0.83808445        1.0000000        1.0189655        1.0000000        1.2268879 
       1.0000000        1.0000000        1.0000000        1.0000000      0.075000000        8.4121574        8.3299962       0.13570819       0.14165746      0.080851701      0.083410922      0.042105457      0.040520557       0.69320268       0.71022188       0.67166801       0.69355963       0.67382074       0.68668165        1.0000000        1.8855596        1.0000000        2.0386648        1.0000000        2.2310104        1.0000000       0.83426627        1.0000000        1.0133470        1.0000000        1.2209601 
       1.0000000        1.0000000        1.0000000        1.0000000      0.076000000        8.3961310        8.3149318       0.13558536       0.14185612      0.080700953      0.083555446      0.041936476      0.040638700       0.69241423       0.71008534       0.67139882       0.69386869       0.67363866       0.68655687        1.0000000        1.8854439        1.0000000        2.0401225        1.0000000        2.2318294        1.0000000       0.83415058        1.0000000        1.0148047        1.0000000        1.2217790 
       1.0000000        1.0000000        1.0000000        1.0000000      0.077000000        8.3803755        8.3001140       0.13545764       0.14171408      0.080637363      0.083414114      0.041869197      0.040535364       0.69166579       0.70954867       0.67119961       0.69337355       0.67356409       0.68600268        1.0000000        1.8839006        1.0000000        2.0385409        1.0000000        2.2287895        1.0000000       0.83260728        1.0000000        1.0132231        1.0000000        1.2187392 
       1.0000000        1.0000000        1.0000000        1.0000000      0.078000000        8.3420032        8.2626557       0.13538800       0.14165455      0.080609793      0.083401290      0.041868182      0.040476873       0.69103415       0.70896779       0.67079250       0.69333231       0.67329399       0.68612010        1.0000000        1.8821530        1.0000000        2.0381760        1.0000000        2.2289155        1.0000000       0.83085975        1.0000000        1.0128582        1.0000000        1.2188651 
       1.0000000        1.0000000        1.0000000        1.0000000      0.079000000        8.3132651        8.2348971       0.13528840       0.14130317      0.080636329      0.083204446      0.041894145      0.040332820       0.69046414       0.70754624       0.67073335       0.69280623       0.67367772       0.68589237        1.0000000        1.8779611        1.0000000        2.0358037        1.0000000        2.2261924        1.0000000       0.82666777        1.0000000        1.0104859        1.0000000        1.2161420 
       1.0000000        1.0000000        1.0000000        1.0000000      0.080000000        8.2880944        8.2105939       0.13526033       0.14112522      0.080690860      0.083055261      0.041930148      0.040273741       0.69005852       0.70684114       0.67075388       0.69217035       0.67390229       0.68530978        1.0000000        1.8760567        1.0000000        2.0337985        1.0000000        2.2235461        1.0000000       0.82476337        1.0000000        1.0084807        1.0000000        1.2134958 
       1.0000000        1.0000000        1.0000000        1.0000000      0.081000000        8.2609844        8.1843305       0.13522787       0.14124484      0.080698887      0.083138583      0.041881065      0.040174768       0.68959787       0.70718374       0.67080792       0.69249812       0.67399237       0.68514658        1.0000000        1.8769740        1.0000000        2.0348926        1.0000000        2.2230772        1.0000000       0.82568068        1.0000000        1.0095747        1.0000000        1.2130269 
       1.0000000        1.0000000        1.0000000        1.0000000      0.082000000        8.2361834        8.1603561       0.13505148       0.14141187      0.080600224      0.083219843      0.041882940      0.040172280       0.68878682       0.70728207       0.67043618       0.69348485       0.67383847       0.68501378        1.0000000        1.8772271        1.0000000        2.0380750        1.0000000        2.2228292        1.0000000       0.82593380        1.0000000        1.0127572        1.0000000        1.2127789 
       1.0000000        1.0000000        1.0000000        1.0000000      0.083000000        8.2056143        8.1305942       0.13492886       0.14149009      0.080505039      0.083260470      0.041781347      0.040177473       0.68822837       0.70720153       0.67001718       0.69359301       0.67349979       0.68499640        1.0000000        1.8771418        1.0000000        2.0388987        1.0000000        2.2230747        1.0000000       0.82584853        1.0000000        1.0135809        1.0000000        1.2130243 
       1.0000000        1.0000000        1.0000000        1.0000000      0.084000000        8.1732528        8.0990213       0.13490852       0.14154946      0.080536264      0.083305070      0.041802762      0.040150153       0.68780935       0.70720631       0.67013834       0.69384165       0.67357395       0.68563748        1.0000000        1.8771428        1.0000000        2.0394947        1.0000000        2.2243271        1.0000000       0.82584951        1.0000000        1.0141769        1.0000000        1.2142768 
       1.0000000        1.0000000        1.0000000        1.0000000      0.085000000        8.1523048        8.0788438       0.13490070       0.14169166      0.080557188      0.083427317      0.041777161      0.040167808       0.68734562       0.70689311       0.67021287       0.69411272       0.67348276       0.68587259        1.0000000        1.8764114        1.0000000        2.0405541        1.0000000        2.2258839        1.0000000       0.82511814        1.0000000        1.0152363        1.0000000        1.2158336 
       1.0000000        1.0000000        1.0000000        1.0000000      0.086000000        8.1345428        8.0618350       0.13469923       0.14184403      0.080371953      0.083487596      0.041603362      0.040149486       0.68671422       0.70693781       0.66971130       0.69436323       0.67268646       0.68522506        1.0000000        1.8766542        1.0000000        2.0417559        1.0000000        2.2238146        1.0000000       0.82536086        1.0000000        1.0164381        1.0000000        1.2137643 
       1.0000000        1.0000000        1.0000000        1.0000000      0.087000000        8.1148584        8.0428870       0.13460569       0.14182757      0.080376988      0.083495313      0.041633376      0.040116280       0.68616811       0.70699210       0.66973647       0.69455549       0.67292535       0.68501047        1.0000000        1.8767989        1.0000000        2.0426026        1.0000000        2.2233856        1.0000000       0.82550560        1.0000000        1.0172848        1.0000000        1.2133353 
       1.0000000        1.0000000        1.0000000        1.0000000      0.088000000        8.1062860        8.0350348       0.13458952       0.14223753      0.080460871      0.083820490      0.041749128      0.040348323       0.68564293       0.70765920       0.66972059       0.69577703       0.67297365       0.68678788        1.0000000        1.8787037        1.0000000        2.0465754        1.0000000        2.2297700        1.0000000       0.82741042        1.0000000        1.0212576        1.0000000        1.2197196 
       1.0000000        1.0000000        1.0000000        1.0000000      0.089000000        8.0866681        8.0161214       0.13462569       0.14241674      0.080587318      0.084017697      0.041874126      0.040452591       0.68560803       0.70758135       0.66995258       0.69617430       0.67330578       0.68714928        1.0000000        1.8785394        1.0000000        2.0481043        1.0000000        2.2324473        1.0000000       0.82724614        1.0000000        1.0227865        1.0000000        1.2223970 
       1.0000000        1.0000000        1.0000000        1.0000000      0.090000000        8.0676158        7.9978266       0.13463619       0.14264217      0.080648463      0.084194604      0.041905340      0.040583536       0.68529462       0.70813713       0.66999021       0.69677299       0.67326478       0.68760389        1.0000000        1.8801323        1.0000000        2.0503135        1.0000000        2.2351940        1.0000000       0.82883900        1.0000000        1.0249956        1.0000000        1.2251437 
       1.0000000        1.0000000        1.0000000        1.0000000      0.091000000        8.0296790        7.9605631       0.13465372       0.14275843      0.080705676      0.084391290      0.041943188      0.040698816       0.68478066       0.70823571       0.67017215       0.69733025       0.67343676       0.68807730        1.0000000        1.8804372        1.0000000        2.0525897        1.0000000        2.2379698        1.0000000       0.82914386        1.0000000        1.0272719        1.0000000        1.2279194 
       1.0000000        1.0000000        1.0000000        1.0000000      0.092000000        8.0182348        7.9497781       0.13449336       0.14260590      0.080567357      0.084362244      0.041847146      0.040673453       0.68434245       0.70740497       0.66991260       0.69739100       0.67332927       0.68849448        1.0000000        1.8778640        1.0000000        2.0523228        1.0000000        2.2392236        1.0000000       0.82657067        1.0000000        1.0270050        1.0000000        1.2291732 
       1.0000000        1.0000000        1.0000000        1.0000000      0.093000000        8.0045349        7.9367238       0.13452058       0.14261238      0.080776080      0.084446815      0.042129595      0.040752375       0.68387387       0.70718413       0.67007493       0.69768357       0.67403430       0.68893303        1.0000000        1.8771932        1.0000000        2.0530397        1.0000000        2.2411499        1.0000000       0.82589988        1.0000000        1.0277219        1.0000000        1.2310996 
       1.0000000        1.0000000        1.0000000        1.0000000      0.094000000        7.9779000        7.9107213       0.13453029       0.14264425      0.080842307      0.084503796      0.042167073      0.040786987       0.68365548       0.70682746       0.67023684       0.69780762       0.67410626       0.68882648        1.0000000        1.8762439        1.0000000        2.0537915        1.0000000        2.2412109        1.0000000       0.82495058        1.0000000        1.0284737        1.0000000        1.2311605 
       1.0000000        1.0000000        1.0000000        1.0000000      0.095000000        7.9617211        7.8951619       0.13451192       0.14258392      0.080891942      0.084506497      0.042224314      0.040834708       0.68322663       0.70637926       0.67039969       0.69793329       0.67408780       0.68902688        1.0000000        1.8748435        1.0000000        2.0540293        1.0000000        2.2419765        1.0000000       0.82355021        1.0000000        1.0287115        1.0000000        1.2319262 
       1.0000000        1.0000000        1.0000000        1.0000000      0.096000000        7.9393450        7.8733929       0.13454300       0.14242035      0.080955665      0.084416457      0.042302458      0.040837902       0.68280428       0.70626722       0.67054653       0.69802017       0.67416709       0.68933388        1.0000000        1.8743824        1.0000000        2.0539608        1.0000000        2.2424633        1.0000000       0.82308908        1.0000000        1.0286430        1.0000000        1.2324130 
       1.0000000        1.0000000        1.0000000        1.0000000      0.097000000        7.9263462        7.8609892       0.13460544       0.14230751      0.080959554      0.084329810      0.042216961      0.040932357       0.68292767       0.70531867       0.67069238       0.69808407       0.67422017       0.68877773        1.0000000        1.8718734        1.0000000        2.0538720        1.0000000        2.2411556        1.0000000       0.82058010        1.0000000        1.0285542        1.0000000        1.2311053 
       1.0000000        1.0000000        1.0000000        1.0000000      0.098000000        7.9159386        7.8511650       0.13450274       0.14235173      0.080923273      0.084322291      0.042225347      0.040887956       0.68243450       0.70502762       0.67049539       0.69826983       0.67416120       0.68901313        1.0000000        1.8711739        1.0000000        2.0542074        1.0000000        2.2399104        1.0000000       0.81988063        1.0000000        1.0288896        1.0000000        1.2298601 
       1.0000000        1.0000000        1.0000000        1.0000000      0.099000000        7.8910624        7.8268610       0.13454372       0.14203386      0.080975360      0.084038704      0.042215452      0.040754709       0.68214528       0.70439194       0.67074265       0.69726941       0.67419858       0.68839256        1.0000000        1.8693493        1.0000000        2.0506437        1.0000000        2.2357352        1.0000000       0.81805602        1.0000000        1.0253259        1.0000000        1.2256849 
       1.0000000        1.0000000        1.0000000        1.0000000       0.10000000        7.8600061        7.7963659       0.13448809       0.14200254      0.080930808      0.084055526      0.042148261      0.040726152       0.68181221       0.70430461       0.67065306       0.69748159       0.67409410       0.68838729        1.0000000        1.8689790        1.0000000        2.0510662        1.0000000        2.2355729        1.0000000       0.81768571        1.0000000        1.0257483        1.0000000        1.2255226 
       1.0000000        1.0000000        1.0000000        1.0000000       0.10100000        7.8448249        7.7817896       0.13437390       0.14197048      0.080881703      0.084037593      0.042159368      0.040848796       0.68116277       0.70465995       0.67016613       0.69748508       0.67434093       0.68957068        1.0000000        1.8698780        1.0000000        2.0505235        1.0000000        2.2396818        1.0000000       0.81858472        1.0000000        1.0252057        1.0000000        1.2296314 
       1.0000000        1.0000000        1.0000000        1.0000000       0.10200000        7.8385224        7.7760263       0.13430398       0.14205161      0.080843001      0.084152633      0.042182236      0.040868255       0.68093680       0.70501760       0.67035049       0.69783010       0.67433638       0.68981346        1.0000000        1.8707844        1.0000000        2.0513951        1.0000000        2.2412771        1.0000000       0.81949107        1.0000000        1.0260773        1.0000000        1.2312268 
       1.0000000        1.0000000        1.0000000        1.0000000       0.10300000        7.8204669        7.7584999       0.13431015       0.14213523      0.080849149      0.084225348      0.042150548      0.040891484       0.68089125       0.70522309       0.67045766       0.69781299       0.67421512       0.68991894        1.0000000        1.8714474        1.0000000        2.0515501        1.0000000        2.2417892        1.0000000       0.82015415        1.0000000        1.0262323        1.0000000        1.2317389 
       1.0000000        1.0000000        1.0000000        1.0000000       0.10400000        7.8176749        7.7562273       0.13433343       0.14227527      0.080851079      0.084355989      0.042096914      0.040952608       0.68081192       0.70561751       0.67060906       0.69820121       0.67405971       0.69048522        1.0000000        1.8725128        1.0000000        2.0527898        1.0000000        2.2448437        1.0000000       0.82121946        1.0000000        1.0274720        1.0000000        1.2347933 
       1.0000000        1.0000000        1.0000000        1.0000000       0.10500000        7.8059373        7.7449998       0.13429147       0.14248152      0.080864167      0.084577929      0.042110407      0.040934389       0.68040969       0.70596944       0.67078771       0.69857831       0.67392631       0.69051726        1.0000000        1.8735464        1.0000000        2.0545837        1.0000000        2.2463001        1.0000000       0.82225315        1.0000000        1.0292659        1.0000000        1.2362497 
       1.0000000        1.0000000        1.0000000        1.0000000       0.10600000        7.7866441        7.7262074       0.13434379       0.14255042      0.080946233      0.084663917      0.042198151      0.041040713       0.68025578       0.70594026       0.67102871       0.69833216       0.67431581       0.69106551        1.0000000        1.8734906        1.0000000        2.0539781        1.0000000        2.2487780        1.0000000       0.82219735        1.0000000        1.0286602        1.0000000        1.2387277 
       1.0000000        1.0000000        1.0000000        1.0000000       0.10700000        7.7644576        7.7045127       0.13434528       0.14241009      0.080996712      0.084567651      0.042301654      0.040980074       0.67994506       0.70543829       0.67077661       0.69806506       0.67424591       0.69079915        1.0000000        1.8720386        1.0000000        2.0530542        1.0000000        2.2471904        1.0000000       0.82074531        1.0000000        1.0277364        1.0000000        1.2371401 
       1.0000000        1.0000000        1.0000000        1.0000000       0.10800000        7.7414336        7.6819719       0.13434941       0.14258879      0.081058541      0.084669140      0.042409267      0.040949456       0.67970248       0.70561684       0.67074986       0.69833243       0.67487622       0.69090079        1.0000000        1.8726501        1.0000000        2.0541957        1.0000000        2.2475375        1.0000000       0.82135679        1.0000000        1.0288779        1.0000000        1.2374871 
       1.0000000        1.0000000        1.0000000        1.0000000       0.10900000        7.7316109        7.6726239       0.13442354       0.14263545      0.081126862      0.084684610      0.042470882      0.040925752       0.67972171       0.70539019       0.67091864       0.69838058       0.67526057       0.69082814        1.0000000        1.8720574        1.0000000        2.0547029        1.0000000        2.2466758        1.0000000       0.82076411        1.0000000        1.0293851        1.0000000        1.2366254 
       1.0000000        1.0000000        1.0000000        1.0000000       0.11000000        7.7118378        7.6533173       0.13448628       0.14275155      0.081178095      0.084857934      0.042517580      0.041084894       0.67966437       0.70565081       0.67096314       0.69921081       0.67541832       0.69176884        1.0000000        1.8726748        1.0000000        2.0573652        1.0000000        2.2519095        1.0000000       0.82138153        1.0000000        1.0320474        1.0000000        1.2418592 
       1.0000000        1.0000000        1.0000000        1.0000000       0.11100000        7.6856642        7.6276022       0.13437070       0.14275715      0.081150959      0.084959160      0.042519911      0.041153866       0.67928470       0.70542167       0.67098447       0.69927179       0.67564618       0.69227734        1.0000000        1.8721201        1.0000000        2.0576643        1.0000000        2.2539274        1.0000000       0.82082677        1.0000000        1.0323465        1.0000000        1.2438771 
       1.0000000        1.0000000        1.0000000        1.0000000       0.11200000        7.6708653        7.6132539       0.13433259       0.14290342      0.081233664      0.085165674      0.042713391      0.041440937       0.67892272       0.70560902       0.67038469       0.69968620       0.67554991       0.69313570        1.0000000        1.8726371        1.0000000        2.0590155        1.0000000        2.2595965        1.0000000       0.82134376        1.0000000        1.0336977        1.0000000        1.2495462 
       1.0000000        1.0000000        1.0000000        1.0000000       0.11300000        7.6441931        7.5870688       0.13433112       0.14296209      0.081273454      0.085286753      0.042741170      0.041554115       0.67869128       0.70553299       0.67072219       0.70010890       0.67584483       0.69360401        1.0000000        1.8722232        1.0000000        2.0602677        1.0000000        2.2617653        1.0000000       0.82092994        1.0000000        1.0349499        1.0000000        1.2517150 
       1.0000000        1.0000000        1.0000000        1.0000000       0.11400000        7.6272651        7.5705758       0.13426167       0.14280843      0.081131250      0.085189139      0.042500664      0.041511617       0.67846819       0.70535991       0.67050424       0.69981467       0.67454205       0.69340418        1.0000000        1.8716490        1.0000000        2.0592535        1.0000000        2.2613405        1.0000000       0.82035570        1.0000000        1.0339357        1.0000000        1.2512902 
       1.0000000        1.0000000        1.0000000        1.0000000       0.11500000        7.6049384        7.5486768       0.13431873       0.14286109      0.081147717      0.085177985      0.042496926      0.041472753       0.67857135       0.70547571       0.67073071       0.69922200       0.67464174       0.69256589        1.0000000        1.8720432        1.0000000        2.0578073        1.0000000        2.2590023        1.0000000       0.82074986        1.0000000        1.0324895        1.0000000        1.2489520 
       1.0000000        1.0000000        1.0000000        1.0000000       0.11600000        7.5887953        7.5329546       0.13436574       0.14316334      0.081195994      0.085461114      0.042566117      0.041691192       0.67856414       0.70596067       0.67086138       0.70002396       0.67506482       0.69343798        1.0000000        1.8733862        1.0000000        2.0607339        1.0000000        2.2639472        1.0000000       0.82209287        1.0000000        1.0354161        1.0000000        1.2538968 
       1.0000000        1.0000000        1.0000000        1.0000000       0.11700000        7.5741565        7.5187297       0.13438270       0.14320994      0.081188812      0.085499773      0.042525455      0.041678626       0.67861416       0.70604365       0.67091101       0.70022402       0.67492329       0.69348301        1.0000000        1.8736287        1.0000000        2.0613435        1.0000000        2.2641035        1.0000000       0.82233536        1.0000000        1.0360257        1.0000000        1.2540532 
       1.0000000        1.0000000        1.0000000        1.0000000       0.11800000        7.5507359        7.4957165       0.13436777       0.14333990      0.081117433      0.085576791      0.042368074      0.041694816       0.67823555       0.70615442       0.67052263       0.70041662       0.67398850       0.69368715        1.0000000        1.8740460        1.0000000        2.0621925        1.0000000        2.2654514        1.0000000       0.82275275        1.0000000        1.0368746        1.0000000        1.2554010 
       1.0000000        1.0000000        1.0000000        1.0000000       0.11900000        7.5190749        7.4644563       0.13444470       0.14275011      0.081204805      0.085140521      0.042497171      0.041543304       0.67832867       0.70503467       0.67074901       0.69951958       0.67412465       0.69305165        1.0000000        1.8706030        1.0000000        2.0584548        1.0000000        2.2613591        1.0000000       0.81930971        1.0000000        1.0331370        1.0000000        1.2513088 
       1.0000000        1.0000000        1.0000000        1.0000000       0.12000000        7.5037776        7.4495534       0.13449905       0.14281535      0.081294571      0.085311748      0.042547298      0.041811211       0.67827639       0.70511863       0.67098605       0.69994126       0.67442696       0.69367700        1.0000000        1.8707359        1.0000000        2.0598028        1.0000000        2.2649382        1.0000000       0.81944263        1.0000000        1.0344850        1.0000000        1.2548879 
       1.0000000        1.0000000        1.0000000        1.0000000       0.12100000        7.4891875        7.4353517       0.13452481       0.14274931      0.081337282      0.085228670      0.042590694      0.041841387       0.67818149       0.70495127       0.67112803       0.69947236       0.67460538       0.69350132        1.0000000        1.8703406        1.0000000        2.0583815        1.0000000        2.2637044        1.0000000       0.81904729        1.0000000        1.0330636        1.0000000        1.2536541 
       1.0000000        1.0000000        1.0000000        1.0000000       0.12200000        7.4818199        7.4283664       0.13446124       0.14290726      0.081268141      0.085419435      0.042533032      0.041954434       0.67782850       0.70499713       0.67072258       0.69974449       0.67405499       0.69357287        1.0000000        1.8705657        1.0000000        2.0598790        1.0000000        2.2656769        1.0000000       0.81927241        1.0000000        1.0345612        1.0000000        1.2556266 
       1.0000000        1.0000000        1.0000000        1.0000000       0.12300000        7.4615988        7.4085217       0.13458911       0.14295501      0.081319423      0.085503081      0.042513933      0.042052205       0.67800574       0.70479158       0.67076732       0.70002275       0.67358948       0.69372552        1.0000000        1.8699356        1.0000000        2.0610633        1.0000000        2.2667765        1.0000000       0.81864231        1.0000000        1.0357454        1.0000000        1.2567261 
       1.0000000        1.0000000        1.0000000        1.0000000       0.12400000        7.4327748        7.3801051       0.13458440       0.14301970      0.081327850      0.085575405      0.042569472      0.042019747       0.67801964       0.70489901       0.67074987       0.69997874       0.67380151       0.69372137        1.0000000        1.8702821        1.0000000        2.0609981        1.0000000        2.2672523        1.0000000       0.81898885        1.0000000        1.0356803        1.0000000        1.2572020 
       1.0000000        1.0000000        1.0000000        1.0000000       0.12500000        7.4134993        7.3611941       0.13450568       0.14290503      0.081276708      0.085539995      0.042541266      0.042059467       0.67768016       0.70468493       0.67042733       0.69988844       0.67367503       0.69392262        1.0000000        1.8695458        1.0000000        2.0602092        1.0000000        2.2678180        1.0000000       0.81825255        1.0000000        1.0348914        1.0000000        1.2577676 
       1.0000000        1.0000000        1.0000000        1.0000000       0.12600000        7.3938157        7.3418695       0.13451341       0.14309405      0.081355039      0.085685968      0.042647138      0.042077850       0.67773634       0.70492525       0.67065826       0.70022681       0.67431707       0.69405108        1.0000000        1.8703265        1.0000000        2.0615593        1.0000000        2.2685865        1.0000000       0.81903320        1.0000000        1.0362415        1.0000000        1.2585362 
       1.0000000        1.0000000        1.0000000        1.0000000       0.12700000        7.3759653        7.3243728       0.13457755       0.14298846      0.081412194      0.085557033      0.042671986      0.042015345       0.67791286       0.70465915       0.67084592       0.69967883       0.67430096       0.69336060        1.0000000        1.8696618        1.0000000        2.0599842        1.0000000        2.2659546        1.0000000       0.81836855        1.0000000        1.0346664        1.0000000        1.2559042 
       1.0000000        1.0000000        1.0000000        1.0000000       0.12800000        7.3583565        7.3071123       0.13463338       0.14305527      0.081443818      0.085646553      0.042659745      0.042102491       0.67799363       0.70471236       0.67091259       0.69996607       0.67433872       0.69382372        1.0000000        1.8697303        1.0000000        2.0606964        1.0000000        2.2680902        1.0000000       0.81843703        1.0000000        1.0353786        1.0000000        1.2580399 
       1.0000000        1.0000000        1.0000000        1.0000000       0.12900000        7.3430196        7.2921189       0.13466871       0.14325952      0.081476097      0.085755860      0.042686126      0.042152719       0.67804691       0.70514358       0.67091231       0.70027370       0.67420178       0.69385357        1.0000000        1.8710196        1.0000000        2.0621679        1.0000000        2.2695989        1.0000000       0.81972630        1.0000000        1.0368501        1.0000000        1.2595485 
       1.0000000        1.0000000        1.0000000        1.0000000       0.13000000        7.3220551        7.2714927       0.13459388       0.14326432      0.081439449      0.085769699      0.042701636      0.042084300       0.67784899       0.70500726       0.67063428       0.70027825       0.67420659       0.69392642        1.0000000        1.8707111        1.0000000        2.0621740        1.0000000        2.2694362        1.0000000       0.81941783        1.0000000        1.0368562        1.0000000        1.2593859 
       1.0000000        1.0000000        1.0000000        1.0000000       0.13100000        7.3101167        7.2598878       0.13464595       0.14349146      0.081571125      0.085947307      0.042797947      0.042149569       0.67770754       0.70533797       0.67082628       0.70067868       0.67478537       0.69414500        1.0000000        1.8717769        1.0000000        2.0638213        1.0000000        2.2717566        1.0000000       0.82048365        1.0000000        1.0385035        1.0000000        1.2617062 
       1.0000000        1.0000000        1.0000000        1.0000000       0.13200000        7.2920010        7.2421008       0.13456663       0.14350372      0.081549923      0.086012283      0.042806828      0.042185407       0.67761685       0.70518908       0.67080105       0.70055558       0.67505131       0.69408091        1.0000000        1.8714442        1.0000000        2.0633937        1.0000000        2.2721750        1.0000000       0.82015094        1.0000000        1.0380759        1.0000000        1.2621247 
       1.0000000        1.0000000        1.0000000        1.0000000       0.13300000        7.2786545        7.2290784       0.13455504       0.14353403      0.081571658      0.086035762      0.042844787      0.042158595       0.67763247       0.70515267       0.67071619       0.70049350       0.67523989       0.69398014        1.0000000        1.8713676        1.0000000        2.0632317        1.0000000        2.2719853        1.0000000       0.82007433        1.0000000        1.0379139        1.0000000        1.2619350 
       1.0000000        1.0000000        1.0000000        1.0000000       0.13400000        7.2550740        7.2058174       0.13451070       0.14375007      0.081499700      0.086232716      0.042714673      0.042246744       0.67739775       0.70552390       0.67038669       0.70109860       0.67453516       0.69443676        1.0000000        1.8724487        1.0000000        2.0654307        1.0000000        2.2753964        1.0000000       0.82115539        1.0000000        1.0401129        1.0000000        1.2653461 
       1.0000000        1.0000000        1.0000000        1.0000000       0.13500000        7.2288235        7.1799132       0.13458190       0.14392118      0.081570948      0.086483093      0.042751485      0.042411499       0.67770325       0.70597599       0.67066185       0.70200481       0.67478861       0.69566696        1.0000000        1.8736298        1.0000000        2.0681547        1.0000000        2.2807094        1.0000000       0.82233651        1.0000000        1.0428369        1.0000000        1.2706591 
       1.0000000        1.0000000        1.0000000        1.0000000       0.13600000        7.2139224        7.1653223       0.13438120       0.14406278      0.081410827      0.086597443      0.042656417      0.042474173       0.67723457       0.70617151       0.67030561       0.70235895       0.67465211       0.69591044        1.0000000        1.8742423        1.0000000        2.0695322        1.0000000        2.2823304        1.0000000       0.82294897        1.0000000        1.0442144        1.0000000        1.2722800 
       1.0000000        1.0000000        1.0000000        1.0000000       0.13700000        7.1992992        7.1510051       0.13442598       0.14407623      0.081465683      0.086567190      0.042719663      0.042370838       0.67722241       0.70581731       0.67029063       0.70191900       0.67473261       0.69545109        1.0000000        1.8734326        1.0000000        2.0684197        1.0000000        2.2798019        1.0000000       0.82213926        1.0000000        1.0431019        1.0000000        1.2697515 
       1.0000000        1.0000000        1.0000000        1.0000000       0.13800000        7.1854052        7.1374129       0.13440439       0.14393940      0.081519326      0.086535758      0.042764961      0.042445173       0.67703986       0.70520028       0.67034025       0.70176930       0.67530323       0.69653869        1.0000000        1.8717201        1.0000000        2.0674136        1.0000000        2.2818920        1.0000000       0.82042676        1.0000000        1.0420958        1.0000000        1.2718417 
       1.0000000        1.0000000        1.0000000        1.0000000       0.13900000        7.1681452        7.1204507       0.13444277       0.14402968      0.081528842      0.086667407      0.042717680      0.042486265       0.67690566       0.70513130       0.67013737       0.70198767       0.67437638       0.69685896        1.0000000        1.8715456        1.0000000        2.0681500        1.0000000        2.2831642        1.0000000       0.82025234        1.0000000        1.0428322        1.0000000        1.2731138 
       1.0000000        1.0000000        1.0000000        1.0000000       0.14000000        7.1576582        7.1102573       0.13435368       0.14409987      0.081384711      0.086650040      0.042590835      0.042398737       0.67660723       0.70513806       0.66965958       0.70174086       0.67374804       0.69633949        1.0000000        1.8717352        1.0000000        2.0675554        1.0000000        2.2813966        1.0000000       0.82044195        1.0000000        1.0422376        1.0000000        1.2713463 
       1.0000000        1.0000000        1.0000000        1.0000000       0.14100000        7.1575270        7.1104160       0.13413231       0.14443500      0.081085523      0.086854617      0.042244526      0.042451762       0.67569537       0.70561203       0.66835420       0.70251828       0.67247061       0.69666899        1.0000000        1.8732094        1.0000000        2.0707368        1.0000000        2.2830591        1.0000000       0.82191610        1.0000000        1.0454190        1.0000000        1.2730088 
       1.0000000        1.0000000        1.0000000        1.0000000       0.14200000        7.1412967        7.0944716       0.13414147       0.14414720      0.081106499      0.086614222      0.042303955      0.042388666       0.67587662       0.70494001       0.66858699       0.70110264       0.67277638       0.69585811        1.0000000        1.8712820        1.0000000        2.0660797        1.0000000        2.2799488        1.0000000       0.81998866        1.0000000        1.0407619        1.0000000        1.2698985 
       1.0000000        1.0000000        1.0000000        1.0000000       0.14300000        7.1274144        7.0808715       0.13431277       0.14380511      0.081252435      0.086482521      0.042453820      0.042375519       0.67636505       0.70377955       0.66910601       0.70045469       0.67342646       0.69569087        1.0000000        1.8679202        1.0000000        2.0637020        1.0000000        2.2786994        1.0000000       0.81662694        1.0000000        1.0383842        1.0000000        1.2686491 
       1.0000000        1.0000000        1.0000000        1.0000000       0.14400000        7.1058267        7.0595623       0.13431882       0.14351505      0.081287568      0.086199638      0.042545703      0.042177998       0.67637596       0.70274020       0.66919778       0.69932624       0.67389396       0.69459745        1.0000000        1.8650955        1.0000000        2.0601188        1.0000000        2.2729344        1.0000000       0.81380221        1.0000000        1.0348010        1.0000000        1.2628841 
       1.0000000        1.0000000        1.0000000        1.0000000       0.14500000        7.0897533        7.0437638       0.13425912       0.14358535      0.081156214      0.086200603      0.042361800      0.042154044       0.67613372       0.70247669       0.66889729       0.69917291       0.67337469       0.69468856        1.0000000        1.8644915        1.0000000        2.0599432        1.0000000        2.2725811        1.0000000       0.81319817        1.0000000        1.0346254        1.0000000        1.2625308 
       1.0000000        1.0000000        1.0000000        1.0000000       0.14600000        7.0835668        7.0378487       0.13427725       0.14373338      0.081208405      0.086274525      0.042472945      0.042105739       0.67606082       0.70291256       0.66906550       0.69938384       0.67391076       0.69423472        1.0000000        1.8657586        1.0000000        2.0608820        1.0000000        2.2716840        1.0000000       0.81446533        1.0000000        1.0355642        1.0000000        1.2616337 
       1.0000000        1.0000000        1.0000000        1.0000000       0.14700000        7.0691337        7.0237101       0.13429149       0.14364840      0.081263195      0.086178095      0.042538033      0.042037409       0.67618548       0.70275267       0.66938505       0.69910883       0.67406632       0.69401851        1.0000000        1.8652747        1.0000000        2.0597060        1.0000000        2.2701122        1.0000000       0.81398145        1.0000000        1.0343882        1.0000000        1.2600618 
       1.0000000        1.0000000        1.0000000        1.0000000       0.14800000        7.0665288        7.0213694       0.13426558       0.14372553      0.081228750      0.086339364      0.042497864      0.042073045       0.67589171       0.70262889       0.66885908       0.69936941       0.67363607       0.69416753        1.0000000        1.8649164        1.0000000        2.0606848        1.0000000        2.2715305        1.0000000       0.81362310        1.0000000        1.0353670        1.0000000        1.2614802 
       1.0000000        1.0000000        1.0000000        1.0000000       0.14900000        7.0526374        7.0077388       0.13415910       0.14371381      0.081150981      0.086473302      0.042484456      0.042254190       0.67587937       0.70261168       0.66877577       0.69957345       0.67365508       0.69522964        1.0000000        1.8647538        1.0000000        2.0608176        1.0000000        2.2767031        1.0000000       0.81346053        1.0000000        1.0354998        1.0000000        1.2666528 
       1.0000000        1.0000000        1.0000000        1.0000000       0.15000000        7.0348250        6.9901839       0.13422952       0.14431926      0.081227583      0.086877397      0.042520692      0.042425634       0.67594664       0.70415946       0.66898047       0.70055055       0.67370090       0.69595757        1.0000000        1.8694077        1.0000000        2.0650193        1.0000000        2.2822445        1.0000000       0.81811445        1.0000000        1.0397015        1.0000000        1.2721941 
       1.0000000        1.0000000        1.0000000        1.0000000       0.15100000        7.0232664        6.9788798       0.13423912       0.14448206      0.081302721      0.087035949      0.042620942      0.042493608       0.67570103       0.70422787       0.66897247       0.70062503       0.67392150       0.69595249        1.0000000        1.8697187        1.0000000        2.0657090        1.0000000        2.2830590        1.0000000       0.81842540        1.0000000        1.0403912        1.0000000        1.2730087 
       1.0000000        1.0000000        1.0000000        1.0000000       0.15200000        7.0014560        6.9573206       0.13423778       0.14453353      0.081288751      0.087043413      0.042589169      0.042496220       0.67552646       0.70457876       0.66865100       0.70073001       0.67359480       0.69587490        1.0000000        1.8706456        1.0000000        2.0660589        1.0000000        2.2826423        1.0000000       0.81935227        1.0000000        1.0407411        1.0000000        1.2725919 
       1.0000000        1.0000000        1.0000000        1.0000000       0.15300000        6.9862602        6.9423729       0.13424562       0.14438381      0.081323678      0.086835083      0.042586909      0.042421614       0.67543647       0.70438964       0.66879641       0.70020591       0.67367020       0.69485969        1.0000000        1.8700339        1.0000000        2.0643212        1.0000000        2.2777480        1.0000000       0.81874063        1.0000000        1.0390034        1.0000000        1.2676977 
       1.0000000        1.0000000        1.0000000        1.0000000       0.15400000        6.9670980        6.9234559       0.13423206       0.14462782      0.081335658      0.087011386      0.042646797      0.042533957       0.67518278       0.70463256       0.66863638       0.70067392       0.67386810       0.69552331        1.0000000        1.8708878        1.0000000        2.0662980        1.0000000        2.2811147        1.0000000       0.81959448        1.0000000        1.0409802        1.0000000        1.2710644 
       1.0000000        1.0000000        1.0000000        1.0000000       0.15500000        6.9462208        6.9028208       0.13425262       0.14491935      0.081358656      0.087195349      0.042620562      0.042678003       0.67510659       0.70529383       0.66852808       0.70119608       0.67347969       0.69591275        1.0000000        1.8728168        1.0000000        2.0687660        1.0000000        2.2839802        1.0000000       0.82152348        1.0000000        1.0434482        1.0000000        1.2739299 
       1.0000000        1.0000000        1.0000000        1.0000000       0.15600000        6.9248316        6.8816709       0.13423620       0.14507862      0.081345605      0.087310879      0.042607201      0.042668235       0.67518561       0.70547762       0.66868073       0.70135917       0.67383483       0.69598612        1.0000000        1.8734675        1.0000000        2.0695412        1.0000000        2.2844549        1.0000000       0.82217423        1.0000000        1.0442234        1.0000000        1.2744046 
       1.0000000        1.0000000        1.0000000        1.0000000       0.15700000        6.9040783        6.8611541       0.13423942       0.14511630      0.081327497      0.087340422      0.042633732      0.042678673       0.67514733       0.70556372       0.66846885       0.70150296       0.67356536       0.69615506        1.0000000        1.8737428        1.0000000        2.0701811        1.0000000        2.2857767        1.0000000       0.82244954        1.0000000        1.0448633        1.0000000        1.2757264 
       1.0000000        1.0000000        1.0000000        1.0000000       0.15800000        6.8896892        6.8470217       0.13418367       0.14510760      0.081245067      0.087305404      0.042485552      0.042666464       0.67496377       0.70578392       0.66823941       0.70148844       0.67312142       0.69567231        1.0000000        1.8742784        1.0000000        2.0701506        1.0000000        2.2842828        1.0000000       0.82298510        1.0000000        1.0448328        1.0000000        1.2742325 
       1.0000000        1.0000000        1.0000000        1.0000000       0.15900000        6.8714963        6.8290595       0.13423204       0.14518680      0.081271508      0.087386193      0.042528740      0.042696292       0.67519215       0.70588482       0.66849933       0.70166792       0.67361250       0.69587113        1.0000000        1.8746540        1.0000000        2.0709183        1.0000000        2.2850720        1.0000000       0.82336069        1.0000000        1.0456005        1.0000000        1.2750217 
       1.0000000        1.0000000        1.0000000        1.0000000       0.16000000        6.8563945        6.8141855       0.13421992       0.14481518      0.081320164      0.087156031      0.042622803      0.042651826       0.67512295       0.70546163       0.66869034       0.70160592       0.67420774       0.69588994        1.0000000        1.8729744        1.0000000        2.0703039        1.0000000        2.2844922        1.0000000       0.82168110        1.0000000        1.0449861        1.0000000        1.2744419 
