
       1.0000000        1.0000000        1.0000000        1.0000000      0.035000000        10.304690        10.150628       0.14781895       0.15317650      0.083448951      0.086595309      0.041349727      0.041652029       0.75409671       0.76170000       0.70252645       0.71013133       0.68234417       0.68897011        1.0000000        2.0406834        1.0000000        2.1037300        1.0000000        2.2465682        1.0000000       0.98939013        1.0000000        1.0784122        1.0000000        1.2365179 
       1.0000000        1.0000000        1.0000000        1.0000000      0.036000000        10.218394        10.068578       0.14712821       0.15261670      0.083249311      0.086530163      0.041372282      0.041691080       0.75153287       0.75947235       0.70080721       0.70925887       0.68168255       0.68870761        1.0000000        2.0337394        1.0000000        2.1004097        1.0000000        2.2458208        1.0000000       0.98244613        1.0000000        1.0750919        1.0000000        1.2357705 
       1.0000000        1.0000000        1.0000000        1.0000000      0.037000000        10.114069        9.9682458       0.14593448       0.15066435      0.082960268      0.084437947      0.041365313      0.040007528       0.74822047       0.75456587       0.69915363       0.70465242       0.68164295       0.68169360        1.0000000        2.0192544        1.0000000        2.0814927        1.0000000        2.2071821        1.0000000       0.96796106        1.0000000        1.0561749        1.0000000        1.1971318 
       1.0000000        1.0000000        1.0000000        1.0000000      0.038000000        10.065013        9.9229528       0.14541322       0.14987196      0.082663284      0.084484787      0.040948953      0.040098152       0.74548351       0.75217562       0.69703638       0.70390874       0.68001202       0.68162537        1.0000000        2.0115588        1.0000000        2.0780893        1.0000000        2.2095202        1.0000000       0.96026553        1.0000000        1.0527715        1.0000000        1.1994698 
       1.0000000        1.0000000        1.0000000        1.0000000      0.039000000        9.9654810        9.8269731       0.14461353       0.14947257      0.082368158      0.084529205      0.041018148      0.040207377       0.74371812       0.75076024       0.69645331       0.70354293       0.68041965       0.68199314        1.0000000        2.0069000        1.0000000        2.0765180        1.0000000        2.2116232        1.0000000       0.95560673        1.0000000        1.0512002        1.0000000        1.2015729 
       1.0000000        1.0000000        1.0000000        1.0000000      0.040000000        9.8850487        9.7499007       0.14401438       0.14908384      0.082004746      0.084532834      0.040861113      0.040229654       0.74161522       0.74909577       0.69512257       0.70295614       0.67878385       0.68219786        1.0000000        2.0016101        1.0000000        2.0743908        1.0000000        2.2133225        1.0000000       0.95031683        1.0000000        1.0490730        1.0000000        1.2032722 
       1.0000000        1.0000000        1.0000000        1.0000000      0.041000000        9.8145431        9.6825782       0.14358815       0.14877244      0.081882670      0.084358433      0.040780075      0.040088177       0.74036527       0.74774032       0.69468929       0.70253665       0.67857196       0.68137749        1.0000000        1.9973044        1.0000000        2.0727388        1.0000000        2.2074639        1.0000000       0.94601107        1.0000000        1.0474209        1.0000000        1.1974136 
       1.0000000        1.0000000        1.0000000        1.0000000      0.042000000        9.7139590        9.5850147       0.14317783       0.14849525      0.081789128      0.084249511      0.040850179      0.039730744       0.73861031       0.74611547       0.69380142       0.70113900       0.67851967       0.68018791        1.0000000        1.9925195        1.0000000        2.0683132        1.0000000        2.2031735        1.0000000       0.94122624        1.0000000        1.0429954        1.0000000        1.1931232 
       1.0000000        1.0000000        1.0000000        1.0000000      0.043000000        9.6581750        9.5321012       0.14168702       0.14886533      0.080691815      0.084867412      0.040188563      0.040148915       0.73528873       0.74521756       0.69113839       0.70144955       0.67698605       0.68137589        1.0000000        1.9898902        1.0000000        2.0708612        1.0000000        2.2118830        1.0000000       0.93859688        1.0000000        1.0455433        1.0000000        1.2018327 
       1.0000000        1.0000000        1.0000000        1.0000000      0.044000000        9.6340520        9.5107102       0.14069669       0.14854027      0.080302709      0.084851062      0.040109125      0.040169560       0.73116989       0.74322405       0.68837471       0.70070164       0.67539015       0.68153658        1.0000000        1.9840771        1.0000000        2.0683291        1.0000000        2.2114048        1.0000000       0.93278380        1.0000000        1.0430113        1.0000000        1.2013544 
       1.0000000        1.0000000        1.0000000        1.0000000      0.045000000        9.5804585        9.4599737       0.14006626       0.14826711      0.080079654      0.084833664      0.040089939      0.039925587       0.72892999       0.74107387       0.68704347       0.69986792       0.67520353       0.68110754        1.0000000        1.9777316        1.0000000        2.0652255        1.0000000        2.2084665        1.0000000       0.92643830        1.0000000        1.0399077        1.0000000        1.1984162 
       1.0000000        1.0000000        1.0000000        1.0000000      0.046000000        9.5129519        9.3949397       0.13931474       0.14799065      0.079539752      0.084697653      0.039555741      0.039880263       0.72481105       0.73904053       0.68290379       0.69915179       0.66963707       0.68121016        1.0000000        1.9720719        1.0000000        2.0628257        1.0000000        2.2096302        1.0000000       0.92077859        1.0000000        1.0375079        1.0000000        1.1995799 
       1.0000000        1.0000000        1.0000000        1.0000000      0.047000000        9.4493661        9.3337163       0.13843565       0.14791237      0.079145504      0.084756005      0.039436724      0.039852691       0.72141093       0.73773192       0.68090994       0.69878116       0.66638771       0.68124249        1.0000000        1.9683449        1.0000000        2.0621296        1.0000000        2.2106094        1.0000000       0.91705156        1.0000000        1.0368118        1.0000000        1.2005591 
       1.0000000        1.0000000        1.0000000        1.0000000      0.048000000        9.3968795        9.2834894       0.13754167       0.14751422      0.078615257      0.084628974      0.039131084      0.039905102       0.71880652       0.73555731       0.67924096       0.69799976       0.66547201       0.68121409        1.0000000        1.9621605        1.0000000        2.0597297        1.0000000        2.2101018        1.0000000       0.91086716        1.0000000        1.0344119        1.0000000        1.2000515 
       1.0000000        1.0000000        1.0000000        1.0000000      0.049000000        9.3604954        9.2492692       0.13673535       0.14738919      0.078239768      0.084762346      0.038941101      0.039898990       0.71569300       0.73357667       0.67700626       0.69802366       0.66470112       0.68109320        1.0000000        1.9563178        1.0000000        2.0599614        1.0000000        2.2102472        1.0000000       0.90502454        1.0000000        1.0346436        1.0000000        1.2001968 
       1.0000000        1.0000000        1.0000000        1.0000000      0.050000000        9.3266441        9.2174920       0.13644579       0.14545875      0.078173480      0.083302663      0.039083732      0.039043330       0.71416212       0.73121653       0.67582215       0.69657560       0.66472300       0.68031736        1.0000000        1.9475449        1.0000000        2.0512757        1.0000000        2.1991286        1.0000000       0.89625165        1.0000000        1.0259579        1.0000000        1.1890782 
       1.0000000        1.0000000        1.0000000        1.0000000      0.051000000        9.2739625        9.1668005       0.13595052       0.14541087      0.078056044      0.083491359      0.039156636      0.039208535       0.71121612       0.72963060       0.67383746       0.69697041       0.66446340       0.68092019        1.0000000        1.9427622        1.0000000        2.0532612        1.0000000        2.2029738        1.0000000       0.89146888        1.0000000        1.0279434        1.0000000        1.1929235 
       1.0000000        1.0000000        1.0000000        1.0000000      0.052000000        9.2414465        9.1361957       0.13582715       0.14534110      0.078079514      0.083470430      0.039222569      0.039238919       0.70932620       0.72918302       0.67292700       0.69680295       0.66475634       0.68056775        1.0000000        1.9413698        1.0000000        2.0534067        1.0000000        2.2012443        1.0000000       0.89007646        1.0000000        1.0280889        1.0000000        1.1911939 
       1.0000000        1.0000000        1.0000000        1.0000000      0.053000000        9.2151216        9.1117079       0.13545681       0.14539314      0.078060765      0.083652525      0.039366073      0.039253557       0.70789841       0.72751602       0.67241457       0.69677889       0.66543668       0.68083491        1.0000000        1.9368981        1.0000000        2.0540574        1.0000000        2.2029775        1.0000000       0.88560483        1.0000000        1.0287396        1.0000000        1.1929271 
       1.0000000        1.0000000        1.0000000        1.0000000      0.054000000        9.1594803        9.0578341       0.13519790       0.14521824      0.078038294      0.083638927      0.039482062      0.039243752       0.70601031       0.72647769       0.67155691       0.69683252       0.66520856       0.68107444        1.0000000        1.9337543        1.0000000        2.0542966        1.0000000        2.2042299        1.0000000       0.88246103        1.0000000        1.0289788        1.0000000        1.1941796 
       1.0000000        1.0000000        1.0000000        1.0000000      0.055000000        9.1045803        9.0046359       0.13499245       0.14521500      0.078105896      0.083697265      0.039707763      0.039374285       0.70493142       0.72603015       0.67116402       0.69676861       0.66582346       0.68108365        1.0000000        1.9326648        1.0000000        2.0544807        1.0000000        2.2058454        1.0000000       0.88137147        1.0000000        1.0291629        1.0000000        1.1957951 
       1.0000000        1.0000000        1.0000000        1.0000000      0.056000000        9.0561768        8.9580330       0.13476496       0.14520178      0.078077150      0.083793111      0.039665377      0.039349617       0.70380369       0.72489269       0.67028232       0.69610936       0.66631629       0.68159565        1.0000000        1.9296022        1.0000000        2.0522401        1.0000000        2.2079158        1.0000000       0.87830895        1.0000000        1.0269222        1.0000000        1.1978654 
       1.0000000        1.0000000        1.0000000        1.0000000      0.057000000        9.0268492        8.9302811       0.13468700       0.14521380      0.078144498      0.083758249      0.039733056      0.039379330       0.70251229       0.72433643       0.66971999       0.69570453       0.66688283       0.68065083        1.0000000        1.9282416        1.0000000        2.0517544        1.0000000        2.2041380        1.0000000       0.87694833        1.0000000        1.0264366        1.0000000        1.1940876 
       1.0000000        1.0000000        1.0000000        1.0000000      0.058000000        8.9689444        8.8738970       0.13467994       0.14558260      0.078231995      0.084165930      0.039850363      0.039440121       0.70127947       0.72457771       0.66911400       0.69727866       0.66740191       0.68119943        1.0000000        1.9288396        1.0000000        2.0574952        1.0000000        2.2070302        1.0000000       0.87754634        1.0000000        1.0321774        1.0000000        1.1969799 
       1.0000000        1.0000000        1.0000000        1.0000000      0.059000000        8.9190859        8.8255072       0.13442382       0.14541416      0.078172954      0.084171084      0.039846836      0.039561559       0.69999857       0.72349712       0.66833502       0.69725292       0.66749040       0.68201015        1.0000000        1.9258760        1.0000000        2.0569929        1.0000000        2.2111370        1.0000000       0.87458270        1.0000000        1.0316751        1.0000000        1.2010867 
       1.0000000        1.0000000        1.0000000        1.0000000      0.060000000        8.8995570        8.8073975       0.13414472       0.14499689      0.078131458      0.084174712      0.039813842      0.039692262       0.69835746       0.72161329       0.66775441       0.69717841       0.66592494       0.68233816        1.0000000        1.9202005        1.0000000        2.0557909        1.0000000        2.2140126        1.0000000       0.86890725        1.0000000        1.0304731        1.0000000        1.2039623 
       1.0000000        1.0000000        1.0000000        1.0000000      0.061000000        8.8728222        8.7820353       0.13386863       0.14490950      0.078083611      0.084095823      0.039823348      0.039575601       0.69659331       0.72072170       0.66688767       0.69676810       0.66581861       0.68158466        1.0000000        1.9179312        1.0000000        2.0547658        1.0000000        2.2100685        1.0000000       0.86663787        1.0000000        1.0294480        1.0000000        1.2000182 
       1.0000000        1.0000000        1.0000000        1.0000000      0.062000000        8.8289098        8.7394510       0.13388008       0.14508837      0.078176953      0.084278288      0.039912077      0.039686136       0.69608830       0.72073322       0.66709942       0.69706724       0.66617016       0.68191239        1.0000000        1.9180133        1.0000000        2.0559547        1.0000000        2.2125991        1.0000000       0.86671997        1.0000000        1.0306368        1.0000000        1.2025488 
       1.0000000        1.0000000        1.0000000        1.0000000      0.063000000        8.7832630        8.6950901       0.13376810       0.14506031      0.078164144      0.084327631      0.039862977      0.039725366       0.69554724       0.72009285       0.66723643       0.69693563       0.66651438       0.68198290        1.0000000        1.9162541        1.0000000        2.0560435        1.0000000        2.2136664        1.0000000       0.86496083        1.0000000        1.0307257        1.0000000        1.2036160 
       1.0000000        1.0000000        1.0000000        1.0000000      0.064000000        8.7344545        8.6475272       0.13378131       0.14498823      0.078246520      0.084450580      0.039942545      0.039921359       0.69473775       0.71992122       0.66716255       0.69716018       0.66662904       0.68276581        1.0000000        1.9154612        1.0000000        2.0570364        1.0000000        2.2182233        1.0000000       0.86416788        1.0000000        1.0317186        1.0000000        1.2081730 
       1.0000000        1.0000000        1.0000000        1.0000000      0.065000000        8.7225356        8.6368157       0.13346386       0.14460720      0.078241500      0.084197537      0.040097667      0.039780883       0.69359563       0.71890726       0.66704271       0.69681596       0.66822602       0.68265799        1.0000000        1.9122052        1.0000000        2.0548383        1.0000000        2.2157367        1.0000000       0.86091186        1.0000000        1.0295205        1.0000000        1.2056863 
       1.0000000        1.0000000        1.0000000        1.0000000      0.066000000        8.6947625        8.6102135       0.13305797       0.14458961      0.078187716      0.084237216      0.040114731      0.039859509       0.69194206       0.71806947       0.66639603       0.69675432       0.66846588       0.68341002        1.0000000        1.9100082        1.0000000        2.0547367        1.0000000        2.2195146        1.0000000       0.85871493        1.0000000        1.0294189        1.0000000        1.2094642 
       1.0000000        1.0000000        1.0000000        1.0000000      0.067000000        8.6342110        8.5509101       0.13314204       0.14473146      0.078450265      0.084533292      0.040427940      0.040091927       0.69141970       0.71790476       0.66665776       0.69686968       0.66966027       0.68358619        1.0000000        1.9096665        1.0000000        2.0559861        1.0000000        2.2227555        1.0000000       0.85837322        1.0000000        1.0306683        1.0000000        1.2127052 
       1.0000000        1.0000000        1.0000000        1.0000000      0.068000000        8.5958672        8.5136660       0.13303539       0.14446028      0.078456755      0.084402023      0.040360159      0.040048009       0.69057543       0.71736479       0.66658574       0.69647226       0.66972097       0.68360518        1.0000000        1.9078966        1.0000000        2.0543217        1.0000000        2.2217996        1.0000000       0.85660330        1.0000000        1.0290039        1.0000000        1.2117492 
       1.0000000        1.0000000        1.0000000        1.0000000      0.069000000        8.5483410        8.4672079       0.13286025       0.14454389      0.078474328      0.084560199      0.040480589      0.040302215       0.68962803       0.71678652       0.66635450       0.69649162       0.66985755       0.68417556        1.0000000        1.9064483        1.0000000        2.0547679        1.0000000        2.2261076        1.0000000       0.85515503        1.0000000        1.0294501        1.0000000        1.2160573 
       1.0000000        1.0000000        1.0000000        1.0000000      0.070000000        8.5141595        8.4340645       0.13276562       0.14440892      0.078408141      0.084465596      0.040372301      0.040214694       0.68882103       0.71615978       0.66606868       0.69612131       0.66971777       0.68362055        1.0000000        1.9046946        1.0000000        2.0537105        1.0000000        2.2230476        1.0000000       0.85340131        1.0000000        1.0283927        1.0000000        1.2129973 
       1.0000000        1.0000000        1.0000000        1.0000000      0.071000000        8.4727148        8.3936289       0.13267255       0.14428473      0.078482106      0.084422936      0.040524623      0.040282249       0.68809962       0.71582557       0.66615774       0.69586652       0.67046717       0.68391572        1.0000000        1.9035365        1.0000000        2.0527419        1.0000000        2.2238240        1.0000000       0.85224322        1.0000000        1.0274241        1.0000000        1.2137737 
       1.0000000        1.0000000        1.0000000        1.0000000      0.072000000        8.4439574        8.3658529       0.13247022       0.14420909      0.078565598      0.084414944      0.040770703      0.040239023       0.68706131       0.71552429       0.66579244       0.69585602       0.67067523       0.68407577        1.0000000        1.9023936        1.0000000        2.0523073        1.0000000        2.2242105        1.0000000       0.85110033        1.0000000        1.0269894        1.0000000        1.2141602 
       1.0000000        1.0000000        1.0000000        1.0000000      0.073000000        8.4092324        8.3320830       0.13250871       0.14447739      0.078669892      0.084596382      0.040824364      0.040176201       0.68665155       0.71554931       0.66583217       0.69600372       0.67088180       0.68400902        1.0000000        1.9025569        1.0000000        2.0530270        1.0000000        2.2242698        1.0000000       0.85126360        1.0000000        1.0277092        1.0000000        1.2142194 
       1.0000000        1.0000000        1.0000000        1.0000000      0.074000000        8.3749770        8.2987572       0.13231569       0.14465053      0.078608527      0.084709714      0.040758073      0.040210990       0.68542560       0.71540053       0.66527001       0.69625316       0.67088682       0.68399008        1.0000000        1.9023299        1.0000000        2.0542358        1.0000000        2.2244510        1.0000000       0.85103658        1.0000000        1.0289180        1.0000000        1.2144007 
       1.0000000        1.0000000        1.0000000        1.0000000      0.075000000        8.3368507        8.2615362       0.13225248       0.14478130      0.078633706      0.084776544      0.040880855      0.040244190       0.68490528       0.71535802       0.66521324       0.69638641       0.67104075       0.68390888        1.0000000        1.9023747        1.0000000        2.0553176        1.0000000        2.2241242        1.0000000       0.85108144        1.0000000        1.0299998        1.0000000        1.2140739 
       1.0000000        1.0000000        1.0000000        1.0000000      0.076000000        8.3236583        8.2492258       0.13203510       0.14500930      0.078418671      0.084959365      0.040557159      0.040399293       0.68394151       0.71523036       0.66461539       0.69678627       0.67065256       0.68438687        1.0000000        1.9022057        1.0000000        2.0571339        1.0000000        2.2275650        1.0000000       0.85091244        1.0000000        1.0318161        1.0000000        1.2175147 
       1.0000000        1.0000000        1.0000000        1.0000000      0.077000000        8.2943391        8.2207660       0.13190034       0.14499326      0.078517288      0.084940733      0.040763468      0.040323967       0.68268744       0.71483881       0.66447009       0.69702241       0.67071182       0.68453822        1.0000000        1.9009766        1.0000000        2.0575913        1.0000000        2.2279420        1.0000000       0.84968331        1.0000000        1.0322735        1.0000000        1.2178917 
       1.0000000        1.0000000        1.0000000        1.0000000      0.078000000        8.2596376        8.1869024       0.13183093       0.14481650      0.078515687      0.084980900      0.040782113      0.040450858       0.68207523       0.71367075       0.66424108       0.69697855       0.67063849       0.68528563        1.0000000        1.8975557        1.0000000        2.0568527        1.0000000        2.2304036        1.0000000       0.84626239        1.0000000        1.0315349        1.0000000        1.2203532 
       1.0000000        1.0000000        1.0000000        1.0000000      0.079000000        8.2540838        8.1822463       0.13174527       0.14459686      0.078536416      0.084866221      0.040813311      0.040506522       0.68139769       0.71269456       0.66403355       0.69661788       0.67077048       0.68552918        1.0000000        1.8947855        1.0000000        2.0553694        1.0000000        2.2313346        1.0000000       0.84349220        1.0000000        1.0300516        1.0000000        1.2212842 
       1.0000000        1.0000000        1.0000000        1.0000000      0.080000000        8.2122081        8.1411659       0.13161767       0.14469123      0.078491938      0.084923502      0.040781401      0.040556240       0.68065283       0.71241623       0.66373752       0.69697836       0.67076903       0.68593852        1.0000000        1.8941096        1.0000000        2.0565341        1.0000000        2.2323978        1.0000000       0.84281632        1.0000000        1.0312163        1.0000000        1.2223475 
       1.0000000        1.0000000        1.0000000        1.0000000      0.081000000        8.1981792        8.1279132       0.13154470       0.14454982      0.078443660      0.084816193      0.040696286      0.040459301       0.68001552       0.71220340       0.66347775       0.69687954       0.67034401       0.68584324        1.0000000        1.8934397        1.0000000        2.0560582        1.0000000        2.2310744        1.0000000       0.84214643        1.0000000        1.0307404        1.0000000        1.2210241 
       1.0000000        1.0000000        1.0000000        1.0000000      0.082000000        8.1972071        8.1276987       0.13155778       0.14442458      0.078483317      0.084762616      0.040691175      0.040522146       0.67969815       0.71188033       0.66382800       0.69647301       0.67076890       0.68589135        1.0000000        1.8924697        1.0000000        2.0542095        1.0000000        2.2312292        1.0000000       0.84117640        1.0000000        1.0288917        1.0000000        1.2211789 
       1.0000000        1.0000000        1.0000000        1.0000000      0.083000000        8.1664295        8.0976611       0.13149572       0.14427156      0.078420852      0.084601133      0.040589044      0.040336111       0.67920237       0.71140056       0.66376385       0.69615186       0.67085995       0.68540023        1.0000000        1.8912496        1.0000000        2.0529310        1.0000000        2.2283108        1.0000000       0.83995635        1.0000000        1.0276132        1.0000000        1.2182604 
       1.0000000        1.0000000        1.0000000        1.0000000      0.084000000        8.1380207        8.0699751       0.13136144       0.14398161      0.078320063      0.084255333      0.040497882      0.040053477       0.67838163       0.71055355       0.66336578       0.69505754       0.66982145       0.68359445        1.0000000        1.8891052        1.0000000        2.0494026        1.0000000        2.2185337        1.0000000       0.83781189        1.0000000        1.0240848        1.0000000        1.2084834 
       1.0000000        1.0000000        1.0000000        1.0000000      0.085000000        8.1341489        8.0668097       0.13134454       0.14387365      0.078336593      0.084254849      0.040460609      0.040018506       0.67800633       0.70959751       0.66358480       0.69445996       0.67025769       0.68298850        1.0000000        1.8865466        1.0000000        2.0471225        1.0000000        2.2167898        1.0000000       0.83525331        1.0000000        1.0218047        1.0000000        1.2067395 
       1.0000000        1.0000000        1.0000000        1.0000000      0.086000000        8.1192965        8.0526477       0.13122893       0.14387584      0.078292743      0.084280053      0.040424202      0.039965167       0.67716600       0.70933781       0.66355121       0.69449956       0.67064878       0.68298838        1.0000000        1.8858925        1.0000000        2.0471291        1.0000000        2.2166225        1.0000000       0.83459920        1.0000000        1.0218113        1.0000000        1.2065722 
       1.0000000        1.0000000        1.0000000        1.0000000      0.087000000        8.1063647        8.0403909       0.13126276       0.14409334      0.078369252      0.084546583      0.040421837      0.040305268       0.67683767       0.71005691       0.66400952       0.69550007       0.67072889       0.68482815        1.0000000        1.8877644        1.0000000        2.0503259        1.0000000        2.2253900        1.0000000       0.83647110        1.0000000        1.0250081        1.0000000        1.2153396 
       1.0000000        1.0000000        1.0000000        1.0000000      0.088000000        8.0884853        8.0231716       0.13107731       0.14435121      0.078368808      0.084740074      0.040512610      0.040199011       0.67594610       0.70996128       0.66361708       0.69619615       0.67122417       0.68463018        1.0000000        1.8873196        1.0000000        2.0528196        1.0000000        2.2246821        1.0000000       0.83602634        1.0000000        1.0275018        1.0000000        1.2146318 
       1.0000000        1.0000000        1.0000000        1.0000000      0.089000000        8.0794965        8.0148287       0.13108193       0.14454102      0.078490975      0.084900766      0.040665338      0.040284887       0.67541947       0.71049289       0.66378572       0.69674922       0.67124016       0.68515065        1.0000000        1.8887697        1.0000000        2.0546468        1.0000000        2.2271657        1.0000000       0.83747645        1.0000000        1.0293290        1.0000000        1.2171153 
       1.0000000        1.0000000        1.0000000        1.0000000      0.090000000        8.0553810        7.9914076       0.13118761       0.14471306      0.078719454      0.085119957      0.040952900      0.040402171       0.67526552       0.71090379       0.66445755       0.69701950       0.67254961       0.68539767        1.0000000        1.8899990        1.0000000        2.0556771        1.0000000        2.2293035        1.0000000       0.83870568        1.0000000        1.0303592        1.0000000        1.2192532 
       1.0000000        1.0000000        1.0000000        1.0000000      0.091000000        8.0304393        7.9670831       0.13114582       0.14475494      0.078733484      0.085124925      0.040924584      0.040322343       0.67464930       0.71088516       0.66477038       0.69708672       0.67283899       0.68523007        1.0000000        1.8900645        1.0000000        2.0559868        1.0000000        2.2286571        1.0000000       0.83877119        1.0000000        1.0306690        1.0000000        1.2186067 
       1.0000000        1.0000000        1.0000000        1.0000000      0.092000000        8.0079594        7.9452075       0.13118956       0.14472592      0.078827591      0.085113760      0.041040239      0.040281886       0.67423679       0.71002503       0.66475771       0.69677590       0.67287694       0.68470396        1.0000000        1.8878433        1.0000000        2.0551883        1.0000000        2.2267664        1.0000000       0.83655000        1.0000000        1.0298704        1.0000000        1.2167160 
       1.0000000        1.0000000        1.0000000        1.0000000      0.093000000        8.0023884        7.9402282       0.13108445       0.14471463      0.078841847      0.085232779      0.041055494      0.040549399       0.67370034       0.70935581       0.66465529       0.69653280       0.67290444       0.68568243        1.0000000        1.8860080        1.0000000        2.0540446        1.0000000        2.2311309        1.0000000       0.83471468        1.0000000        1.0287268        1.0000000        1.2210805 
       1.0000000        1.0000000        1.0000000        1.0000000      0.094000000        7.9761868        7.9146063       0.13100234       0.14487224      0.078793292      0.085357855      0.041006271      0.040610063       0.67317391       0.70940185       0.66469709       0.69675549       0.67302189       0.68584082        1.0000000        1.8862677        1.0000000        2.0549253        1.0000000        2.2320839        1.0000000       0.83497445        1.0000000        1.0296074        1.0000000        1.2220336 
       1.0000000        1.0000000        1.0000000        1.0000000      0.095000000        7.9583761        7.8973635       0.13075904       0.14468784      0.078632829      0.085321311      0.040914587      0.040686148       0.67217463       0.70889534       0.66410341       0.69674900       0.67278349       0.68677822        1.0000000        1.8846540        1.0000000        2.0541394        1.0000000        2.2355291        1.0000000       0.83336070        1.0000000        1.0288216        1.0000000        1.2254788 
       1.0000000        1.0000000        1.0000000        1.0000000      0.096000000        7.9336222        7.8731662       0.13077732       0.14476944      0.078671564      0.085363425      0.040868389      0.040736175       0.67174766       0.70907709       0.66428892       0.69701905       0.67274572       0.68680469        1.0000000        1.8851750        1.0000000        2.0552862        1.0000000        2.2359305        1.0000000       0.83388172        1.0000000        1.0299684        1.0000000        1.2258802 
       1.0000000        1.0000000        1.0000000        1.0000000      0.097000000        7.9238856        7.8639750       0.13068850       0.14494298      0.078628888      0.085619115      0.040853189      0.040848024       0.67113971       0.70924343       0.66394896       0.69761213       0.67216303       0.68741047        1.0000000        1.8855551        1.0000000        2.0571409        1.0000000        2.2398828        1.0000000       0.83426178        1.0000000        1.0318231        1.0000000        1.2298324 
       1.0000000        1.0000000        1.0000000        1.0000000      0.098000000        7.9114623        7.8520866       0.13059792       0.14497088      0.078575596      0.085744850      0.040799627      0.040944960       0.67065293       0.70911982       0.66378359       0.69788353       0.67206718       0.68794979        1.0000000        1.8850227        1.0000000        2.0580230        1.0000000        2.2443699        1.0000000       0.83372937        1.0000000        1.0327052        1.0000000        1.2343196 
       1.0000000        1.0000000        1.0000000        1.0000000      0.099000000        7.8967283        7.8378770       0.13054232       0.14525559      0.078533270      0.086042339      0.040752176      0.041210929       0.67041641       0.70977130       0.66377925       0.69914987       0.67219890       0.69034917        1.0000000        1.8868449        1.0000000        2.0617925        1.0000000        2.2524165        1.0000000       0.83555156        1.0000000        1.0364747        1.0000000        1.2423662 
       1.0000000        1.0000000        1.0000000        1.0000000       0.10000000        7.8725488        7.8142119       0.13049179       0.14522490      0.078574359      0.086008073      0.040844457      0.041173086       0.66972495       0.70978500       0.66393006       0.69911912       0.67249260       0.69036537        1.0000000        1.8868585        1.0000000        2.0615370        1.0000000        2.2520328        1.0000000       0.83556518        1.0000000        1.0362191        1.0000000        1.2419825 
       1.0000000        1.0000000        1.0000000        1.0000000       0.10100000        7.8496965        7.7919142       0.13042568       0.14517100      0.078568212      0.086044044      0.040841542      0.041169922       0.66934958       0.70951739       0.66394840       0.69925145       0.67262910       0.69076646        1.0000000        1.8859206        1.0000000        2.0615820        1.0000000        2.2539324        1.0000000       0.83462734        1.0000000        1.0362642        1.0000000        1.2438820 
       1.0000000        1.0000000        1.0000000        1.0000000       0.10200000        7.8260731        7.7687850       0.13032646       0.14531086      0.078551569      0.086218906      0.040884997      0.041245664       0.66887915       0.70958488       0.66387715       0.69951579       0.67309405       0.69144953        1.0000000        1.8862200        1.0000000        2.0624598        1.0000000        2.2568789        1.0000000       0.83492666        1.0000000        1.0371420        1.0000000        1.2468286 
       1.0000000        1.0000000        1.0000000        1.0000000       0.10300000        7.7965499        7.7397469       0.13022857       0.14565492      0.078390920      0.086490723      0.040686303      0.041356928       0.66857353       0.70992725       0.66372488       0.69985967       0.67286339       0.69157729        1.0000000        1.8874525        1.0000000        2.0642301        1.0000000        2.2587773        1.0000000       0.83615916        1.0000000        1.0389123        1.0000000        1.2487269 
       1.0000000        1.0000000        1.0000000        1.0000000       0.10400000        7.7812618        7.7249349       0.13023174       0.14581118      0.078429483      0.086631675      0.040741904      0.041478943       0.66841955       0.71032963       0.66375866       0.70013896       0.67302484       0.69204328        1.0000000        1.8886461        1.0000000        2.0653689        1.0000000        2.2616509        1.0000000       0.83735278        1.0000000        1.0400511        1.0000000        1.2516006 
       1.0000000        1.0000000        1.0000000        1.0000000       0.10500000        7.7730225        7.7171631       0.13021469       0.14583967      0.078537366      0.086733160      0.040949654      0.041623062       0.66801421       0.71073622       0.66374194       0.70064296       0.67357783       0.69220048        1.0000000        1.8895436        1.0000000        2.0672291        1.0000000        2.2642296        1.0000000       0.83825035        1.0000000        1.0419113        1.0000000        1.2541793 
       1.0000000        1.0000000        1.0000000        1.0000000       0.10600000        7.7480817        7.6926814       0.13025411       0.14592046      0.078540698      0.086811092      0.040926678      0.041615372       0.66779366       0.71078387       0.66384843       0.70071782       0.67348156       0.69202231        1.0000000        1.8897288        1.0000000        2.0676901        1.0000000        2.2635487        1.0000000       0.83843550        1.0000000        1.0423723        1.0000000        1.2534983 
       1.0000000        1.0000000        1.0000000        1.0000000       0.10700000        7.7284588        7.6735093       0.13024274       0.14612405      0.078548707      0.087026336      0.040934465      0.041677594       0.66766669       0.71098786       0.66390683       0.70149106       0.67345586       0.69279419        1.0000000        1.8902228        1.0000000        2.0702037        1.0000000        2.2675331        1.0000000       0.83892949        1.0000000        1.0448859        1.0000000        1.2574827 
       1.0000000        1.0000000        1.0000000        1.0000000       0.10800000        7.7122105        7.6577040       0.13017373       0.14643219      0.078489453      0.087303749      0.040873093      0.041855342       0.66733875       0.71124387       0.66361918       0.70185585       0.67297686       0.69331783        1.0000000        1.8911192        1.0000000        2.0717026        1.0000000        2.2702731        1.0000000       0.83982591        1.0000000        1.0463848        1.0000000        1.2602228 
       1.0000000        1.0000000        1.0000000        1.0000000       0.10900000        7.6827005        7.6286291       0.13012593       0.14654724      0.078441074      0.087422789      0.040792377      0.041924078       0.66693422       0.71144462       0.66310709       0.70238014       0.67214547       0.69348056        1.0000000        1.8916323        1.0000000        2.0736647        1.0000000        2.2718726        1.0000000       0.84033898        1.0000000        1.0483469        1.0000000        1.2618223 
       1.0000000        1.0000000        1.0000000        1.0000000       0.11000000        7.6634388        7.6097950       0.13025858       0.14664235      0.078628979      0.087661503      0.040934078      0.042206860       0.66698264       0.71141871       0.66375771       0.70276629       0.67294933       0.69414449        1.0000000        1.8914082        1.0000000        2.0750579        1.0000000        2.2765427        1.0000000       0.84011492        1.0000000        1.0497401        1.0000000        1.2664924 
       1.0000000        1.0000000        1.0000000        1.0000000       0.11100000        7.6439985        7.5907750       0.13020652       0.14639013      0.078573017      0.087427011      0.040927994      0.041989850       0.66682998       0.71097259       0.66358534       0.70224416       0.67292335       0.69358201        1.0000000        1.8901166        1.0000000        2.0731042        1.0000000        2.2728579        1.0000000       0.83882335        1.0000000        1.0477864        1.0000000        1.2628075 
       1.0000000        1.0000000        1.0000000        1.0000000       0.11200000        7.6307751        7.5779647       0.13015612       0.14637261      0.078536532      0.087413495      0.040874858      0.041940495       0.66655772       0.71078006       0.66361566       0.70209436       0.67301220       0.69327945        1.0000000        1.8896263        1.0000000        2.0729037        1.0000000        2.2715044        1.0000000       0.83833305        1.0000000        1.0475859        1.0000000        1.2614541 
       1.0000000        1.0000000        1.0000000        1.0000000       0.11300000        7.6105536        7.5581897       0.12989893       0.14549141      0.078363852      0.086718848      0.040727153      0.041452399       0.66536854       0.70856902       0.66270077       0.70003190       0.67235288       0.69116902        1.0000000        1.8831576        1.0000000        2.0653832        1.0000000        2.2601948        1.0000000       0.83186435        1.0000000        1.0400654        1.0000000        1.2501445 
       1.0000000        1.0000000        1.0000000        1.0000000       0.11400000        7.5865897        7.5346245       0.12991725       0.14567861      0.078413614      0.086938043      0.040793204      0.041628680       0.66538187       0.70897413       0.66267129       0.70061399       0.67254961       0.69174108        1.0000000        1.8842738        1.0000000        2.0674137        1.0000000        2.2639996        1.0000000       0.83298048        1.0000000        1.0420959        1.0000000        1.2539493 
       1.0000000        1.0000000        1.0000000        1.0000000       0.11500000        7.5741427        7.5225696       0.12985812       0.14552767      0.078364135      0.086744073      0.040771894      0.041467769       0.66537394       0.70856778       0.66262398       0.69972496       0.67255579       0.69061163        1.0000000        1.8831391        1.0000000        2.0648512        1.0000000        2.2598868        1.0000000       0.83184580        1.0000000        1.0395334        1.0000000        1.2498365 
       1.0000000        1.0000000        1.0000000        1.0000000       0.11600000        7.5556246        7.5044372       0.12982578       0.14549680      0.078338966      0.086716997      0.040768021      0.041466013       0.66512719       0.70848272       0.66249404       0.69966263       0.67261763       0.69069576        1.0000000        1.8829333        1.0000000        2.0646509        1.0000000        2.2602690        1.0000000       0.83164003        1.0000000        1.0393331        1.0000000        1.2502186 
       1.0000000        1.0000000        1.0000000        1.0000000       0.11700000        7.5436652        7.4928573       0.12982863       0.14547558      0.078334188      0.086721453      0.040750788      0.041436440       0.66495137       0.70855101       0.66242943       0.69996755       0.67273403       0.69113854        1.0000000        1.8830461        1.0000000        2.0654958        1.0000000        2.2619407        1.0000000       0.83175281        1.0000000        1.0401780        1.0000000        1.2518903 
       1.0000000        1.0000000        1.0000000        1.0000000       0.11800000        7.5263960        7.4759615       0.12978230       0.14551566      0.078285698      0.086766680      0.040746071      0.041452134       0.66485662       0.70853866       0.66224217       0.70008185       0.67278995       0.69127134        1.0000000        1.8830270        1.0000000        2.0659333        1.0000000        2.2626511        1.0000000       0.83173368        1.0000000        1.0406155        1.0000000        1.2526008 
       1.0000000        1.0000000        1.0000000        1.0000000       0.11900000        7.5023351        7.4522680       0.12978804       0.14544404      0.078246089      0.086723209      0.040698321      0.041435495       0.66493789       0.70843714       0.66222566       0.70007693       0.67250908       0.69126755        1.0000000        1.8826664        1.0000000        2.0657765        1.0000000        2.2626927        1.0000000       0.83137310        1.0000000        1.0404587        1.0000000        1.2526424 
       1.0000000        1.0000000        1.0000000        1.0000000       0.12000000        7.4843224        7.4346169       0.12981166       0.14546097      0.078250663      0.086789618      0.040688573      0.041589585       0.66503604       0.70880457       0.66220505       0.70069105       0.67241920       0.69189768        1.0000000        1.8834991        1.0000000        2.0676540        1.0000000        2.2659019        1.0000000       0.83220580        1.0000000        1.0423362        1.0000000        1.2558516 
       1.0000000        1.0000000        1.0000000        1.0000000       0.12100000        7.4692575        7.4199080       0.12989839       0.14535508      0.078326700      0.086704921      0.040719453      0.041563792       0.66531288       0.70868009       0.66258419       0.70057238       0.67279483       0.69190481        1.0000000        1.8830943        1.0000000        2.0669615        1.0000000        2.2657146        1.0000000       0.83180103        1.0000000        1.0416437        1.0000000        1.2556642 
       1.0000000        1.0000000        1.0000000        1.0000000       0.12200000        7.4521141        7.4031150       0.12982180       0.14530539      0.078263555      0.086698177      0.040698342      0.041589013       0.66511880       0.70827004       0.66237617       0.70030061       0.67285348       0.69269003        1.0000000        1.8820722        1.0000000        2.0657730        1.0000000        2.2670056        1.0000000       0.83077886        1.0000000        1.0404552        1.0000000        1.2569552 
       1.0000000        1.0000000        1.0000000        1.0000000       0.12300000        7.4299298        7.3812757       0.12982875       0.14493880      0.078231481      0.086301324      0.040651442      0.041337748       0.66512110       0.70732851       0.66252421       0.69907541       0.67269680       0.69124021        1.0000000        1.8795113        1.0000000        2.0617411        1.0000000        2.2592841        1.0000000       0.82821803        1.0000000        1.0364233        1.0000000        1.2492337 
       1.0000000        1.0000000        1.0000000        1.0000000       0.12400000        7.4069488        7.3586682       0.12969688       0.14498907      0.078174635      0.086424842      0.040693848      0.041378016       0.66475446       0.70686692       0.66208191       0.69976503       0.67266770       0.69210999        1.0000000        1.8780988        1.0000000        2.0636517        1.0000000        2.2612841        1.0000000       0.82680548        1.0000000        1.0383339        1.0000000        1.2512337 
       1.0000000        1.0000000        1.0000000        1.0000000       0.12500000        7.3823106        7.3343641       0.12974755       0.14502404      0.078212374      0.086446339      0.040687323      0.041409756       0.66481973       0.70685912       0.66231021       0.69989053       0.67278924       0.69222971        1.0000000        1.8780607        1.0000000        2.0641452        1.0000000        2.2617113        1.0000000       0.82676736        1.0000000        1.0388274        1.0000000        1.2516610 
       1.0000000        1.0000000        1.0000000        1.0000000       0.12600000        7.3639753        7.3163580       0.12969605       0.14492058      0.078212387      0.086358932      0.040732624      0.041490061       0.66474030       0.70704098       0.66236971       0.70043650       0.67306143       0.69452261        1.0000000        1.8785805        1.0000000        2.0649052        1.0000000        2.2661966        1.0000000       0.82728720        1.0000000        1.0395874        1.0000000        1.2561463 
       1.0000000        1.0000000        1.0000000        1.0000000       0.12700000        7.3424371        7.2951439       0.12965655       0.14498619      0.078213000      0.086378418      0.040736446      0.041414918       0.66440588       0.70688101       0.66237569       0.70008238       0.67311644       0.69378783        1.0000000        1.8782379        1.0000000        2.0642144        1.0000000        2.2639140        1.0000000       0.82694460        1.0000000        1.0388966        1.0000000        1.2538636 
       1.0000000        1.0000000        1.0000000        1.0000000       0.12800000        7.3280009        7.2810271       0.12973486       0.14485327      0.078272818      0.086320188      0.040751044      0.041502748       0.66456466       0.70661003       0.66256000       0.70020893       0.67304813       0.69456226        1.0000000        1.8773575        1.0000000        2.0641269        1.0000000        2.2661529        1.0000000       0.82606421        1.0000000        1.0388091        1.0000000        1.2561026 
       1.0000000        1.0000000        1.0000000        1.0000000       0.12900000        7.3114872        7.2648282       0.12972135       0.14477803      0.078298736      0.086283693      0.040751877      0.041507921       0.66444781       0.70661958       0.66277802       0.70042512       0.67318449       0.69472596        1.0000000        1.8772326        1.0000000        2.0644734        1.0000000        2.2664900        1.0000000       0.82593931        1.0000000        1.0391556        1.0000000        1.2564397 
       1.0000000        1.0000000        1.0000000        1.0000000       0.13000000        7.2942709        7.2479220       0.12964706       0.14498395      0.078230922      0.086427257      0.040737822      0.041569293       0.66453224       0.70692260       0.66236910       0.70074055       0.67279527       0.69489931        1.0000000        1.8782003        1.0000000        2.0659248        1.0000000        2.2681763        1.0000000       0.82690701        1.0000000        1.0406070        1.0000000        1.2581260 
       1.0000000        1.0000000        1.0000000        1.0000000       0.13100000        7.2783061        7.2322630       0.12966399       0.14498396      0.078257842      0.086350570      0.040765210      0.041499112       0.66479436       0.70716016       0.66275680       0.70071089       0.67300871       0.69506703        1.0000000        1.8789775        1.0000000        2.0658009        1.0000000        2.2676161        1.0000000       0.82768417        1.0000000        1.0404831        1.0000000        1.2575658 
       1.0000000        1.0000000        1.0000000        1.0000000       0.13200000        7.2624259        7.2166841       0.12972362       0.14499318      0.078283169      0.086526112      0.040725021      0.041561801       0.66482635       0.70693679       0.66277983       0.70090796       0.67268391       0.69533179        1.0000000        1.8781200        1.0000000        2.0662134        1.0000000        2.2695281        1.0000000       0.82682667        1.0000000        1.0408955        1.0000000        1.2594778 
       1.0000000        1.0000000        1.0000000        1.0000000       0.13300000        7.2447844        7.1993396       0.12970819       0.14529912      0.078259470      0.086796788      0.040720277      0.041682384       0.66471847       0.70747048       0.66262542       0.70161131       0.67239750       0.69592206        1.0000000        1.8796619        1.0000000        2.0688545        1.0000000        2.2732980        1.0000000       0.82836861        1.0000000        1.0435367        1.0000000        1.2632477 
       1.0000000        1.0000000        1.0000000        1.0000000       0.13400000        7.2159289        7.1707770       0.12975336       0.14559969      0.078341301      0.087006602      0.040795069      0.041838724       0.66466407       0.70871626       0.66260102       0.70285015       0.67241540       0.69689225        1.0000000        1.8830275        1.0000000        2.0731087        1.0000000        2.2783009        1.0000000       0.83173421        1.0000000        1.0477909        1.0000000        1.2682506 
       1.0000000        1.0000000        1.0000000        1.0000000       0.13500000        7.1885948        7.1437603       0.12960954       0.14534915      0.078182907      0.086960633      0.040655911      0.041904311       0.66437167       0.70851248       0.66217675       0.70318410       0.67182577       0.69743838        1.0000000        1.8820604        1.0000000        2.0736146        1.0000000        2.2810687        1.0000000       0.83076709        1.0000000        1.0482968        1.0000000        1.2710183 
       1.0000000        1.0000000        1.0000000        1.0000000       0.13600000        7.1727394        7.1281893       0.12968762       0.14544281      0.078280668      0.087026412      0.040744839      0.041918266       0.66445273       0.70857596       0.66247885       0.70314819       0.67223835       0.69736953        1.0000000        1.8823665        1.0000000        2.0737238        1.0000000        2.2815248        1.0000000       0.83107316        1.0000000        1.0484060        1.0000000        1.2714745 
       1.0000000        1.0000000        1.0000000        1.0000000       0.13700000        7.1659878        7.1217182       0.12965669       0.14561993      0.078235154      0.087212672      0.040680840      0.042015791       0.66392687       0.70877394       0.66186230       0.70349952       0.67148662       0.69818882        1.0000000        1.8830781        1.0000000        2.0750675        1.0000000        2.2853382        1.0000000       0.83178478        1.0000000        1.0497497        1.0000000        1.2752878 
       1.0000000        1.0000000        1.0000000        1.0000000       0.13800000        7.1524621        7.1084691       0.12962469       0.14562791      0.078192620      0.087257217      0.040638489      0.042045117       0.66375327       0.70866508       0.66164846       0.70362617       0.67111392       0.69839204        1.0000000        1.8827151        1.0000000        2.0753262        1.0000000        2.2861669        1.0000000       0.83142184        1.0000000        1.0500084        1.0000000        1.2761165 
       1.0000000        1.0000000        1.0000000        1.0000000       0.13900000        7.1331908        7.0894707       0.12948033       0.14571125      0.078038367      0.087362016      0.040522603      0.042135689       0.66326826       0.70880682       0.66075053       0.70395371       0.67009425       0.69867843        1.0000000        1.8830390        1.0000000        2.0765552        1.0000000        2.2884592        1.0000000       0.83174567        1.0000000        1.0512374        1.0000000        1.2784088 
       1.0000000        1.0000000        1.0000000        1.0000000       0.14000000        7.1210144        7.0775636       0.12939437       0.14580665      0.078013619      0.087429887      0.040535213      0.042151155       0.66268827       0.70905707       0.66026597       0.70404455       0.67002523       0.69879327        1.0000000        1.8838375        1.0000000        2.0770438        1.0000000        2.2891559        1.0000000       0.83254425        1.0000000        1.0517260        1.0000000        1.2791055 
       1.0000000        1.0000000        1.0000000        1.0000000       0.14100000        7.1118833        7.0686982       0.12936305       0.14580775      0.078059793      0.087484585      0.040569991      0.042183335       0.66275844       0.70896651       0.66047365       0.70413187       0.67027672       0.69890416        1.0000000        1.8834897        1.0000000        2.0772234        1.0000000        2.2901565        1.0000000       0.83219637        1.0000000        1.0519056        1.0000000        1.2801062 
       1.0000000        1.0000000        1.0000000        1.0000000       0.14200000        7.1076289        7.0647059       0.12939992       0.14560498      0.078103862      0.087463534      0.040596206      0.042424311       0.66274219       0.70860843       0.66064570       0.70412365       0.67069034       0.69901951        1.0000000        1.8823160        1.0000000        2.0774801        1.0000000        2.2927594        1.0000000       0.83102267        1.0000000        1.0521623        1.0000000        1.2827091 
       1.0000000        1.0000000        1.0000000        1.0000000       0.14300000        7.0937831        7.0511188       0.12937774       0.14556624      0.078067055      0.087484055      0.040588765      0.042473295       0.66273532       0.70839259       0.66048397       0.70447222       0.67049727       0.69976015        1.0000000        1.8816059        1.0000000        2.0782628        1.0000000        2.2942091        1.0000000       0.83031258        1.0000000        1.0529450        1.0000000        1.2841588 
       1.0000000        1.0000000        1.0000000        1.0000000       0.14400000        7.0784709        7.0360618       0.12948479       0.14563435      0.078156135      0.087535264      0.040634398      0.042485837       0.66295415       0.70844178       0.66071665       0.70460940       0.67032205       0.69981166        1.0000000        1.8817746        1.0000000        2.0788495        1.0000000        2.2946925        1.0000000       0.83048129        1.0000000        1.0535317        1.0000000        1.2846422 
       1.0000000        1.0000000        1.0000000        1.0000000       0.14500000        7.0634104        7.0212533       0.12954623       0.14570604      0.078210121      0.087714883      0.040678081      0.042796871       0.66313615       0.70869200       0.66089668       0.70511316       0.67042029       0.70058518        1.0000000        1.8822959        1.0000000        2.0804449        1.0000000        2.2995377        1.0000000       0.83100261        1.0000000        1.0551270        1.0000000        1.2894873 
       1.0000000        1.0000000        1.0000000        1.0000000       0.14600000        7.0455659        7.0036576       0.12956834       0.14540480      0.078241905      0.087507417      0.040702919      0.042687097       0.66327492       0.70732959       0.66111035       0.70412948       0.67068527       0.69966381        1.0000000        1.8784570        1.0000000        2.0773747        1.0000000        2.2950399        1.0000000       0.82716371        1.0000000        1.0520568        1.0000000        1.2849896 
       1.0000000        1.0000000        1.0000000        1.0000000       0.14700000        7.0221039        6.9804656       0.12957407       0.14544268      0.078229277      0.087496332      0.040671625      0.042682197       0.66327258       0.70734308       0.66113579       0.70418689       0.67067116       0.69999129        1.0000000        1.8785607        1.0000000        2.0773296        1.0000000        2.2956604        1.0000000       0.82726739        1.0000000        1.0520117        1.0000000        1.2856101 
       1.0000000        1.0000000        1.0000000        1.0000000       0.14800000        7.0056678        6.9642717       0.12951517       0.14551279      0.078172419      0.087545274      0.040625364      0.042663207       0.66292674       0.70748159       0.66097225       0.70435371       0.67044950       0.69984097        1.0000000        1.8789504        1.0000000        2.0779670        1.0000000        2.2957691        1.0000000       0.82765711        1.0000000        1.0526492        1.0000000        1.2857188 
       1.0000000        1.0000000        1.0000000        1.0000000       0.14900000        6.9823843        6.9412272       0.12963703       0.14566193      0.078291316      0.087666312      0.040707756      0.042775542       0.66328704       0.70762467       0.66148742       0.70493294       0.67100596       0.70020878        1.0000000        1.8794440        1.0000000        2.0802484        1.0000000        2.2977389        1.0000000       0.82815068        1.0000000        1.0549306        1.0000000        1.2876886 
       1.0000000        1.0000000        1.0000000        1.0000000       0.15000000        6.9667110        6.9257901       0.12960037       0.14556151      0.078214955      0.087549294      0.040608775      0.042699860       0.66306371       0.70741293       0.66111114       0.70478781       0.67029188       0.70027076        1.0000000        1.8788570        1.0000000        2.0794955        1.0000000        2.2965011        1.0000000       0.82756371        1.0000000        1.0541777        1.0000000        1.2864508 
       1.0000000        1.0000000        1.0000000        1.0000000       0.15100000        6.9620086        6.9213208       0.12958217       0.14554580      0.078236866      0.087548578      0.040629476      0.042672247       0.66304887       0.70716265       0.66120410       0.70452422       0.67064350       0.70001313        1.0000000        1.8781610        1.0000000        2.0786779        1.0000000        2.2956147        1.0000000       0.82686766        1.0000000        1.0533601        1.0000000        1.2855644 
       1.0000000        1.0000000        1.0000000        1.0000000       0.15200000        6.9495858        6.9091283       0.12956328       0.14527849      0.078262151      0.087333637      0.040659833      0.042607503       0.66297138       0.70619091       0.66146136       0.70332924       0.67091957       0.69857762        1.0000000        1.8755114        1.0000000        2.0748409        1.0000000        2.2891855        1.0000000       0.82421807        1.0000000        1.0495231        1.0000000        1.2791352 
       1.0000000        1.0000000        1.0000000        1.0000000       0.15300000        6.9337676        6.8935376       0.12949924       0.14524754      0.078222644      0.087317442      0.040664546      0.042605195       0.66255353       0.70609167       0.66092778       0.70338129       0.67074941       0.69868649        1.0000000        1.8751987        1.0000000        2.0750028        1.0000000        2.2895313        1.0000000       0.82390539        1.0000000        1.0496850        1.0000000        1.2794810 
       1.0000000        1.0000000        1.0000000        1.0000000       0.15400000        6.9185904        6.8785851       0.12947275       0.14509170      0.078203481      0.087344046      0.040668273      0.042628757       0.66241422       0.70562174       0.66063896       0.70323087       0.67031861       0.69868003        1.0000000        1.8736983        1.0000000        2.0742740        1.0000000        2.2898893        1.0000000       0.82240498        1.0000000        1.0489562        1.0000000        1.2798389 
       1.0000000        1.0000000        1.0000000        1.0000000       0.15500000        6.9016546        6.8618713       0.12947625       0.14510872      0.078180325      0.087436981      0.040655864      0.042818442       0.66258518       0.70571941       0.66064247       0.70401425       0.67013829       0.70017059        1.0000000        1.8738147        1.0000000        2.0762552        1.0000000        2.2949395        1.0000000       0.82252141        1.0000000        1.0509374        1.0000000        1.2848891 
       1.0000000        1.0000000        1.0000000        1.0000000       0.15600000        6.8968894        6.8573254       0.12949698       0.14529577      0.078168808      0.087566429      0.040631154      0.042891983       0.66252558       0.70620399       0.66066249       0.70430432       0.67020960       0.70019920        1.0000000        1.8752573        1.0000000        2.0774453        1.0000000        2.2963474        1.0000000       0.82396400        1.0000000        1.0521275        1.0000000        1.2862971 
       1.0000000        1.0000000        1.0000000        1.0000000       0.15700000        6.8777728        6.8384255       0.12943892       0.14515042      0.078121663      0.087352165      0.040627414      0.042686981       0.66252139       0.70561197       0.66057242       0.70329770       0.67018997       0.69845660        1.0000000        1.8736306        1.0000000        2.0743947        1.0000000        2.2887811        1.0000000       0.82233732        1.0000000        1.0490769        1.0000000        1.2787308 
       1.0000000        1.0000000        1.0000000        1.0000000       0.15800000        6.8627665        6.8236547       0.12932846       0.14538683      0.077974988      0.087586658      0.040509066      0.042813213       0.66234958       0.70589224       0.66029505       0.70394385       0.66961765       0.69984141        1.0000000        1.8746013        1.0000000        2.0768091        1.0000000        2.2933392        1.0000000       0.82330802        1.0000000        1.0514913        1.0000000        1.2832888 
       1.0000000        1.0000000        1.0000000        1.0000000       0.15900000        6.8495918        6.8106914       0.12934029       0.14537144      0.077995967      0.087534192      0.040551485      0.042741254       0.66242238       0.70588875       0.66024886       0.70339249       0.66953107       0.69849231        1.0000000        1.8745004        1.0000000        2.0752466        1.0000000        2.2896798        1.0000000       0.82320706        1.0000000        1.0499288        1.0000000        1.2796295 
       1.0000000        1.0000000        1.0000000        1.0000000       0.16000000        6.8405930        6.8019014       0.12936695       0.14512168      0.078017068      0.087173031      0.040578169      0.042460848       0.66247816       0.70501318       0.66035183       0.70180816       0.66974734       0.69640779        1.0000000        1.8723849        1.0000000        2.0702827        1.0000000        2.2786114        1.0000000       0.82109158        1.0000000        1.0449649        1.0000000        1.2685611 
