
       1.0000000        1.0000000        1.0000000        1.0000000      0.035000000        9.9575629        9.7894949       0.18646326       0.18488709       0.10153654       0.10294188      0.047848163      0.048047747       0.83220697       0.82840730       0.75377478       0.75731727       0.70923812       0.71656641        1.0000000        2.2636174        1.0000000        2.3169925        1.0000000        2.4374054        1.0000000        1.2123241        1.0000000        1.2916747        1.0000000        1.4273551 
       1.0000000        1.0000000        1.0000000        1.0000000      0.036000000        9.9659512        9.8025156       0.18535067       0.18363501       0.10094779       0.10249108      0.047525286      0.048131082       0.82984111       0.82554339       0.75206865       0.75559809       0.70796092       0.71643438        1.0000000        2.2536587        1.0000000        2.3088800        1.0000000        2.4372900        1.0000000        1.2023654        1.0000000        1.2835622        1.0000000        1.4272397 
       1.0000000        1.0000000        1.0000000        1.0000000      0.037000000        9.8585941        9.6995146       0.18456401       0.18192777       0.10097469       0.10114272      0.047695060      0.047297786       0.82713932       0.82316553       0.75078317       0.75354299       0.70770588       0.71460830        1.0000000        2.2450483        1.0000000        2.2983123        1.0000000        2.4199965        1.0000000        1.1937550        1.0000000        1.2729945        1.0000000        1.4099462 
       1.0000000        1.0000000        1.0000000        1.0000000      0.038000000        9.7293014        9.5743267       0.18279295       0.18087688       0.10035942       0.10054064      0.047626597      0.046919820       0.82362972       0.82010614       0.74878492       0.75146998       0.70691300       0.71326402        1.0000000        2.2347397        1.0000000        2.2894425        1.0000000        2.4109368        1.0000000        1.1834464        1.0000000        1.2641247        1.0000000        1.4008865 
       1.0000000        1.0000000        1.0000000        1.0000000      0.039000000        9.6744057        9.5233062       0.18165110       0.18079611      0.099963981       0.10088511      0.047596996      0.047041033       0.82115843       0.81843228       0.74735212       0.75124463       0.70612603       0.71366063        1.0000000        2.2289989        1.0000000        2.2889499        1.0000000        2.4155564        1.0000000        1.1777056        1.0000000        1.2636321        1.0000000        1.4055061 
       1.0000000        1.0000000        1.0000000        1.0000000      0.040000000        9.6845264        9.5370922       0.17988198       0.18026277      0.098638924       0.10093285      0.046731700      0.047217000       0.81890642       0.81689648       0.74536040       0.75079052       0.70509420       0.71406784        1.0000000        2.2233900        1.0000000        2.2864425        1.0000000        2.4181851        1.0000000        1.1720967        1.0000000        1.2611247        1.0000000        1.4081347 
       1.0000000        1.0000000        1.0000000        1.0000000      0.041000000        9.6097443        9.4657827       0.17867612       0.17876934      0.098338183      0.099909858      0.046734650      0.046358965       0.81626446       0.81412222       0.74401004       0.74887097       0.70488906       0.71156705        1.0000000        2.2139602        1.0000000        2.2771911        1.0000000        2.4008541        1.0000000        1.1626669        1.0000000        1.2518733        1.0000000        1.3908038 
       1.0000000        1.0000000        1.0000000        1.0000000      0.042000000        9.5342331        9.3935666       0.17780895       0.17812692      0.098102250      0.099678611      0.046636109      0.046459562       0.81381107       0.81220673       0.74261756       0.74806180       0.70459140       0.71157008        1.0000000        2.2074937        1.0000000        2.2733547        1.0000000        2.4000809        1.0000000        1.1562004        1.0000000        1.2480369        1.0000000        1.3900305 
       1.0000000        1.0000000        1.0000000        1.0000000      0.043000000        9.5403405        9.4028055       0.17726875       0.17752313      0.097902658      0.099334904      0.046436813      0.046359967       0.81175300       0.81063385       0.74135154       0.74660485       0.70342677       0.71097062        1.0000000        2.2022528        1.0000000        2.2666967        1.0000000        2.3956294        1.0000000        1.1509595        1.0000000        1.2413789        1.0000000        1.3855791 
       1.0000000        1.0000000        1.0000000        1.0000000      0.044000000        9.5525350        9.4179802       0.17795500       0.17618209      0.099524123      0.098464068      0.047967143      0.046099983       0.81001365       0.80835429       0.74109342       0.74413626       0.70416963       0.70959503        1.0000000        2.1945311        1.0000000        2.2550180        1.0000000        2.3853499        1.0000000        1.1432378        1.0000000        1.2297002        1.0000000        1.3752996 
       1.0000000        1.0000000        1.0000000        1.0000000      0.045000000        9.4795819        9.3481439       0.17652375       0.17597853      0.098817811      0.098690063      0.047618050      0.046173967       0.80759518       0.80596647       0.73968735       0.74400992       0.70339026       0.70949545        1.0000000        2.1869596        1.0000000        2.2547678        1.0000000        2.3857359        1.0000000        1.1356663        1.0000000        1.2294500        1.0000000        1.3756856 
       1.0000000        1.0000000        1.0000000        1.0000000      0.046000000        9.4166337        9.2878931       0.17561587       0.17590348      0.098443522      0.098957359      0.047397619      0.046382359       0.80507746       0.80474197       0.73822486       0.74382807       0.70292436       0.71004417        1.0000000        2.1830200        1.0000000        2.2544469        1.0000000        2.3893135        1.0000000        1.1317267        1.0000000        1.2291291        1.0000000        1.3792632 
       1.0000000        1.0000000        1.0000000        1.0000000      0.047000000        9.3498138        9.2236504       0.17441935       0.17590679      0.097961379      0.099261284      0.047350899      0.046412292       0.80255047       0.80364157       0.73678140       0.74416137       0.70247533       0.71004670        1.0000000        2.1795460        1.0000000        2.2566944        1.0000000        2.3896155        1.0000000        1.1282527        1.0000000        1.2313766        1.0000000        1.3795651 
       1.0000000        1.0000000        1.0000000        1.0000000      0.048000000        9.3329963        9.2092981       0.17356740       0.17532484      0.097534254      0.099043465      0.047082354      0.046370056       0.80074777       0.80210458       0.73577984       0.74324206       0.70206013       0.70978074        1.0000000        2.1744533        1.0000000        2.2528675        1.0000000        2.3872008        1.0000000        1.1231600        1.0000000        1.2275497        1.0000000        1.3771505 
       1.0000000        1.0000000        1.0000000        1.0000000      0.049000000        9.2789751        9.1576374       0.17276668       0.17428726      0.097069434      0.098486200      0.046891412      0.045956782       0.79885857       0.80051669       0.73465075       0.74185302       0.70091138       0.70819724        1.0000000        2.1690516        1.0000000        2.2467742        1.0000000        2.3796533        1.0000000        1.1177583        1.0000000        1.2214564        1.0000000        1.3696029 
       1.0000000        1.0000000        1.0000000        1.0000000      0.050000000        9.2915272        9.1724522       0.17234072       0.17445169      0.096659644      0.098823753      0.046571992      0.046304771       0.79821841       0.79990316       0.73443914       0.74182560       0.70056505       0.70892182        1.0000000        2.1672137        1.0000000        2.2466511        1.0000000        2.3859519        1.0000000        1.1159204        1.0000000        1.2213333        1.0000000        1.3759016 
       1.0000000        1.0000000        1.0000000        1.0000000      0.051000000        9.3026852        9.1857812       0.17160667       0.17375719      0.096345017      0.098619781      0.046433118      0.046316656       0.79594706       0.79845984       0.73293816       0.74150847       0.69955617       0.70893010        1.0000000        2.1625100        1.0000000        2.2455361        1.0000000        2.3872548        1.0000000        1.1112167        1.0000000        1.2202183        1.0000000        1.3772044 
       1.0000000        1.0000000        1.0000000        1.0000000      0.052000000        9.2372820        9.1224629       0.17096466       0.17379834      0.096310231      0.099057944      0.046590521      0.046560811       0.79385311       0.79704920       0.73184965       0.74154199       0.69968435       0.70903517        1.0000000        2.1583446        1.0000000        2.2463703        1.0000000        2.3893039        1.0000000        1.1070513        1.0000000        1.2210525        1.0000000        1.3792536 
       1.0000000        1.0000000        1.0000000        1.0000000      0.053000000        9.1950240        9.0822091       0.16914497       0.17268448      0.095008010      0.098566012      0.046000541      0.046569930       0.79118134       0.79486248       0.72971198       0.74057175       0.69928384       0.70957540        1.0000000        2.1510478        1.0000000        2.2410692        1.0000000        2.3891622        1.0000000        1.0997545        1.0000000        1.2157514        1.0000000        1.3791119 
       1.0000000        1.0000000        1.0000000        1.0000000      0.054000000        9.1487369        9.0378501       0.16788390       0.17226419      0.094502850      0.098548967      0.045874819      0.046733299       0.78881562       0.79327570       0.72843582       0.74035241       0.69945966       0.70975737        1.0000000        2.1457379        1.0000000        2.2403589        1.0000000        2.3911340        1.0000000        1.0944446        1.0000000        1.2150411        1.0000000        1.3810837 
       1.0000000        1.0000000        1.0000000        1.0000000      0.055000000        9.1158478        9.0068175       0.16743018       0.17209203      0.094206287      0.098682121      0.045735549      0.046844145       0.78756093       0.79210884       0.72753856       0.73967022       0.69867250       0.71019595        1.0000000        2.1418612        1.0000000        2.2372174        1.0000000        2.3933973        1.0000000        1.0905679        1.0000000        1.2118996        1.0000000        1.3833470 
       1.0000000        1.0000000        1.0000000        1.0000000      0.056000000        9.0860956        8.9790296       0.16648206       0.17204629      0.093820707      0.098702619      0.045512701      0.046832058       0.78509496       0.79110115       0.72614561       0.73933350       0.69770940       0.71002351        1.0000000        2.1387737        1.0000000        2.2364614        1.0000000        2.3948128        1.0000000        1.0874804        1.0000000        1.2111436        1.0000000        1.3847624 
       1.0000000        1.0000000        1.0000000        1.0000000      0.057000000        9.0605444        8.9551974       0.16557733       0.17152378      0.093228610      0.098358842      0.045358855      0.046646033       0.78378990       0.78977914       0.72483916       0.73852801       0.69712586       0.71025118        1.0000000        2.1344181        1.0000000        2.2327757        1.0000000        2.3944566        1.0000000        1.0831248        1.0000000        1.2074579        1.0000000        1.3844062 
       1.0000000        1.0000000        1.0000000        1.0000000      0.058000000        9.0246603        8.9209722       0.16496028       0.17119787      0.093100873      0.098278300      0.045416305      0.046671427       0.78137740       0.78851384       0.72354932       0.73818819       0.69660674       0.71064949        1.0000000        2.1303997        1.0000000        2.2312596        1.0000000        2.3962271        1.0000000        1.0791064        1.0000000        1.2059418        1.0000000        1.3861767 
       1.0000000        1.0000000        1.0000000        1.0000000      0.059000000        8.9833947        8.8813088       0.16466298       0.17141319      0.093054591      0.098552684      0.045479916      0.046853025       0.77997495       0.78798286       0.72270308       0.73814674       0.69667727       0.71104100        1.0000000        2.1290576        1.0000000        2.2319217        1.0000000        2.3993357        1.0000000        1.0777643        1.0000000        1.2066039        1.0000000        1.3892853 
       1.0000000        1.0000000        1.0000000        1.0000000      0.060000000        8.9378619        8.8373243       0.16396170       0.17086915      0.092831615      0.098341820      0.045479592      0.046837392       0.77788502       0.78634739       0.72176966       0.73726709       0.69672149       0.71175363        1.0000000        2.1238877        1.0000000        2.2280679        1.0000000        2.4010421        1.0000000        1.0725944        1.0000000        1.2027501        1.0000000        1.3909918 
       1.0000000        1.0000000        1.0000000        1.0000000      0.061000000        8.9275039        8.8284637       0.16349425       0.17110063      0.092699910      0.098832086      0.045521421      0.047265431       0.77674501       0.78586785       0.72148294       0.73836224       0.69706950       0.71336001        1.0000000        2.1221627        1.0000000        2.2324748        1.0000000        2.4106490        1.0000000        1.0708694        1.0000000        1.2071570        1.0000000        1.4005986 
       1.0000000        1.0000000        1.0000000        1.0000000      0.062000000        8.9088648        8.8112734       0.16324639       0.17129583      0.092508151      0.098994906      0.045280922      0.047187374       0.77495383       0.78503929       0.71996324       0.73833586       0.69509634       0.71260699        1.0000000        2.1198947        1.0000000        2.2332051        1.0000000        2.4070438        1.0000000        1.0686014        1.0000000        1.2078873        1.0000000        1.3969935 
       1.0000000        1.0000000        1.0000000        1.0000000      0.063000000        8.8639802        8.7677915       0.16285888       0.17093180      0.092521982      0.099119687      0.045443974      0.047503646       0.77363242       0.78393287       0.71969955       0.73761235       0.69562145       0.71302164        1.0000000        2.1162548        1.0000000        2.2297257        1.0000000        2.4093974        1.0000000        1.0649616        1.0000000        1.2044079        1.0000000        1.3993471 
       1.0000000        1.0000000        1.0000000        1.0000000      0.064000000        8.8317185        8.7368887       0.16242348       0.17076651      0.092532228      0.099196869      0.045585374      0.047548712       0.77197474       0.78315066       0.71920167       0.73754852       0.69611936       0.71326272        1.0000000        2.1137620        1.0000000        2.2295945        1.0000000        2.4103112        1.0000000        1.0624687        1.0000000        1.2042766        1.0000000        1.4002609 
       1.0000000        1.0000000        1.0000000        1.0000000      0.065000000        8.8267541        8.7332415       0.16219053       0.17072411      0.092563471      0.099382025      0.045641622      0.047698568       0.77037480       0.78244454       0.71840318       0.73759722       0.69614473       0.71365648        1.0000000        2.1116674        1.0000000        2.2299730        1.0000000        2.4130398        1.0000000        1.0603741        1.0000000        1.2046552        1.0000000        1.4029894 
       1.0000000        1.0000000        1.0000000        1.0000000      0.066000000        8.7912757        8.6990405       0.16211994       0.17024605      0.092689653      0.098996244      0.045751587      0.047486150       0.76925300       0.78098288       0.71812234       0.73695572       0.69643779       0.71314246        1.0000000        2.1072304        1.0000000        2.2268811        1.0000000        2.4090989        1.0000000        1.0559371        1.0000000        1.2015633        1.0000000        1.3990485 
       1.0000000        1.0000000        1.0000000        1.0000000      0.067000000        8.7469852        8.6561114       0.16197735       0.16974740      0.092678928      0.098723979      0.045780100      0.047408299       0.76852115       0.78025929       0.71771998       0.73653175       0.69675553       0.71274711        1.0000000        2.1047067        1.0000000        2.2246693        1.0000000        2.4066648        1.0000000        1.0534134        1.0000000        1.1993515        1.0000000        1.3966145 
       1.0000000        1.0000000        1.0000000        1.0000000      0.068000000        8.7254349        8.6357609       0.16166147       0.16929960      0.092614067      0.098499603      0.045840579      0.047419435       0.76740122       0.77924113       0.71702037       0.73618657       0.69665465       0.71283800        1.0000000        2.1013467        1.0000000        2.2226777        1.0000000        2.4059933        1.0000000        1.0500535        1.0000000        1.1973599        1.0000000        1.3959429 
       1.0000000        1.0000000        1.0000000        1.0000000      0.069000000        8.6770325        8.5885237       0.16148130       0.16875304      0.092662173      0.097960925      0.045864112      0.046765810       0.76585929       0.77801032       0.71636911       0.73528025       0.69688754       0.70955358        1.0000000        2.0974258        1.0000000        2.2200390        1.0000000        2.3925131        1.0000000        1.0461325        1.0000000        1.1947212        1.0000000        1.3824628 
       1.0000000        1.0000000        1.0000000        1.0000000      0.070000000        8.6593571        8.5719807       0.16114883       0.16863631      0.092562960      0.097990104      0.045908544      0.046775107       0.76481225       0.77714736       0.71572371       0.73503783       0.69706574       0.71002815        1.0000000        2.0946469        1.0000000        2.2192285        1.0000000        2.3947177        1.0000000        1.0433537        1.0000000        1.1939107        1.0000000        1.3846673 
       1.0000000        1.0000000        1.0000000        1.0000000      0.071000000        8.6393160        8.5530405       0.16051718       0.16855662      0.092333950      0.098027186      0.045897815      0.046767395       0.76364004       0.77657395       0.71523992       0.73491366       0.69693433       0.70976166        1.0000000        2.0929616        1.0000000        2.2187322        1.0000000        2.3940214        1.0000000        1.0416683        1.0000000        1.1934144        1.0000000        1.3839711 
       1.0000000        1.0000000        1.0000000        1.0000000      0.072000000        8.6070055        8.5218007       0.16014573       0.16850145      0.092245149      0.098124215      0.045871288      0.046833381       0.76198675       0.77566707       0.71439569       0.73514490       0.69670155       0.70999001        1.0000000        2.0903008        1.0000000        2.2194390        1.0000000        2.3950859        1.0000000        1.0390076        1.0000000        1.1941212        1.0000000        1.3850355 
       1.0000000        1.0000000        1.0000000        1.0000000      0.073000000        8.5871482        8.5029852       0.15983983       0.16707985      0.092131815      0.096840118      0.045840781      0.046039098       0.76142312       0.77418274       0.71415825       0.73423315       0.69660362       0.70873184        1.0000000        2.0848050        1.0000000        2.2136917        1.0000000        2.3831111        1.0000000        1.0335117        1.0000000        1.1883739        1.0000000        1.3730608 
       1.0000000        1.0000000        1.0000000        1.0000000      0.074000000        8.5750944        8.4919456       0.15935069       0.16720782      0.092050242      0.097015966      0.045893869      0.046190987       0.75968563       0.77365754       0.71329042       0.73469190       0.69658153       0.70922434        1.0000000        2.0833561        1.0000000        2.2153661        1.0000000        2.3861184        1.0000000        1.0320628        1.0000000        1.1900483        1.0000000        1.3760681 
       1.0000000        1.0000000        1.0000000        1.0000000      0.075000000        8.5655714        8.4834101       0.15926957       0.16715591      0.092070831      0.097113949      0.045879866      0.046213898       0.75843223       0.77293778       0.71291612       0.73480364       0.69667332       0.70927031        1.0000000        2.0811277        1.0000000        2.2161469        1.0000000        2.3871624        1.0000000        1.0298345        1.0000000        1.1908291        1.0000000        1.3771120 
       1.0000000        1.0000000        1.0000000        1.0000000      0.076000000        8.5521009        8.4709017       0.15902679       0.16708255      0.092010730      0.097058598      0.045812400      0.046091579       0.75712665       0.77203223       0.71216516       0.73444993       0.69664889       0.70805157        1.0000000        2.0785186        1.0000000        2.2155319        1.0000000        2.3813568        1.0000000        1.0272253        1.0000000        1.1902141        1.0000000        1.3713065 
       1.0000000        1.0000000        1.0000000        1.0000000      0.077000000        8.5531523        8.4728908       0.15882579       0.16642243      0.091996844      0.096525942      0.045840855      0.045779748       0.75586988       0.77054034       0.71169098       0.73320202       0.69658430       0.70660030        1.0000000        2.0739557        1.0000000        2.2113018        1.0000000        2.3718865        1.0000000        1.0226624        1.0000000        1.1859840        1.0000000        1.3618362 
       1.0000000        1.0000000        1.0000000        1.0000000      0.078000000        8.5514591        8.4721117       0.15862319       0.16681344      0.092004113      0.096922191      0.045885197      0.046001867       0.75465208       0.77052940       0.71123119       0.73376010       0.69658780       0.70693234        1.0000000        2.0741190        1.0000000        2.2143648        1.0000000        2.3763686        1.0000000        1.0228257        1.0000000        1.1890470        1.0000000        1.3663183 
       1.0000000        1.0000000        1.0000000        1.0000000      0.079000000        8.5185265        8.4401584       0.15822696       0.16670631      0.091932377      0.096860396      0.045954795      0.045983731       0.75317274       0.76975495       0.71036789       0.73381429       0.69666744       0.70715567        1.0000000        2.0717323        1.0000000        2.2142857        1.0000000        2.3770243        1.0000000        1.0204390        1.0000000        1.1889679        1.0000000        1.3669740 
       1.0000000        1.0000000        1.0000000        1.0000000      0.080000000        8.4948506        8.4173501       0.15781612       0.16678073      0.091887419      0.096984734      0.046014808      0.045984768       0.75154473       0.76909719       0.70989328       0.73399167       0.69664163       0.70712980        1.0000000        2.0699068        1.0000000        2.2152680        1.0000000        2.3773998        1.0000000        1.0186135        1.0000000        1.1899502        1.0000000        1.3673494 
       1.0000000        1.0000000        1.0000000        1.0000000      0.081000000        8.4773039        8.4006500       0.15752818       0.16680973      0.091851001      0.096945503      0.045986320      0.045928613       0.75006704       0.76883073       0.70954293       0.73418246       0.69653971       0.70683741        1.0000000        2.0692180        1.0000000        2.2160181        1.0000000        2.3759917        1.0000000        1.0179247        1.0000000        1.1907003        1.0000000        1.3659413 
       1.0000000        1.0000000        1.0000000        1.0000000      0.082000000        8.4679645        8.3921372       0.15741999       0.16644355      0.091859335      0.096822832      0.045989022      0.045829787       0.74864739       0.76759838       0.70918696       0.73390243       0.69640707       0.70657418        1.0000000        2.0654763        1.0000000        2.2144126        1.0000000        2.3744730        1.0000000        1.0141830        1.0000000        1.1890948        1.0000000        1.3644226 
       1.0000000        1.0000000        1.0000000        1.0000000      0.083000000        8.4366556        8.3616355       0.15723001       0.16629254      0.091770669      0.096721216      0.045905465      0.045895571       0.74766934       0.76654601       0.70871892       0.73389696       0.69639231       0.70684343        1.0000000        2.0623447        1.0000000        2.2139916        1.0000000        2.3746505        1.0000000        1.0110514        1.0000000        1.1886738        1.0000000        1.3646001 
       1.0000000        1.0000000        1.0000000        1.0000000      0.084000000        8.4085546        8.3343231       0.15703599       0.16624264      0.091666360      0.096749356      0.045880416      0.045893426       0.74673308       0.76612636       0.70832333       0.73398058       0.69663240       0.70684644        1.0000000        2.0610417        1.0000000        2.2142485        1.0000000        2.3749561        1.0000000        1.0097484        1.0000000        1.1889307        1.0000000        1.3649058 
       1.0000000        1.0000000        1.0000000        1.0000000      0.085000000        8.3772945        8.3038336       0.15694803       0.16628044      0.091671157      0.096865307      0.045911397      0.046005614       0.74637637       0.76595053       0.70805641       0.73430146       0.69621929       0.70702105        1.0000000        2.0605611        1.0000000        2.2156233        1.0000000        2.3765068        1.0000000        1.0092678        1.0000000        1.1903055        1.0000000        1.3664565 
       1.0000000        1.0000000        1.0000000        1.0000000      0.086000000        8.3637308        8.2910229       0.15677827       0.16660921      0.091605713      0.097219987      0.045797126      0.046178033       0.74524021       0.76610206       0.70758997       0.73470784       0.69480172       0.70752307        1.0000000        2.0612031        1.0000000        2.2176030        1.0000000        2.3814656        1.0000000        1.0099098        1.0000000        1.1922852        1.0000000        1.3714153 
       1.0000000        1.0000000        1.0000000        1.0000000      0.087000000        8.3513590        8.2793876       0.15670786       0.16617214      0.091659358      0.097061558      0.045839911      0.046185896       0.74417615       0.76482053       0.70745395       0.73425160       0.69484250       0.70698615        1.0000000        2.0573939        1.0000000        2.2157088        1.0000000        2.3787525        1.0000000        1.0061006        1.0000000        1.1903910        1.0000000        1.3687021 
       1.0000000        1.0000000        1.0000000        1.0000000      0.088000000        8.3257079        8.2544567       0.15668177       0.16621817      0.091682007      0.097205782      0.045834134      0.046241856       0.74359792       0.76444023       0.70767302       0.73426013       0.69497346       0.70707162        1.0000000        2.0563220        1.0000000        2.2159317        1.0000000        2.3801958        1.0000000        1.0050287        1.0000000        1.1906139        1.0000000        1.3701454 
       1.0000000        1.0000000        1.0000000        1.0000000      0.089000000        8.3047119        8.2341652       0.15645375       0.16622126      0.091491098      0.097264039      0.045715999      0.046334376       0.74291312       0.76433505       0.70689173       0.73458961       0.69429346       0.70766650        1.0000000        2.0558826        1.0000000        2.2167921        1.0000000        2.3825486        1.0000000        1.0045893        1.0000000        1.1914743        1.0000000        1.3724983 
       1.0000000        1.0000000        1.0000000        1.0000000      0.090000000        8.2909445        8.2211553       0.15625971       0.16568243      0.091266570      0.096956878      0.045477945      0.046287171       0.74233562       0.76316623       0.70674434       0.73399945       0.69416737       0.70728627        1.0000000        2.0522326        1.0000000        2.2142099        1.0000000        2.3802924        1.0000000        1.0009393        1.0000000        1.1888921        1.0000000        1.3702421 
       1.0000000        1.0000000        1.0000000        1.0000000      0.091000000        8.2674072        8.1982914       0.15618733       0.16559570      0.091315344      0.096938856      0.045563066      0.046358062       0.74179650       0.76299717       0.70666103       0.73414899       0.69453911       0.70783887        1.0000000        2.0516474        1.0000000        2.2143468        1.0000000        2.3826319        1.0000000        1.0003541        1.0000000        1.1890290        1.0000000        1.3725815 
       1.0000000        1.0000000        1.0000000        1.0000000      0.092000000        8.2437841        8.1753274       0.15612928       0.16550750      0.091306702      0.096914583      0.045538963      0.046317286       0.74069587       0.76254822       0.70627966       0.73422857       0.69422304       0.70792453        1.0000000        2.0502688        1.0000000        2.2144357        1.0000000        2.3826541        1.0000000       0.99897550        1.0000000        1.1891179        1.0000000        1.3726038 
       1.0000000        1.0000000        1.0000000        1.0000000      0.093000000        8.2046301        8.1368190       0.15580252       0.16556263      0.091204144      0.096879147      0.045569753      0.046245758       0.73976656       0.76242067       0.70569905       0.73415697       0.69421651       0.70778137        1.0000000        2.0499468        1.0000000        2.2142809        1.0000000        2.3816967        1.0000000       0.99865352        1.0000000        1.1889631        1.0000000        1.3716464 
       1.0000000        1.0000000        1.0000000        1.0000000      0.094000000        8.1840874        8.1169087       0.15553943       0.16571136      0.091022868      0.097004195      0.045471609      0.046176678       0.73880383       0.76196420       0.70483889       0.73405394       0.69338530       0.70751553        1.0000000        2.0488187        1.0000000        2.2146179        1.0000000        2.3808471        1.0000000       0.99752537        1.0000000        1.1893001        1.0000000        1.3707968 
       1.0000000        1.0000000        1.0000000        1.0000000      0.095000000        8.1568787        8.0903195       0.15525465       0.16564966      0.090911776      0.097010056      0.045390925      0.046234584       0.73767965       0.76197013       0.70443781       0.73421940       0.69277280       0.70806427        1.0000000        2.0487110        1.0000000        2.2146964        1.0000000        2.3833557        1.0000000       0.99741768        1.0000000        1.1893786        1.0000000        1.3733054 
       1.0000000        1.0000000        1.0000000        1.0000000      0.096000000        8.1483859        8.0824338       0.15532799       0.16548258      0.091006887      0.096830569      0.045427784      0.046132704       0.73736640       0.76157454       0.70477320       0.73395024       0.69307482       0.70764442        1.0000000        2.0477315        1.0000000        2.2135607        1.0000000        2.3810637        1.0000000       0.99643818        1.0000000        1.1882429        1.0000000        1.3710134 
       1.0000000        1.0000000        1.0000000        1.0000000      0.097000000        8.1378783        8.0725213       0.15525998       0.16551469      0.091019994      0.096871464      0.045438052      0.046105101       0.73674700       0.76175692       0.70470614       0.73417534       0.69299811       0.70744378        1.0000000        2.0481383        1.0000000        2.2145688        1.0000000        2.3806266        1.0000000       0.99684500        1.0000000        1.1892510        1.0000000        1.3705762 
       1.0000000        1.0000000        1.0000000        1.0000000      0.098000000        8.1349814        8.0702079       0.15527595       0.16570197      0.091177133      0.097140296      0.045519715      0.046250261       0.73637237       0.76144684       0.70484099       0.73456865       0.69328956       0.70760121        1.0000000        2.0473961        1.0000000        2.2165887        1.0000000        2.3828814        1.0000000       0.99610280        1.0000000        1.1912709        1.0000000        1.3728310 
       1.0000000        1.0000000        1.0000000        1.0000000      0.099000000        8.1103938        8.0461924       0.15528464       0.16574052      0.091205180      0.097139753      0.045502371      0.046162591       0.73585763       0.76148316       0.70474148       0.73471538       0.69352646       0.70735005        1.0000000        2.0475530        1.0000000        2.2171611        1.0000000        2.3814537        1.0000000       0.99625968        1.0000000        1.1918432        1.0000000        1.3714034 
       1.0000000        1.0000000        1.0000000        1.0000000       0.10000000        8.0948534        8.0312132       0.15521273       0.16579815      0.091330297      0.097186887      0.045637904      0.046097269       0.73536069       0.76130609       0.70486768       0.73466055       0.69408073       0.70724784        1.0000000        2.0470893        1.0000000        2.2170221        1.0000000        2.3809092        1.0000000       0.99579603        1.0000000        1.1917043        1.0000000        1.3708589 
       1.0000000        1.0000000        1.0000000        1.0000000       0.10100000        8.0745858        8.0115505       0.15511899       0.16565069      0.091318446      0.097013803      0.045652297      0.045935444       0.73437749       0.76101541       0.70443597       0.73422273       0.69387846       0.70692947        1.0000000        2.0462098        1.0000000        2.2151138        1.0000000        2.3795248        1.0000000       0.99491650        1.0000000        1.1897959        1.0000000        1.3694744 
       1.0000000        1.0000000        1.0000000        1.0000000       0.10200000        8.0416251        7.9791290       0.15457337       0.16590919      0.090865138      0.097242434      0.045328301      0.045939969       0.73270876       0.76077790       0.70290862       0.73474908       0.69301553       0.70723549        1.0000000        2.0456630        1.0000000        2.2173936        1.0000000        2.3816622        1.0000000       0.99436967        1.0000000        1.1920758        1.0000000        1.3716118 
       1.0000000        1.0000000        1.0000000        1.0000000       0.10300000        8.0243622        7.9623953       0.15465511       0.16564526      0.091025995      0.097164148      0.045410523      0.046177274       0.73231552       0.76053119       0.70314182       0.73492992       0.69352265       0.70874838        1.0000000        2.0446436        1.0000000        2.2162884        1.0000000        2.3849014        1.0000000       0.99335028        1.0000000        1.1909706        1.0000000        1.3748510 
       1.0000000        1.0000000        1.0000000        1.0000000       0.10400000        8.0009445        7.9394970       0.15466841       0.16592118      0.091202212      0.097439694      0.045513703      0.046415703       0.73176487       0.76113056       0.70340484       0.73576302       0.69350581       0.70921311        1.0000000        2.0463694        1.0000000        2.2195285        1.0000000        2.3885111        1.0000000       0.99507609        1.0000000        1.1942106        1.0000000        1.3784607 
       1.0000000        1.0000000        1.0000000        1.0000000       0.10500000        7.9878565        7.9269190       0.15465621       0.16585671      0.091178575      0.097417643      0.045518974      0.046430521       0.73137135       0.76075415       0.70325081       0.73553964       0.69350879       0.70911522        1.0000000        2.0453205        1.0000000        2.2189942        1.0000000        2.3882965        1.0000000       0.99402717        1.0000000        1.1936764        1.0000000        1.3782462 
       1.0000000        1.0000000        1.0000000        1.0000000       0.10600000        7.9985461        7.9381094       0.15463368       0.16597917      0.091248413      0.097529954      0.045600080      0.046546844       0.73109748       0.76075852       0.70348565       0.73534249       0.69391271       0.70921537        1.0000000        2.0453775        1.0000000        2.2184901        1.0000000        2.3887674        1.0000000       0.99408425        1.0000000        1.1931723        1.0000000        1.3787171 
       1.0000000        1.0000000        1.0000000        1.0000000       0.10700000        7.9812824        7.9213375       0.15458871       0.16594703      0.091353749      0.097574796      0.045784937      0.046633256       0.73076823       0.76050901       0.70365239       0.73534132       0.69475991       0.70929090        1.0000000        2.0445627        1.0000000        2.2186219        1.0000000        2.3895092        1.0000000       0.99326944        1.0000000        1.1933041        1.0000000        1.3794589 
       1.0000000        1.0000000        1.0000000        1.0000000       0.10800000        7.9731069        7.9136452       0.15455389       0.16576027      0.091376883      0.097428182      0.045810991      0.046520177       0.73043158       0.76010578       0.70375364       0.73517563       0.69481455       0.70891370        1.0000000        2.0433371        1.0000000        2.2180508        1.0000000        2.3875162        1.0000000       0.99204380        1.0000000        1.1927330        1.0000000        1.3774658 
       1.0000000        1.0000000        1.0000000        1.0000000       0.10900000        7.9569832        7.8979961       0.15448613       0.16582439      0.091372772      0.097447567      0.045782701      0.046487487       0.72967936       0.76015675       0.70346135       0.73507386       0.69445941       0.70886636        1.0000000        2.0435394        1.0000000        2.2178583        1.0000000        2.3873000        1.0000000       0.99224613        1.0000000        1.1925405        1.0000000        1.3772497 
       1.0000000        1.0000000        1.0000000        1.0000000       0.11000000        7.9438846        7.8853641       0.15427686       0.16609607      0.091324751      0.097678047      0.045822961      0.046651744       0.72887577       0.76058842       0.70329403       0.73586642       0.69465427       0.70943059        1.0000000        2.0446825        1.0000000        2.2206680        1.0000000        2.3910547        1.0000000       0.99338924        1.0000000        1.1953502        1.0000000        1.3810043 
       1.0000000        1.0000000        1.0000000        1.0000000       0.11100000        7.9249850        7.8669230       0.15405368       0.16602654      0.091313038      0.097585410      0.045980981      0.046725506       0.72791072       0.76058479       0.70272457       0.73583977       0.69521149       0.70969224        1.0000000        2.0446509        1.0000000        2.2202464        1.0000000        2.3921190        1.0000000       0.99335759        1.0000000        1.1949286        1.0000000        1.3820686 
       1.0000000        1.0000000        1.0000000        1.0000000       0.11200000        7.9074341        7.8498228       0.15383134       0.16604949      0.091151138      0.097558351      0.045971539      0.046591516       0.72743011       0.76064831       0.70224174       0.73585182       0.69512389       0.70963737        1.0000000        2.0448358        1.0000000        2.2200169        1.0000000        2.3908052        1.0000000       0.99354255        1.0000000        1.1946991        1.0000000        1.3807549 
       1.0000000        1.0000000        1.0000000        1.0000000       0.11300000        7.8897317        7.8326074       0.15374710       0.16592427      0.091039778      0.097466564      0.045837884      0.046480417       0.72681278       0.76030987       0.70144740       0.73532528       0.69411645       0.70897492        1.0000000        2.0439456        1.0000000        2.2184296        1.0000000        2.3879735        1.0000000       0.99265226        1.0000000        1.1931118        1.0000000        1.3779231 
       1.0000000        1.0000000        1.0000000        1.0000000       0.11400000        7.8712311        7.8145418       0.15365971       0.16558494      0.091032319      0.097146665      0.045862102      0.046242375       0.72646618       0.75965209       0.70154335       0.73453085       0.69396874       0.70801562        1.0000000        2.0421353        1.0000000        2.2153830        1.0000000        2.3829611        1.0000000       0.99084198        1.0000000        1.1900652        1.0000000        1.3729108 
       1.0000000        1.0000000        1.0000000        1.0000000       0.11500000        7.8784144        7.8221529       0.15375122       0.16532346      0.091153848      0.096951978      0.045929647      0.046222596       0.72645783       0.75900314       0.70190573       0.73409433       0.69409328       0.70786934        1.0000000        2.0401593        1.0000000        2.2133618        1.0000000        2.3820761        1.0000000       0.98886597        1.0000000        1.1880440        1.0000000        1.3720258 
       1.0000000        1.0000000        1.0000000        1.0000000       0.11600000        7.8729077        7.8170670       0.15372258       0.16542786      0.091076305      0.097116547      0.045850516      0.046356309       0.72616857       0.75908461       0.70181640       0.73445769       0.69398356       0.70820240        1.0000000        2.0403225        1.0000000        2.2146587        1.0000000        2.3847461        1.0000000       0.98902916        1.0000000        1.1893409        1.0000000        1.3746957 
       1.0000000        1.0000000        1.0000000        1.0000000       0.11700000        7.8612816        7.8058548       0.15332818       0.16549861      0.090679054      0.097172398      0.045545932      0.046377789       0.72472185       0.75906621       0.70054807       0.73459114       0.69296606       0.70802492        1.0000000        2.0403894        1.0000000        2.2154601        1.0000000        2.3847518        1.0000000       0.98909609        1.0000000        1.1901423        1.0000000        1.3747015 
       1.0000000        1.0000000        1.0000000        1.0000000       0.11800000        7.8549319        7.7999124       0.15329724       0.16564766      0.090703271      0.097269336      0.045595222      0.046430561       0.72451646       0.75943688       0.70068270       0.73488729       0.69335295       0.70832504        1.0000000        2.0414540        1.0000000        2.2165475        1.0000000        2.3859517        1.0000000       0.99016071        1.0000000        1.1912297        1.0000000        1.3759014 
       1.0000000        1.0000000        1.0000000        1.0000000       0.11900000        7.8334717        7.7788531       0.15331189       0.16558249      0.090723074      0.097316156      0.045644561      0.046440896       0.72439617       0.75930786       0.70080363       0.73472196       0.69363831       0.70846571        1.0000000        2.0409235        1.0000000        2.2153914        1.0000000        2.3863438        1.0000000       0.98963021        1.0000000        1.1900736        1.0000000        1.3762935 
       1.0000000        1.0000000        1.0000000        1.0000000       0.12000000        7.8131123        7.7588881       0.15337506       0.16585024      0.090856578      0.097533695      0.045784693      0.046684753       0.72424930       0.75983832       0.70106041       0.73562137       0.69420498       0.70933178        1.0000000        2.0424758        1.0000000        2.2186664        1.0000000        2.3907962        1.0000000       0.99118248        1.0000000        1.1933486        1.0000000        1.3807459 
       1.0000000        1.0000000        1.0000000        1.0000000       0.12100000        7.7922365        7.7384007       0.15346274       0.16580045      0.090936700      0.097491599      0.045840682      0.046605365       0.72423600       0.75960827       0.70114108       0.73527329       0.69423512       0.70901209        1.0000000        2.0418451        1.0000000        2.2173412        1.0000000        2.3890585        1.0000000       0.99055177        1.0000000        1.1920234        1.0000000        1.3790082 
       1.0000000        1.0000000        1.0000000        1.0000000       0.12200000        7.7735024        7.7200488       0.15351714       0.16587009      0.090940040      0.097507824      0.045803256      0.046536635       0.72422948       0.75963810       0.70148629       0.73522983       0.69439531       0.70890506        1.0000000        2.0420096        1.0000000        2.2173202        1.0000000        2.3885640        1.0000000       0.99071630        1.0000000        1.1920024        1.0000000        1.3785137 
       1.0000000        1.0000000        1.0000000        1.0000000       0.12300000        7.7535609        7.7004837       0.15344702       0.16579289      0.090949508      0.097435153      0.045813207      0.046553547       0.72389502       0.75959505       0.70153211       0.73524290       0.69447238       0.70939175        1.0000000        2.0418332        1.0000000        2.2168868        1.0000000        2.3888589        1.0000000       0.99053991        1.0000000        1.1915690        1.0000000        1.3788086 
       1.0000000        1.0000000        1.0000000        1.0000000       0.12400000        7.7397842        7.6871144       0.15338904       0.16596940      0.090901781      0.097577052      0.045845706      0.046662101       0.72337306       0.76005579       0.70107030       0.73578167       0.69459483       0.71016721        1.0000000        2.0432116        1.0000000        2.2187952        1.0000000        2.3916445        1.0000000       0.99191828        1.0000000        1.1934774        1.0000000        1.3815942 
       1.0000000        1.0000000        1.0000000        1.0000000       0.12500000        7.7338212        7.6815159       0.15324867       0.16603552      0.090796056      0.097742040      0.045761585      0.046788115       0.72285420       0.76030183       0.70080223       0.73631162       0.69422348       0.71069965        1.0000000        2.0437428        1.0000000        2.2207617        1.0000000        2.3946229        1.0000000       0.99244946        1.0000000        1.1954439        1.0000000        1.3845725 
       1.0000000        1.0000000        1.0000000        1.0000000       0.12600000        7.7177284        7.6657822       0.15325936       0.16617031      0.090859677      0.097824536      0.045826510      0.046762571       0.72271174       0.76068374       0.70095185       0.73634316       0.69427797       0.71038581        1.0000000        2.0448985        1.0000000        2.2210088        1.0000000        2.3936967        1.0000000       0.99360525        1.0000000        1.1956909        1.0000000        1.3836464 
       1.0000000        1.0000000        1.0000000        1.0000000       0.12700000        7.7079814        7.6563888       0.15311458       0.16621152      0.090757026      0.097764738      0.045811685      0.046684297       0.72228848       0.76069126       0.70049878       0.73633806       0.69404692       0.71025176        1.0000000        2.0449350        1.0000000        2.2209151        1.0000000        2.3921693        1.0000000       0.99364171        1.0000000        1.1955973        1.0000000        1.3821190 
       1.0000000        1.0000000        1.0000000        1.0000000       0.12800000        7.6946142        7.6433701       0.15282741       0.16622236      0.090587573      0.097745047      0.045707619      0.046635351       0.72137840       0.76080432       0.70010345       0.73628212       0.69389924       0.71014100        1.0000000        2.0452596        1.0000000        2.2205473        1.0000000        2.3909007        1.0000000       0.99396633        1.0000000        1.1952295        1.0000000        1.3808504 
       1.0000000        1.0000000        1.0000000        1.0000000       0.12900000        7.6839207        7.6330199       0.15293128       0.16623739      0.090652311      0.097751005      0.045698823      0.046562191       0.72144108       0.76058925       0.70042992       0.73627923       0.69390250       0.71019206        1.0000000        2.0445862        1.0000000        2.2203534        1.0000000        2.3905572        1.0000000       0.99329292        1.0000000        1.1950356        1.0000000        1.3805068 
       1.0000000        1.0000000        1.0000000        1.0000000       0.13000000        7.6742529        7.6236905       0.15290020       0.16644702      0.090578030      0.097933122      0.045512912      0.046682660       0.72066224       0.76097045       0.69978070       0.73676485       0.69288499       0.71040683        1.0000000        2.0457475        1.0000000        2.2224822        1.0000000        2.3930559        1.0000000       0.99445417        1.0000000        1.1971644        1.0000000        1.3830056 
       1.0000000        1.0000000        1.0000000        1.0000000       0.13100000        7.6525103        7.6022813       0.15283626       0.16664434      0.090588708      0.098096368      0.045578226      0.046844437       0.72049392       0.76129767       0.69971658       0.73726466       0.69325402       0.71129005        1.0000000        2.0467165        1.0000000        2.2242286        1.0000000        2.3966076        1.0000000       0.99542325        1.0000000        1.1989108        1.0000000        1.3865573 
       1.0000000        1.0000000        1.0000000        1.0000000       0.13200000        7.6371343        7.5872341       0.15266333       0.16649996      0.090588899      0.098008408      0.045675789      0.046833145       0.71984152       0.76110671       0.69938268       0.73717805       0.69356813       0.71112554        1.0000000        2.0460937        1.0000000        2.2237789        1.0000000        2.3959221        1.0000000       0.99480041        1.0000000        1.1984611        1.0000000        1.3858718 
       1.0000000        1.0000000        1.0000000        1.0000000       0.13300000        7.6326358        7.5830596       0.15271124       0.16650095      0.090624694      0.097933726      0.045653976      0.046756748       0.71942343       0.76096794       0.69934579       0.73661731       0.69339182       0.71029093        1.0000000        2.0459545        1.0000000        2.2223676        1.0000000        2.3925107        1.0000000       0.99466120        1.0000000        1.1970498        1.0000000        1.3824603 
       1.0000000        1.0000000        1.0000000        1.0000000       0.13400000        7.6089282        7.5596716       0.15269813       0.16681232      0.090557448      0.098228696      0.045572927      0.046949540       0.71917580       0.76164223       0.69917923       0.73738870       0.69328065       0.71088843        1.0000000        2.0478716        1.0000000        2.2253529        1.0000000        2.3968410        1.0000000       0.99657836        1.0000000        1.2000351        1.0000000        1.3867907 
       1.0000000        1.0000000        1.0000000        1.0000000       0.13500000        7.6025321        7.5536218       0.15266536       0.16655415      0.090450656      0.098128238      0.045495393      0.046990329       0.71920566       0.76075827       0.69891022       0.73668906       0.69313577       0.71090339        1.0000000        2.0452629        1.0000000        2.2223024        1.0000000        2.3972331        1.0000000       0.99396959        1.0000000        1.1969846        1.0000000        1.3871827 
       1.0000000        1.0000000        1.0000000        1.0000000       0.13600000        7.5821041        7.5335040       0.15277998       0.16645071      0.090541258      0.098148023      0.045554987      0.047089406       0.71944570       0.76047416       0.69915164       0.73650945       0.69358562       0.71087141        1.0000000        2.0444722        1.0000000        2.2215877        1.0000000        2.3975639        1.0000000       0.99317895        1.0000000        1.1962699        1.0000000        1.3875136 
       1.0000000        1.0000000        1.0000000        1.0000000       0.13700000        7.5626192        7.5143251       0.15271674       0.16642596      0.090632619      0.098093426      0.045677453      0.047027246       0.71923863       0.76047521       0.69950745       0.73650497       0.69404327       0.71083997        1.0000000        2.0444205        1.0000000        2.2212725        1.0000000        2.3965129        1.0000000       0.99312717        1.0000000        1.1959547        1.0000000        1.3864626 
       1.0000000        1.0000000        1.0000000        1.0000000       0.13800000        7.5466672        7.4986749       0.15260726       0.16654261      0.090533206      0.098267791      0.045607489      0.047139205       0.71866976       0.76051613       0.69902256       0.73687050       0.69333254       0.71128435        1.0000000        2.0445709        1.0000000        2.2226649        1.0000000        2.3990701        1.0000000       0.99327762        1.0000000        1.1973471        1.0000000        1.3890198 
       1.0000000        1.0000000        1.0000000        1.0000000       0.13900000        7.5354048        7.4877102       0.15268508       0.16635541      0.090586102      0.098178214      0.045608374      0.047168547       0.71848444       0.76002296       0.69894344       0.73659816       0.69319671       0.71153095        1.0000000        2.0430914        1.0000000        2.2215050        1.0000000        2.3998716        1.0000000       0.99179812        1.0000000        1.1961872        1.0000000        1.3898212 
       1.0000000        1.0000000        1.0000000        1.0000000       0.14000000        7.5144764        7.4670755       0.15275712       0.16624798      0.090647995      0.098121917      0.045627367      0.047180314       0.71853335       0.75965804       0.69921393       0.73659230       0.69338891       0.71154022        1.0000000        2.0419808        1.0000000        2.2214331        1.0000000        2.3993212        1.0000000       0.99068752        1.0000000        1.1961153        1.0000000        1.3892708 
       1.0000000        1.0000000        1.0000000        1.0000000       0.14100000        7.5063786        7.4592675       0.15272223       0.16628560      0.090601679      0.098173179      0.045603677      0.047231431       0.71843682       0.75959162       0.69900539       0.73624620       0.69318421       0.71197589        1.0000000        2.0418774        1.0000000        2.2203054        1.0000000        2.4016685        1.0000000       0.99058411        1.0000000        1.1949876        1.0000000        1.3916181 
       1.0000000        1.0000000        1.0000000        1.0000000       0.14200000        7.4994124        7.4525873       0.15273519       0.16626424      0.090587143      0.098215046      0.045610955      0.047318871       0.71815393       0.75950148       0.69878962       0.73636698       0.69327482       0.71255518        1.0000000        2.0416113        1.0000000        2.2206043        1.0000000        2.4035962        1.0000000       0.99031799        1.0000000        1.1952865        1.0000000        1.3935459 
       1.0000000        1.0000000        1.0000000        1.0000000       0.14300000        7.4841424        7.4375995       0.15273187       0.16615598      0.090581207      0.098098716      0.045602496      0.047224017       0.71827067       0.75946531       0.69893572       0.73642645       0.69336703       0.71244989        1.0000000        2.0413823        1.0000000        2.2204999        1.0000000        2.4023436        1.0000000       0.99008904        1.0000000        1.1951821        1.0000000        1.3922933 
       1.0000000        1.0000000        1.0000000        1.0000000       0.14400000        7.4710460        7.4247816       0.15272650       0.16605851      0.090587725      0.098005527      0.045620647      0.047150704       0.71851991       0.75921400       0.69914271       0.73621008       0.69365615       0.71215129        1.0000000        2.0406150        1.0000000        2.2198447        1.0000000        2.4007158        1.0000000       0.98932167        1.0000000        1.1945269        1.0000000        1.3906654 
       1.0000000        1.0000000        1.0000000        1.0000000       0.14500000        7.4562726        7.4102831       0.15265161       0.16603854      0.090590357      0.098018913      0.045603835      0.047145767       0.71827210       0.75926974       0.69903005       0.73642324       0.69352824       0.71221865        1.0000000        2.0405652        1.0000000        2.2205403        1.0000000        2.4014157        1.0000000       0.98927189        1.0000000        1.1952225        1.0000000        1.3913654 
       1.0000000        1.0000000        1.0000000        1.0000000       0.14600000        7.4484662        7.4027481       0.15286858       0.16622584      0.090756452      0.098246982      0.045722703      0.047277218       0.71868444       0.75921934       0.69958154       0.73676576       0.69422232       0.71254632        1.0000000        2.0404681        1.0000000        2.2219581        1.0000000        2.4037630        1.0000000       0.98917478        1.0000000        1.1966403        1.0000000        1.3937127 
       1.0000000        1.0000000        1.0000000        1.0000000       0.14700000        7.4290921        7.3836685       0.15277407       0.16627418      0.090616713      0.098201338      0.045618464      0.047286222       0.71830710       0.75946605       0.69902555       0.73677403       0.69370740       0.71241417        1.0000000        2.0412390        1.0000000        2.2220216        1.0000000        2.4020987        1.0000000       0.98994575        1.0000000        1.1967038        1.0000000        1.3920483 
       1.0000000        1.0000000        1.0000000        1.0000000       0.14800000        7.4143960        7.3692366       0.15273341       0.16621755      0.090557602      0.098085348      0.045570916      0.047172614       0.71850683       0.75939099       0.69915733       0.73652292       0.69367401       0.71224625        1.0000000        2.0410621        1.0000000        2.2213164        1.0000000        2.4015958        1.0000000       0.98976882        1.0000000        1.1959986        1.0000000        1.3915455 
       1.0000000        1.0000000        1.0000000        1.0000000       0.14900000        7.3994301        7.3545315       0.15278920       0.16618974      0.090610466      0.098071669      0.045585610      0.047181415       0.71854007       0.75922416       0.69928866       0.73683893       0.69354108       0.71244705        1.0000000        2.0404280        1.0000000        2.2222898        1.0000000        2.4022417        1.0000000       0.98913467        1.0000000        1.1969720        1.0000000        1.3921913 
       1.0000000        1.0000000        1.0000000        1.0000000       0.15000000        7.3864970        7.3418559       0.15257122       0.16605855      0.090505937      0.097997206      0.045455145      0.047158013       0.71784760       0.75916352       0.69895390       0.73678418       0.69327357       0.71276467        1.0000000        2.0401517        1.0000000        2.2215971        1.0000000        2.4026765        1.0000000       0.98885841        1.0000000        1.1962793        1.0000000        1.3926262 
       1.0000000        1.0000000        1.0000000        1.0000000       0.15100000        7.3768369        7.3324503       0.15243538       0.16600075      0.090455096      0.097953636      0.045459179      0.047152421       0.71743542       0.75921909       0.69862196       0.73683326       0.69328767       0.71274077        1.0000000        2.0402820        1.0000000        2.2216735        1.0000000        2.4022149        1.0000000       0.98898874        1.0000000        1.1963557        1.0000000        1.3921646 
       1.0000000        1.0000000        1.0000000        1.0000000       0.15200000        7.3626099        7.3184745       0.15234382       0.16600385      0.090473980      0.097958081      0.045529040      0.047152715       0.71705707       0.75933334       0.69843931       0.73700563       0.69362427       0.71312713        1.0000000        2.0405065        1.0000000        2.2219479        1.0000000        2.4035025        1.0000000       0.98921319        1.0000000        1.1966301        1.0000000        1.3934522 
       1.0000000        1.0000000        1.0000000        1.0000000       0.15300000        7.3543446        7.3104574       0.15237984       0.16592285      0.090503435      0.097872131      0.045583741      0.047088072       0.71717369       0.75916639       0.69857964       0.73661972       0.69395539       0.71280972        1.0000000        2.0400527        1.0000000        2.2205719        1.0000000        2.4021262        1.0000000       0.98875937        1.0000000        1.1952541        1.0000000        1.3920759 
       1.0000000        1.0000000        1.0000000        1.0000000       0.15400000        7.3504191        7.3067770       0.15227901       0.16591816      0.090417575      0.097718290      0.045543866      0.046924733       0.71697451       0.75931834       0.69816785       0.73633543       0.69376061       0.71268138        1.0000000        2.0405800        1.0000000        2.2191950        1.0000000        2.3998304        1.0000000       0.98928671        1.0000000        1.1938772        1.0000000        1.3897801 
       1.0000000        1.0000000        1.0000000        1.0000000       0.15500000        7.3395035        7.2961035       0.15232054       0.16611072      0.090476062      0.097889422      0.045598451      0.047200320       0.71691877       0.75949622       0.69828129       0.73622176       0.69391267       0.71299718        1.0000000        2.0412078        1.0000000        2.2192134        1.0000000        2.4028065        1.0000000       0.98991449        1.0000000        1.1938956        1.0000000        1.3927562 
       1.0000000        1.0000000        1.0000000        1.0000000       0.15600000        7.3265995        7.2834389       0.15228998       0.16610183      0.090439071      0.097784935      0.045560721      0.047173526       0.71668719       0.75978039       0.69803198       0.73616035       0.69357368       0.71285921        1.0000000        2.0420091        1.0000000        2.2191086        1.0000000        2.4023481        1.0000000       0.99071581        1.0000000        1.1937908        1.0000000        1.3922978 
       1.0000000        1.0000000        1.0000000        1.0000000       0.15700000        7.3138559        7.2709316       0.15237421       0.16612614      0.090581022      0.097791401      0.045663443      0.047172738       0.71672117       0.75989541       0.69825127       0.73625850       0.69390642       0.71285511        1.0000000        2.0423387        1.0000000        2.2193689        1.0000000        2.4023344        1.0000000       0.99104538        1.0000000        1.1940511        1.0000000        1.3922840 
       1.0000000        1.0000000        1.0000000        1.0000000       0.15800000        7.2954659        7.2527985       0.15252661       0.16610514      0.090694036      0.097852000      0.045706790      0.047267220       0.71695800       0.75990688       0.69855545       0.73639648       0.69384882       0.71301183        1.0000000        2.0422944        1.0000000        2.2197458        1.0000000        2.4035158        1.0000000       0.99100113        1.0000000        1.1944280        1.0000000        1.3934655 
       1.0000000        1.0000000        1.0000000        1.0000000       0.15900000        7.2886175        7.2461807       0.15248872       0.16596086      0.090762843      0.097835093      0.045781765      0.047378437       0.71661381       0.75957017       0.69844301       0.73634855       0.69398140       0.71348192        1.0000000        2.0412549        1.0000000        2.2190047        1.0000000        2.4051716        1.0000000       0.98996156        1.0000000        1.1936869        1.0000000        1.3951212 
       1.0000000        1.0000000        1.0000000        1.0000000       0.16000000        7.2697576        7.2275486       0.15255630       0.16599724      0.090864283      0.097817332      0.045835072      0.047227189       0.71666635       0.75941927       0.69874079       0.73601900       0.69410965       0.71276432        1.0000000        2.0410065        1.0000000        2.2181490        1.0000000        2.4014581        1.0000000       0.98971317        1.0000000        1.1928312        1.0000000        1.3914077 
