
       1.0000000        1.0000000        1.0000000        1.0000000      0.035000000        10.417084        10.263022       0.14819865       0.14687802      0.085177336      0.082608945      0.042276314      0.039705507       0.74977877       0.74891947       0.70173997       0.69810001       0.68391943       0.67858288        1.0000000        1.9980958        1.0000000        2.0502589        1.0000000        2.1831279        1.0000000       0.94680247        1.0000000        1.0249411        1.0000000        1.1730776 
       1.0000000        1.0000000        1.0000000        1.0000000      0.036000000        10.329453        10.179637       0.14709658       0.14592828      0.084785306      0.082362685      0.042252043      0.040010505       0.74744278       0.74443240       0.70073897       0.69593955       0.68368718       0.67885698        1.0000000        1.9856557        1.0000000        2.0441189        1.0000000        2.1855576        1.0000000       0.93436242        1.0000000        1.0188011        1.0000000        1.1755073 
       1.0000000        1.0000000        1.0000000        1.0000000      0.037000000        10.231736        10.085914       0.14695186       0.14439365      0.084778195      0.081182750      0.042257231      0.039457576       0.74534355       0.74324926       0.69948928       0.69390359       0.68322100       0.67588464        1.0000000        1.9807803        1.0000000        2.0335485        1.0000000        2.1732368        1.0000000       0.92948703        1.0000000        1.0082307        1.0000000        1.1631865 
       1.0000000        1.0000000        1.0000000        1.0000000      0.038000000        10.129967        9.9879071       0.14654757       0.14357911      0.084866576      0.081007171      0.042611887      0.039452336       0.74337105       0.74080712       0.69863221       0.69299915       0.68411349       0.67656083        1.0000000        1.9732477        1.0000000        2.0307764        1.0000000        2.1768340        1.0000000       0.92195443        1.0000000        1.0054586        1.0000000        1.1667836 
       1.0000000        1.0000000        1.0000000        1.0000000      0.039000000        10.060957        9.9224491       0.14557237       0.14279707      0.084565155      0.080681421      0.042726637      0.039146634       0.74056838       0.73836098       0.69713565       0.69134264       0.68374994       0.67496934        1.0000000        1.9651154        1.0000000        2.0240715        1.0000000        2.1711212        1.0000000       0.91382214        1.0000000       0.99875369        1.0000000        1.1610708 
       1.0000000        1.0000000        1.0000000        1.0000000      0.040000000        10.001091        9.8659428       0.14456979       0.14262799      0.084277009      0.081091241      0.042971382      0.039569068       0.73744252       0.73599513       0.69500361       0.69134839       0.68234901       0.67623628        1.0000000        1.9580319        1.0000000        2.0253231        1.0000000        2.1802965        1.0000000       0.90673859        1.0000000        1.0000053        1.0000000        1.1702462 
       1.0000000        1.0000000        1.0000000        1.0000000      0.041000000        9.9089265        9.7769616       0.14438704       0.14213228      0.084266775      0.081037234      0.042957828      0.039690791       0.73591290       0.73443228       0.69427306       0.69052289       0.68247739       0.67628976        1.0000000        1.9530850        1.0000000        2.0219045        1.0000000        2.1817217        1.0000000       0.90179170        1.0000000       0.99658665        1.0000000        1.1716714 
       1.0000000        1.0000000        1.0000000        1.0000000      0.042000000        9.8510998        9.7221555       0.14351996       0.14202346      0.083815748      0.081219953      0.042707756      0.039884745       0.73294288       0.73235605       0.69234314       0.68988404       0.68071478       0.67626027        1.0000000        1.9474902        1.0000000        2.0205063        1.0000000        2.1840594        1.0000000       0.89619694        1.0000000       0.99518854        1.0000000        1.1740090 
       1.0000000        1.0000000        1.0000000        1.0000000      0.043000000        9.7777428        9.6516690       0.14314677       0.14182151      0.083709986      0.081163670      0.042646128      0.039849613       0.73144725       0.73088279       0.69145190       0.68926321       0.68129691       0.67642677        1.0000000        1.9430851        1.0000000        2.0180712        1.0000000        2.1835809        1.0000000       0.89179177        1.0000000       0.99275341        1.0000000        1.1735306 
       1.0000000        1.0000000        1.0000000        1.0000000      0.044000000        9.7178733        9.5945314       0.14274896       0.14139022      0.083465262      0.081091027      0.042422677      0.039757925       0.72933546       0.72875331       0.69005330       0.68821135       0.68027390       0.67552961        1.0000000        1.9369087        1.0000000        2.0149825        1.0000000        2.1805716        1.0000000       0.88561540        1.0000000       0.98966474        1.0000000        1.1705213 
       1.0000000        1.0000000        1.0000000        1.0000000      0.045000000        9.6259212        9.5054364       0.14212083       0.14122087      0.082695832      0.080846762      0.041761393      0.039232783       0.72612300       0.72755867       0.68691081       0.68620011       0.67779466       0.67302372        1.0000000        1.9338859        1.0000000        2.0088537        1.0000000        2.1683192        1.0000000       0.88259264        1.0000000       0.98353584        1.0000000        1.1582689 
       1.0000000        1.0000000        1.0000000        1.0000000      0.046000000        9.5565122        9.4385000       0.14159646       0.14114471      0.082580299      0.081009411      0.041843458      0.039307197       0.72397871       0.72566271       0.68574122       0.68587297       0.67820879       0.67313927        1.0000000        1.9286284        1.0000000        2.0082176        1.0000000        2.1701138        1.0000000       0.87733507        1.0000000       0.98289976        1.0000000        1.1600635 
       1.0000000        1.0000000        1.0000000        1.0000000      0.047000000        9.5159773        9.4003275       0.14124672       0.14114664      0.082465833      0.081153481      0.041695015      0.039364555       0.72200166       0.72384892       0.68498012       0.68500366       0.67806206       0.67359393        1.0000000        1.9238666        1.0000000        2.0062819        1.0000000        2.1724200        1.0000000       0.87257327        1.0000000       0.98096409        1.0000000        1.1623697 
       1.0000000        1.0000000        1.0000000        1.0000000      0.048000000        9.4344444        9.3210544       0.14089241       0.14142034      0.082392852      0.081685376      0.041707686      0.039577772       0.72056202       0.72348362       0.68431667       0.68611443       0.67756118       0.67408494        1.0000000        1.9220494        1.0000000        2.0099581        1.0000000        2.1774680        1.0000000       0.87075615        1.0000000       0.98464034        1.0000000        1.1674176 
       1.0000000        1.0000000        1.0000000        1.0000000      0.049000000        9.4089057        9.2976795       0.14044117       0.14126694      0.082413205      0.081831795      0.041841106      0.039710916       0.71856496       0.72103947       0.68357008       0.68543156       0.67802171       0.67436925        1.0000000        1.9154882        1.0000000        2.0088721        1.0000000        2.1800633        1.0000000       0.86419489        1.0000000       0.98355431        1.0000000        1.1700130 
       1.0000000        1.0000000        1.0000000        1.0000000      0.050000000        9.4085985        9.2994464       0.13965872       0.14106504      0.081862163      0.081708532      0.041662528      0.039481145       0.71639885       0.71901233       0.68235068       0.68463574       0.67741943       0.67343871        1.0000000        1.9100656        1.0000000        2.0060313        1.0000000        2.1743268        1.0000000       0.85877228        1.0000000       0.98071348        1.0000000        1.1642764 
       1.0000000        1.0000000        1.0000000        1.0000000      0.051000000        9.3657254        9.2585634       0.13934521       0.14054945      0.081734098      0.081655526      0.041641965      0.039618632       0.71445628       0.71750511       0.68124520       0.68440995       0.67738660       0.67378031        1.0000000        1.9051361        1.0000000        2.0046302        1.0000000        2.1754014        1.0000000       0.85384286        1.0000000       0.97931238        1.0000000        1.1653511 
       1.0000000        1.0000000        1.0000000        1.0000000      0.052000000        9.3406395        9.2353887       0.13899568       0.14032918      0.081715133      0.081531869      0.041755887      0.039521717       0.71272804       0.71549748       0.68058723       0.68325282       0.67738136       0.67367682        1.0000000        1.8998148        1.0000000        2.0012629        1.0000000        2.1740720        1.0000000       0.84852151        1.0000000       0.97594512        1.0000000        1.1640217 
       1.0000000        1.0000000        1.0000000        1.0000000      0.053000000        9.3580223        9.2546086       0.13872702       0.13977589      0.081830643      0.081344346      0.041901936      0.039456618       0.71056786       0.71312033       0.68022855       0.68281444       0.67782115       0.67379427        1.0000000        1.8926574        1.0000000        1.9993025        1.0000000        2.1738615        1.0000000       0.84136407        1.0000000       0.97398471        1.0000000        1.1638112 
       1.0000000        1.0000000        1.0000000        1.0000000      0.054000000        9.3437566        9.2421104       0.13852140       0.13940348      0.081845800      0.081188131      0.041881884      0.039375131       0.70908312       0.71188198       0.67995023       0.68250375       0.67856448       0.67353098        1.0000000        1.8888812        1.0000000        1.9980154        1.0000000        2.1727009        1.0000000       0.83758794        1.0000000       0.97269756        1.0000000        1.1626505 
       1.0000000        1.0000000        1.0000000        1.0000000      0.055000000        9.2836513        9.1837069       0.13787705       0.13916521      0.081315898      0.081162832      0.041469926      0.039368032       0.70753138       0.71069443       0.67896972       0.68224085       0.67817444       0.67332267        1.0000000        1.8854896        1.0000000        1.9972435        1.0000000        2.1713414        1.0000000       0.83419628        1.0000000       0.97192566        1.0000000        1.1612911 
       1.0000000        1.0000000        1.0000000        1.0000000      0.056000000        9.2065533        9.1084095       0.13783026       0.13933181      0.081414421      0.081242248      0.041591735      0.039298454       0.70660983       0.71007862       0.67884929       0.68227154       0.67826658       0.67343405        1.0000000        1.8838896        1.0000000        1.9976228        1.0000000        2.1716445        1.0000000       0.83259628        1.0000000       0.97230495        1.0000000        1.1615942 
       1.0000000        1.0000000        1.0000000        1.0000000      0.057000000        9.1468897        9.0503216       0.13751383       0.13959224      0.081373590      0.081522764      0.041561232      0.039417368       0.70574233       0.70969664       0.67858997       0.68342499       0.67870500       0.67378023        1.0000000        1.8828845        1.0000000        2.0021718        1.0000000        2.1755094        1.0000000       0.83159117        1.0000000       0.97685403        1.0000000        1.1654591 
       1.0000000        1.0000000        1.0000000        1.0000000      0.058000000        9.1149330        9.0198856       0.13744001       0.13978217      0.081431366      0.081710114      0.041534157      0.039477762       0.70482922       0.70925407       0.67851578       0.68447932       0.67911052       0.67394887        1.0000000        1.8817166        1.0000000        2.0060653        1.0000000        2.1773321        1.0000000       0.83042330        1.0000000       0.98074751        1.0000000        1.1672817 
       1.0000000        1.0000000        1.0000000        1.0000000      0.059000000        9.0510243        8.9574455       0.13724205       0.14010557      0.081439829      0.082066547      0.041614134      0.039658099       0.70330207       0.70929763       0.67847607       0.68520858       0.67814821       0.67451163        1.0000000        1.8821465        1.0000000        2.0094519        1.0000000        2.1817344        1.0000000       0.83085318        1.0000000       0.98413406        1.0000000        1.1716840 
       1.0000000        1.0000000        1.0000000        1.0000000      0.060000000        9.0189811        8.9268217       0.13705556       0.14039837      0.081227355      0.082466332      0.041453776      0.040167489       0.70243733       0.70909579       0.67731201       0.68620924       0.67628638       0.67649017        1.0000000        1.8816261        1.0000000        2.0126104        1.0000000        2.1918701        1.0000000       0.83033285        1.0000000       0.98729259        1.0000000        1.1818198 
       1.0000000        1.0000000        1.0000000        1.0000000      0.061000000        8.9817351        8.8909482       0.13685070       0.14043445      0.081224334      0.082567798      0.041502142      0.040225761       0.70133081       0.70863889       0.67655722       0.68651363       0.67624675       0.67671140        1.0000000        1.8805491        1.0000000        2.0139760        1.0000000        2.1934936        1.0000000       0.82925579        1.0000000       0.98865815        1.0000000        1.1834433 
       1.0000000        1.0000000        1.0000000        1.0000000      0.062000000        8.9185306        8.8290718       0.13668924       0.13946982      0.081120568      0.081955189      0.041409100      0.040084012       0.70041351       0.70644932       0.67594012       0.68450670       0.67547394       0.67520539        1.0000000        1.8739324        1.0000000        2.0068120        1.0000000        2.1869475        1.0000000       0.82263915        1.0000000       0.98149418        1.0000000        1.1768972 
       1.0000000        1.0000000        1.0000000        1.0000000      0.063000000        8.8764520        8.7882790       0.13660655       0.13885984      0.081026703      0.081461358      0.041272953      0.039771164       0.69956433       0.70445817       0.67532845       0.68250108       0.67485505       0.67341783        1.0000000        1.8680049        1.0000000        1.9994071        1.0000000        2.1759370        1.0000000       0.81671156        1.0000000       0.97408928        1.0000000        1.1658867 
       1.0000000        1.0000000        1.0000000        1.0000000      0.064000000        8.8445646        8.7576373       0.13653443       0.13870135      0.081119589      0.081447987      0.041282636      0.039867764       0.69863048       0.70370436       0.67521674       0.68246883       0.67498482       0.67403748        1.0000000        1.8658243        1.0000000        1.9992409        1.0000000        2.1798197        1.0000000       0.81453104        1.0000000       0.97392310        1.0000000        1.1697694 
       1.0000000        1.0000000        1.0000000        1.0000000      0.065000000        8.8067299        8.7210100       0.13604913       0.13869740      0.080831380      0.081524861      0.041268729      0.040032682       0.69727683       0.70314144       0.67392401       0.68247512       0.67449532       0.67491587        1.0000000        1.8640297        1.0000000        1.9990931        1.0000000        2.1842672        1.0000000       0.81273642        1.0000000       0.97377532        1.0000000        1.1742169 
       1.0000000        1.0000000        1.0000000        1.0000000      0.066000000        8.7679204        8.6833715       0.13585701       0.13874469      0.080781593      0.081533775      0.041354310      0.039872704       0.69658932       0.70237899       0.67328618       0.68262405       0.67438464       0.67439639        1.0000000        1.8618464        1.0000000        1.9994254        1.0000000        2.1807044        1.0000000       0.81055307        1.0000000       0.97410757        1.0000000        1.1706541 
       1.0000000        1.0000000        1.0000000        1.0000000      0.067000000        8.7480258        8.6647248       0.13589567       0.13911466      0.080975220      0.081843787      0.041753163      0.039946098       0.69600640       0.70221920       0.67286536       0.68333774       0.67439340       0.67470294        1.0000000        1.8615096        1.0000000        2.0020907        1.0000000        2.1832436        1.0000000       0.81021629        1.0000000       0.97677293        1.0000000        1.1731933 
       1.0000000        1.0000000        1.0000000        1.0000000      0.068000000        8.7083612        8.6261599       0.13582475       0.13916214      0.081084986      0.081989618      0.041878590      0.040151673       0.69522881       0.70249668       0.67294675       0.68402536       0.67583730       0.67608847        1.0000000        1.8618771        1.0000000        2.0043987        1.0000000        2.1886435        1.0000000       0.81058381        1.0000000       0.97908090        1.0000000        1.1785932 
       1.0000000        1.0000000        1.0000000        1.0000000      0.069000000        8.6853771        8.6042440       0.13570484       0.13957774      0.081049280      0.082261561      0.041873450      0.040253468       0.69458570       0.70264975       0.67271428       0.68451863       0.67565712       0.67673566        1.0000000        1.8624166        1.0000000        2.0062291        1.0000000        2.1911414        1.0000000       0.81112334        1.0000000       0.98091127        1.0000000        1.1810910 
       1.0000000        1.0000000        1.0000000        1.0000000      0.070000000        8.6536927        8.5735976       0.13571108       0.13987155      0.081258698      0.082598121      0.042247034      0.040430786       0.69389673       0.70255719       0.67268718       0.68492285       0.67601464       0.67722067        1.0000000        1.8623802        1.0000000        2.0082472        1.0000000        2.1946322        1.0000000       0.81108689        1.0000000       0.98292934        1.0000000        1.1845818 
       1.0000000        1.0000000        1.0000000        1.0000000      0.071000000        8.6093394        8.5302535       0.13563359       0.13984493      0.081395000      0.082883988      0.042380589      0.040660292       0.69332714       0.70138207       0.67277076       0.68514811       0.67639613       0.67771136        1.0000000        1.8588107        1.0000000        2.0086617        1.0000000        2.1991356        1.0000000       0.80751738        1.0000000       0.98334392        1.0000000        1.1890852 
       1.0000000        1.0000000        1.0000000        1.0000000      0.072000000        8.5676003        8.4894959       0.13553327       0.13961798      0.081293712      0.082661184      0.042347947      0.040507533       0.69282615       0.70097664       0.67241313       0.68466073       0.67644132       0.67690819        1.0000000        1.8577655        1.0000000        2.0071497        1.0000000        2.1945729        1.0000000       0.80647226        1.0000000       0.98183191        1.0000000        1.1845225 
       1.0000000        1.0000000        1.0000000        1.0000000      0.073000000        8.5253715        8.4482221       0.13518400       0.14000249      0.081001591      0.083069820      0.042096406      0.040703227       0.69193509       0.70096813       0.67188283       0.68597379       0.67600662       0.67764107        1.0000000        1.8579507        1.0000000        2.0123440        1.0000000        2.1992978        1.0000000       0.80665740        1.0000000       0.98702614        1.0000000        1.1892474 
       1.0000000        1.0000000        1.0000000        1.0000000      0.074000000        8.4936589        8.4174392       0.13509294       0.14003043      0.080969573      0.083201681      0.042119283      0.040742512       0.69155832       0.70033695       0.67158388       0.68591894       0.67577766       0.67772357        1.0000000        1.8559215        1.0000000        2.0123109        1.0000000        2.2005650        1.0000000       0.80462819        1.0000000       0.98699311        1.0000000        1.1905147 
       1.0000000        1.0000000        1.0000000        1.0000000      0.075000000        8.4624200        8.3871055       0.13504128       0.14033124      0.081009683      0.083421930      0.042097181      0.040799120       0.69070476       0.70007734       0.67161929       0.68628892       0.67579429       0.67762215        1.0000000        1.8554860        1.0000000        2.0141614        1.0000000        2.2010767        1.0000000       0.80419270        1.0000000       0.98884355        1.0000000        1.1910263 
       1.0000000        1.0000000        1.0000000        1.0000000      0.076000000        8.4121365        8.3377039       0.13490229       0.13996724      0.080955173      0.083215372      0.042176574      0.040749593       0.69036209       0.69889693       0.67152320       0.68600138       0.67597624       0.67821928        1.0000000        1.8518669        1.0000000        2.0123582        1.0000000        2.2021445        1.0000000       0.80057364        1.0000000       0.98704043        1.0000000        1.1920942 
       1.0000000        1.0000000        1.0000000        1.0000000      0.077000000        8.3876024        8.3140293       0.13461371       0.13941966      0.080636606      0.082982373      0.041885446      0.040621419       0.68962518       0.69809682       0.67057771       0.68570847       0.67488881       0.67824954        1.0000000        1.8489979        1.0000000        2.0109976        1.0000000        2.2012563        1.0000000       0.79770465        1.0000000       0.98567975        1.0000000        1.1912060 
       1.0000000        1.0000000        1.0000000        1.0000000      0.078000000        8.3565826        8.2838474       0.13465606       0.13947072      0.080731474      0.083034839      0.041922640      0.040615899       0.68918528       0.69741992       0.67067850       0.68542154       0.67520187       0.67815018        1.0000000        1.8472499        1.0000000        2.0098921        1.0000000        2.2003778        1.0000000       0.79595664        1.0000000       0.98457425        1.0000000        1.1903275 
       1.0000000        1.0000000        1.0000000        1.0000000      0.079000000        8.3024649        8.2306275       0.13446591       0.13952488      0.080378245      0.083093460      0.041488985      0.040617560       0.68877606       0.69727190       0.67069642       0.68535104       0.67507096       0.67813801        1.0000000        1.8469448        1.0000000        2.0100861        1.0000000        2.2000630        1.0000000       0.79565151        1.0000000       0.98476827        1.0000000        1.1900126 
       1.0000000        1.0000000        1.0000000        1.0000000      0.080000000        8.2901801        8.2191379       0.13446187       0.13929126      0.080496838      0.082841595      0.041563677      0.040362027       0.68829594       0.69711723       0.67076079       0.68397660       0.67542682       0.67559653        1.0000000        1.8466372        1.0000000        2.0056571        1.0000000        2.1906810        1.0000000       0.79534394        1.0000000       0.98033929        1.0000000        1.1806307 
       1.0000000        1.0000000        1.0000000        1.0000000      0.081000000        8.2840142        8.2137482       0.13438013       0.13895400      0.080495040      0.082726888      0.041526469      0.040391661       0.68736007       0.69631677       0.67059114       0.68353906       0.67519937       0.67598680        1.0000000        1.8440874        1.0000000        2.0036331        1.0000000        2.1926572        1.0000000       0.79279412        1.0000000       0.97831527        1.0000000        1.1826068 
       1.0000000        1.0000000        1.0000000        1.0000000      0.082000000        8.2526587        8.1831503       0.13427972       0.13881891      0.080633498      0.082699204      0.041741008      0.040470069       0.68642874       0.69566524       0.67029270       0.68328434       0.67532455       0.67663240        1.0000000        1.8421243        1.0000000        2.0022618        1.0000000        2.1939676        1.0000000       0.79083096        1.0000000       0.97694402        1.0000000        1.1839173 
       1.0000000        1.0000000        1.0000000        1.0000000      0.083000000        8.2228180        8.1540496       0.13384955       0.13908995      0.080333767      0.083003109      0.041436303      0.040669157       0.68567168       0.69621590       0.66988341       0.68445942       0.67516450       0.67734958        1.0000000        1.8435681        1.0000000        2.0066205        1.0000000        2.1986824        1.0000000       0.79227477        1.0000000       0.98130274        1.0000000        1.1886320 
       1.0000000        1.0000000        1.0000000        1.0000000      0.084000000        8.1783021        8.1102565       0.13386118       0.13889939      0.080407099      0.082930083      0.041414843      0.040748082       0.68505639       0.69571102       0.67036297       0.68422478       0.67545378       0.67731494        1.0000000        1.8420635        1.0000000        2.0054763        1.0000000        2.1983787        1.0000000       0.79077025        1.0000000       0.98015854        1.0000000        1.1883284 
       1.0000000        1.0000000        1.0000000        1.0000000      0.085000000        8.1594338        8.0920946       0.13380340       0.13912689      0.080401094      0.083184632      0.041480786      0.040916782       0.68466751       0.69568223       0.67026500       0.68420755       0.67540831       0.67750670        1.0000000        1.8422221        1.0000000        2.0056848        1.0000000        2.2005031        1.0000000       0.79092876        1.0000000       0.98036702        1.0000000        1.1904527 
       1.0000000        1.0000000        1.0000000        1.0000000      0.086000000        8.1491883        8.0825395       0.13379188       0.13903715      0.080447996      0.083088002      0.041496792      0.040836122       0.68418896       0.69535723       0.67025488       0.68400456       0.67531450       0.67721990        1.0000000        1.8412530        1.0000000        2.0049584        1.0000000        2.1986508        1.0000000       0.78995972        1.0000000       0.97964058        1.0000000        1.1886004 
       1.0000000        1.0000000        1.0000000        1.0000000      0.087000000        8.1143621        8.0483883       0.13387726       0.13908023      0.080502702      0.083148519      0.041463339      0.040851919       0.68416609       0.69551262       0.67040908       0.68405293       0.67507867       0.67702276        1.0000000        1.8417804        1.0000000        2.0052496        1.0000000        2.1982898        1.0000000       0.79048708        1.0000000       0.97993183        1.0000000        1.1882395 
       1.0000000        1.0000000        1.0000000        1.0000000      0.088000000        8.0881779        8.0228643       0.13386709       0.13909823      0.080506496      0.083204434      0.041492940      0.040885549       0.68393774       0.69557270       0.67034523       0.68465097       0.67458112       0.67777969        1.0000000        1.8416042        1.0000000        2.0071778        1.0000000        2.2022174        1.0000000       0.79031086        1.0000000       0.98185996        1.0000000        1.1921671 
       1.0000000        1.0000000        1.0000000        1.0000000      0.089000000        8.0565637        7.9918959       0.13406234       0.13894379      0.080738108      0.083188332      0.041677033      0.040941308       0.68388431       0.69496226       0.67073923       0.68461826       0.67444172       0.67816220        1.0000000        1.8397007        1.0000000        2.0067938        1.0000000        2.2036839        1.0000000       0.78840736        1.0000000       0.98147596        1.0000000        1.1936336 
       1.0000000        1.0000000        1.0000000        1.0000000      0.090000000        8.0464201        7.9824467       0.13391937       0.13895959      0.080565239      0.083291289      0.041477051      0.041041567       0.68325145       0.69452474       0.67035041       0.68462249       0.67399339       0.67863881        1.0000000        1.8384753        1.0000000        2.0068559        1.0000000        2.2057415        1.0000000       0.78718203        1.0000000       0.98153812        1.0000000        1.1956912 
       1.0000000        1.0000000        1.0000000        1.0000000      0.091000000        8.0460957        7.9827395       0.13396236       0.13898071      0.080591302      0.083302105      0.041451027      0.041054862       0.68327114       0.69401257       0.67032169       0.68404289       0.67398638       0.67843771        1.0000000        1.8372006        1.0000000        2.0053281        1.0000000        2.2040905        1.0000000       0.78590728        1.0000000       0.98001031        1.0000000        1.1940402 
       1.0000000        1.0000000        1.0000000        1.0000000      0.092000000        8.0337115        7.9709596       0.13392768       0.13859924      0.080601108      0.082990826      0.041420004      0.040861101       0.68284481       0.69305763       0.67032315       0.68322713       0.67383876       0.67792420        1.0000000        1.8343849        1.0000000        2.0019632        1.0000000        2.2000683        1.0000000       0.78309165        1.0000000       0.97664541        1.0000000        1.1900179 
       1.0000000        1.0000000        1.0000000        1.0000000      0.093000000        8.0166072        7.9544470       0.13393136       0.13885535      0.080627597      0.083168173      0.041483008      0.040922347       0.68240710       0.69330342       0.67038494       0.68341411       0.67403866       0.67831269        1.0000000        1.8351731        1.0000000        2.0027171        1.0000000        2.2027089        1.0000000       0.78387977        1.0000000       0.97739933        1.0000000        1.1926586 
       1.0000000        1.0000000        1.0000000        1.0000000      0.094000000        7.9966610        7.9350804       0.13397864       0.13883148      0.080708347      0.083096168      0.041546466      0.040855577       0.68200991       0.69334641       0.67065515       0.68341362       0.67417615       0.67825117        1.0000000        1.8351931        1.0000000        2.0026290        1.0000000        2.2023338        1.0000000       0.78389979        1.0000000       0.97731122        1.0000000        1.1922834 
       1.0000000        1.0000000        1.0000000        1.0000000      0.095000000        7.9627704        7.9017578       0.13396821       0.13892237      0.080718951      0.083157752      0.041530075      0.040891236       0.68166676       0.69346338       0.67088259       0.68378784       0.67420508       0.67852561        1.0000000        1.8355283        1.0000000        2.0038663        1.0000000        2.2038127        1.0000000       0.78423499        1.0000000       0.97854846        1.0000000        1.1937624 
       1.0000000        1.0000000        1.0000000        1.0000000      0.096000000        7.9388797        7.8784236       0.13403101       0.13906043      0.080760158      0.083389546      0.041449548      0.041197729       0.68158298       0.69376615       0.67107353       0.68497515       0.67414874       0.68110769        1.0000000        1.8362115        1.0000000        2.0068732        1.0000000        2.2126926        1.0000000       0.78491820        1.0000000       0.98155535        1.0000000        1.2026422 
       1.0000000        1.0000000        1.0000000        1.0000000      0.097000000        7.9107716        7.8508610       0.13404973       0.13920821      0.080856140      0.083516951      0.041602071      0.041241595       0.68116169       0.69384789       0.67102219       0.68513194       0.67398547       0.68115663        1.0000000        1.8365536        1.0000000        2.0077214        1.0000000        2.2135686        1.0000000       0.78526031        1.0000000       0.98240355        1.0000000        1.2035183 
       1.0000000        1.0000000        1.0000000        1.0000000      0.098000000        7.8886421        7.8292664       0.13392585       0.13921431      0.080839748      0.083506055      0.041686441      0.041261975       0.68060322       0.69404485       0.67091696       0.68540893       0.67428627       0.68146643        1.0000000        1.8370579        1.0000000        2.0086711        1.0000000        2.2147910        1.0000000       0.78576456        1.0000000       0.98335332        1.0000000        1.2047407 
       1.0000000        1.0000000        1.0000000        1.0000000      0.099000000        7.8821845        7.8233332       0.13388236       0.13923085      0.080869357      0.083455493      0.041765179      0.041110513       0.68041542       0.69378062       0.67104120       0.68522989       0.67491752       0.68077191        1.0000000        1.8364253        1.0000000        2.0083545        1.0000000        2.2116582        1.0000000       0.78513205        1.0000000       0.98303671        1.0000000        1.2016079 
       1.0000000        1.0000000        1.0000000        1.0000000       0.10000000        7.8673045        7.8089676       0.13365348       0.13927576      0.080724767      0.083398943      0.041809785      0.041038068       0.67982117       0.69414936       0.67023819       0.68532146       0.67479584       0.68045306        1.0000000        1.8374752        1.0000000        2.0088248        1.0000000        2.2105186        1.0000000       0.78618194        1.0000000       0.98350697        1.0000000        1.2004683 
       1.0000000        1.0000000        1.0000000        1.0000000       0.10100000        7.8281763        7.7703940       0.13356169       0.13931580      0.080686143      0.083534042      0.041825527      0.041257983       0.67926591       0.69420484       0.66972209       0.68550744       0.67448676       0.68127681        1.0000000        1.8373997        1.0000000        2.0093125        1.0000000        2.2140119        1.0000000       0.78610645        1.0000000       0.98399465        1.0000000        1.2039616 
       1.0000000        1.0000000        1.0000000        1.0000000       0.10200000        7.8156436        7.7583555       0.13363773       0.13954093      0.080787053      0.083708291      0.041914998      0.041308850       0.67899183       0.69441217       0.67027355       0.68580361       0.67466693       0.68148331        1.0000000        1.8381056        1.0000000        2.0104914        1.0000000        2.2152997        1.0000000       0.78681230        1.0000000       0.98517355        1.0000000        1.2052494 
       1.0000000        1.0000000        1.0000000        1.0000000       0.10300000        7.7913181        7.7345151       0.13373762       0.13969586      0.080833857      0.083810575      0.041850407      0.041307259       0.67915511       0.69446228       0.67053676       0.68606841       0.67448453       0.68164082        1.0000000        1.8383650        1.0000000        2.0117009        1.0000000        2.2159818        1.0000000       0.78707172        1.0000000       0.98638307        1.0000000        1.2059315 
       1.0000000        1.0000000        1.0000000        1.0000000       0.10400000        7.7640814        7.7077545       0.13387424       0.13960608      0.080973339      0.083821652      0.041928459      0.041300335       0.67911479       0.69393359       0.67082642       0.68635462       0.67469558       0.68201819        1.0000000        1.8368628        1.0000000        2.0124058        1.0000000        2.2174335        1.0000000       0.78556951        1.0000000       0.98708804        1.0000000        1.2073831 
       1.0000000        1.0000000        1.0000000        1.0000000       0.10500000        7.7376690        7.6818096       0.13379687       0.13953233      0.080911946      0.083741560      0.041917933      0.041259108       0.67888541       0.69384891       0.67042036       0.68621584       0.67442820       0.68206445        1.0000000        1.8365804        1.0000000        2.0117213        1.0000000        2.2164622        1.0000000       0.78528708        1.0000000       0.98640350        1.0000000        1.2064118 
       1.0000000        1.0000000        1.0000000        1.0000000       0.10600000        7.7275628        7.6721625       0.13376300       0.13934965      0.080861622      0.083615165      0.041855074      0.041263258       0.67861797       0.69320887       0.67034179       0.68542994       0.67434550       0.68165055        1.0000000        1.8347803        1.0000000        2.0089018        1.0000000        2.2143048        1.0000000       0.78348705        1.0000000       0.98358402        1.0000000        1.2042544 
       1.0000000        1.0000000        1.0000000        1.0000000       0.10700000        7.7076390        7.6526895       0.13369578       0.13966944      0.080807871      0.083907253      0.041814623      0.041426161       0.67824124       0.69360831       0.67030253       0.68639637       0.67463119       0.68252609        1.0000000        1.8360786        1.0000000        2.0123535        1.0000000        2.2186498        1.0000000       0.78478527        1.0000000       0.98703572        1.0000000        1.2085995 
       1.0000000        1.0000000        1.0000000        1.0000000       0.10800000        7.6946432        7.6401367       0.13370736       0.13969877      0.080847341      0.083942827      0.041863640      0.041400653       0.67808481       0.69375536       0.67031492       0.68631270       0.67455973       0.68227332        1.0000000        1.8365366        1.0000000        2.0123263        1.0000000        2.2189667        1.0000000       0.78524328        1.0000000       0.98700848        1.0000000        1.2089164 
       1.0000000        1.0000000        1.0000000        1.0000000       0.10900000        7.6811034        7.6270320       0.13364024       0.13997272      0.080820243      0.084097693      0.041871267      0.041432925       0.67799543       0.69425675       0.67020300       0.68676203       0.67502309       0.68265951        1.0000000        1.8380917        1.0000000        2.0142959        1.0000000        2.2207744        1.0000000       0.78679836        1.0000000       0.98897807        1.0000000        1.2107241 
       1.0000000        1.0000000        1.0000000        1.0000000       0.11000000        7.6505413        7.5968975       0.13366313       0.14019251      0.080888814      0.084274890      0.041945101      0.041648007       0.67798747       0.69466093       0.67049802       0.68720691       0.67518948       0.68271472        1.0000000        1.8391779        1.0000000        2.0161231        1.0000000        2.2235190        1.0000000       0.78788461        1.0000000       0.99080527        1.0000000        1.2134686 
       1.0000000        1.0000000        1.0000000        1.0000000       0.11100000        7.6200033        7.5667798       0.13370814       0.14034741      0.080907532      0.084445572      0.041909539      0.041763392       0.67799578       0.69433317       0.67048753       0.68696392       0.67466646       0.68254745        1.0000000        1.8385533        1.0000000        2.0157364        1.0000000        2.2237471        1.0000000       0.78726004        1.0000000       0.99041859        1.0000000        1.2136967 
       1.0000000        1.0000000        1.0000000        1.0000000       0.11200000        7.5917336        7.5389232       0.13349452       0.14057878      0.080770254      0.084576555      0.041821393      0.041797804       0.67734986       0.69507652       0.66965515       0.68772783       0.67397507       0.68288517        1.0000000        1.8407454        1.0000000        2.0186243        1.0000000        2.2256254        1.0000000       0.78945214        1.0000000       0.99330647        1.0000000        1.2155750 
       1.0000000        1.0000000        1.0000000        1.0000000       0.11300000        7.5651798        7.5128158       0.13349591       0.14045617      0.080749114      0.084438632      0.041833565      0.041707538       0.67739022       0.69494979       0.66962366       0.68768433       0.67389329       0.68246355        1.0000000        1.8403304        1.0000000        2.0183990        1.0000000        2.2233115        1.0000000       0.78903707        1.0000000       0.99308120        1.0000000        1.2132611 
       1.0000000        1.0000000        1.0000000        1.0000000       0.11400000        7.5477491        7.4957838       0.13353179       0.14075226      0.080881346      0.084787145      0.041993669      0.041998631       0.67706450       0.69583870       0.66973201       0.68909201       0.67420624       0.68438529        1.0000000        1.8426354        1.0000000        2.0228848        1.0000000        2.2326951        1.0000000       0.79134210        1.0000000       0.99756704        1.0000000        1.2226448 
       1.0000000        1.0000000        1.0000000        1.0000000       0.11500000        7.5256986        7.4741256       0.13353916       0.14077512      0.080896726      0.084804308      0.042025491      0.042016836       0.67687516       0.69554005       0.66966683       0.68898000       0.67416301       0.68461255        1.0000000        1.8418353        1.0000000        2.0223983        1.0000000        2.2333499        1.0000000       0.79054203        1.0000000       0.99708051        1.0000000        1.2232995 
       1.0000000        1.0000000        1.0000000        1.0000000       0.11600000        7.5067727        7.4555854       0.13332104       0.14084757      0.080570510      0.084910002      0.041737578      0.042138464       0.67645796       0.69540519       0.66886563       0.68925500       0.67304911       0.68500389        1.0000000        1.8415970        1.0000000        2.0234948        1.0000000        2.2353646        1.0000000       0.79030370        1.0000000       0.99817701        1.0000000        1.2253143 
       1.0000000        1.0000000        1.0000000        1.0000000       0.11700000        7.4867406        7.4359327       0.13331519       0.14051811      0.080570612      0.084575986      0.041707290      0.041895404       0.67621999       0.69456247       0.66878566       0.68813607       0.67274300       0.68344955        1.0000000        1.8392248        1.0000000        2.0197203        1.0000000        2.2278456        1.0000000       0.78793151        1.0000000       0.99440250        1.0000000        1.2177953 
       1.0000000        1.0000000        1.0000000        1.0000000       0.11800000        7.4618307        7.4113962       0.13332370       0.13997666      0.080580477      0.084173903      0.041710936      0.041793596       0.67635303       0.69310658       0.66860324       0.68604762       0.67275602       0.68117255        1.0000000        1.8352459        1.0000000        2.0123299        1.0000000        2.2166768        1.0000000       0.78395264        1.0000000       0.98701213        1.0000000        1.2066264 
       1.0000000        1.0000000        1.0000000        1.0000000       0.11900000        7.4466145        7.3965474       0.13314474       0.13958035      0.080426171      0.083484257      0.041601043      0.040722468       0.67593262       0.69211575       0.66818036       0.68478240       0.67242271       0.67925333        1.0000000        1.8323421        1.0000000        2.0066514        1.0000000        2.2006375        1.0000000       0.78104878        1.0000000       0.98133361        1.0000000        1.1905872 
       1.0000000        1.0000000        1.0000000        1.0000000       0.12000000        7.4226602        7.3729548       0.13308182       0.13970031      0.080440121      0.083575086      0.041703320      0.040756410       0.67587440       0.69208515       0.66858541       0.68466833       0.67303316       0.67929060        1.0000000        1.8323997        1.0000000        2.0064031        1.0000000        2.2010831        1.0000000       0.78110637        1.0000000       0.98108525        1.0000000        1.1910328 
       1.0000000        1.0000000        1.0000000        1.0000000       0.12100000        7.4139080        7.3645585       0.13311581       0.13967544      0.080524530      0.083572683      0.041813797      0.040751296       0.67577097       0.69200640       0.66888589       0.68468525       0.67361536       0.67909097        1.0000000        1.8321388        1.0000000        2.0064326        1.0000000        2.2005397        1.0000000       0.78084548        1.0000000       0.98111480        1.0000000        1.1904893 
       1.0000000        1.0000000        1.0000000        1.0000000       0.12200000        7.3961381        7.3471390       0.13306147       0.13979965      0.080453804      0.083696973      0.041693942      0.040763969       0.67549363       0.69225412       0.66851265       0.68494864       0.67321376       0.67927278        1.0000000        1.8328757        1.0000000        2.0073921        1.0000000        2.2020623        1.0000000       0.78158239        1.0000000       0.98207433        1.0000000        1.1920119 
       1.0000000        1.0000000        1.0000000        1.0000000       0.12300000        7.3830808        7.3344268       0.13295390       0.13935782      0.080327266      0.083415902      0.041683134      0.040639635       0.67542302       0.69115991       0.66837025       0.68435330       0.67324625       0.67896182        1.0000000        1.8292823        1.0000000        2.0050488        1.0000000        2.1999475        1.0000000       0.77798901        1.0000000       0.97973102        1.0000000        1.1898971 
       1.0000000        1.0000000        1.0000000        1.0000000       0.12400000        7.3672824        7.3190018       0.13294777       0.13963794      0.080367856      0.083567323      0.041795967      0.040686609       0.67529883       0.69158659       0.66832623       0.68472953       0.67329413       0.67901259        1.0000000        1.8304764        1.0000000        2.0070636        1.0000000        2.2017581        1.0000000       0.77918315        1.0000000       0.98174577        1.0000000        1.1917078 
       1.0000000        1.0000000        1.0000000        1.0000000       0.12500000        7.3492594        7.3013129       0.13303942       0.13979511      0.080445287      0.083709023      0.041815696      0.040783448       0.67546096       0.69185047       0.66849614       0.68518129       0.67338212       0.67942182        1.0000000        1.8311900        1.0000000        2.0090082        1.0000000        2.2043710        1.0000000       0.77989667        1.0000000       0.98369042        1.0000000        1.1943207 
       1.0000000        1.0000000        1.0000000        1.0000000       0.12600000        7.3309842        7.2833668       0.13309357       0.13970795      0.080511672      0.083648732      0.041894737      0.040772566       0.67559502       0.69165003       0.66883632       0.68516583       0.67407852       0.67984957        1.0000000        1.8305241        1.0000000        2.0086996        1.0000000        2.2052219        1.0000000       0.77923081        1.0000000       0.98338180        1.0000000        1.1951716 
       1.0000000        1.0000000        1.0000000        1.0000000       0.12700000        7.3131874        7.2658942       0.13311794       0.13771279      0.080517618      0.081898173      0.041915720      0.039740631       0.67568194       0.69006567       0.66891473       0.68370172       0.67423913       0.67917718        1.0000000        1.8240990        1.0000000        1.9999091        1.0000000        2.1944553        1.0000000       0.77280572        1.0000000       0.97459127        1.0000000        1.1844050 
       1.0000000        1.0000000        1.0000000        1.0000000       0.12800000        7.2959149        7.2489411       0.13320792       0.13786460      0.080519521      0.082014031      0.041862092      0.039812156       0.67592544       0.69022402       0.66890130       0.68393023       0.67336801       0.67945897        1.0000000        1.8245960        1.0000000        2.0009150        1.0000000        2.1962745        1.0000000       0.77330271        1.0000000       0.97559720        1.0000000        1.1862242 
       1.0000000        1.0000000        1.0000000        1.0000000       0.12900000        7.2757486        7.2290895       0.13326778       0.13786201      0.080567863      0.082056101      0.041868510      0.039890737       0.67608770       0.69009144       0.66905962       0.68385814       0.67346088       0.67984727        1.0000000        1.8242665        1.0000000        2.0008783        1.0000000        2.1982905        1.0000000       0.77297316        1.0000000       0.97556048        1.0000000        1.1882402 
       1.0000000        1.0000000        1.0000000        1.0000000       0.13000000        7.2572016        7.2108527       0.13330564       0.13793143      0.080627288      0.082181102      0.041890789      0.039965336       0.67615138       0.68974142       0.66920107       0.68412313       0.67365953       0.68014820        1.0000000        1.8232509        1.0000000        2.0017019        1.0000000        2.1994864        1.0000000       0.77195761        1.0000000       0.97638405        1.0000000        1.1894361 
       1.0000000        1.0000000        1.0000000        1.0000000       0.13100000        7.2489975        7.2029543       0.13332685       0.13776539      0.080731011      0.082127387      0.041956598      0.040002936       0.67582905       0.68939798       0.66923762       0.68398730       0.67385759       0.68026856        1.0000000        1.8220304        1.0000000        2.0008817        1.0000000        2.1997548        1.0000000       0.77073706        1.0000000       0.97556385        1.0000000        1.1897045 
       1.0000000        1.0000000        1.0000000        1.0000000       0.13200000        7.2385802        7.1928384       0.13343766       0.13772445      0.080802059      0.082111931      0.042017363      0.040033974       0.67615795       0.68957696       0.66948891       0.68417975       0.67398526       0.68034088        1.0000000        1.8224808        1.0000000        2.0016735        1.0000000        2.2005495        1.0000000       0.77118748        1.0000000       0.97635564        1.0000000        1.1904992 
       1.0000000        1.0000000        1.0000000        1.0000000       0.13300000        7.2190429        7.1735982       0.13348616       0.13764951      0.080843233      0.082029551      0.042012517      0.039996646       0.67611241       0.68948596       0.66962613       0.68409797       0.67405214       0.68007907        1.0000000        1.8222067        1.0000000        2.0014363        1.0000000        2.1994916        1.0000000       0.77091336        1.0000000       0.97611851        1.0000000        1.1894413 
       1.0000000        1.0000000        1.0000000        1.0000000       0.13400000        7.1937105        7.1485585       0.13356931       0.13769502      0.080926226      0.082128257      0.042069956      0.040127713       0.67623968       0.68975356       0.66985375       0.68473959       0.67434255       0.68125027        1.0000000        1.8228284        1.0000000        2.0032417        1.0000000        2.2034212        1.0000000       0.77153515        1.0000000       0.97792386        1.0000000        1.1933708 
       1.0000000        1.0000000        1.0000000        1.0000000       0.13500000        7.1716855        7.1268510       0.13358151       0.13793293      0.080964432      0.082243059      0.042115750      0.040071035       0.67618961       0.69017208       0.66979706       0.68477488       0.67432634       0.68098277        1.0000000        1.8241393        1.0000000        2.0036612        1.0000000        2.2027368        1.0000000       0.77284599        1.0000000       0.97834340        1.0000000        1.1926865 
       1.0000000        1.0000000        1.0000000        1.0000000       0.13600000        7.1591373        7.1145873       0.13350643       0.13804248      0.080889114      0.082353106      0.042125329      0.040145752       0.67587241       0.69037763       0.66930542       0.68507852       0.67414469       0.68143002        1.0000000        1.8247424        1.0000000        2.0047759        1.0000000        2.2050485        1.0000000       0.77344909        1.0000000       0.97945812        1.0000000        1.1949981 
       1.0000000        1.0000000        1.0000000        1.0000000       0.13700000        7.1357547        7.0914851       0.13346719       0.13796474      0.080942819      0.082300158      0.042257857      0.040135197       0.67574285       0.69033040       0.66936764       0.68488024       0.67499527       0.68135209        1.0000000        1.8244708        1.0000000        2.0038389        1.0000000        2.2041868        1.0000000       0.77317754        1.0000000       0.97852111        1.0000000        1.1941364 
       1.0000000        1.0000000        1.0000000        1.0000000       0.13800000        7.1277696        7.0837766       0.13334347       0.13805314      0.080909132      0.082412105      0.042222987      0.040221241       0.67542814       0.69074308       0.66907306       0.68588040       0.67487936       0.68217111        1.0000000        1.8255185        1.0000000        2.0065547        1.0000000        2.2067814        1.0000000       0.77422518        1.0000000       0.98123691        1.0000000        1.1967310 
       1.0000000        1.0000000        1.0000000        1.0000000       0.13900000        7.1156919        7.0719719       0.13335894       0.13830256      0.080904438      0.082641287      0.042169223      0.040397155       0.67539767       0.69140878       0.66895736       0.68677652       0.67473697       0.68267597        1.0000000        1.8274355        1.0000000        2.0098729        1.0000000        2.2104271        1.0000000       0.77614222        1.0000000       0.98455506        1.0000000        1.2003767 
       1.0000000        1.0000000        1.0000000        1.0000000       0.14000000        7.0986366        7.0551858       0.13350835       0.13793071      0.081057164      0.082345843      0.042320969      0.040377494       0.67574204       0.69027897       0.66930231       0.68531635       0.67537253       0.68166905        1.0000000        1.8242961        1.0000000        2.0049421        1.0000000        2.2053208        1.0000000       0.77300283        1.0000000       0.97962430        1.0000000        1.1952705 
       1.0000000        1.0000000        1.0000000        1.0000000       0.14100000        7.0869232        7.0437380       0.13347785       0.13815187      0.081010897      0.082519975      0.042287299      0.040466271       0.67567774       0.69085739       0.66939197       0.68600422       0.67537887       0.68263453        1.0000000        1.8259985        1.0000000        2.0072729        1.0000000        2.2097069        1.0000000       0.77470520        1.0000000       0.98195511        1.0000000        1.1996565 
       1.0000000        1.0000000        1.0000000        1.0000000       0.14200000        7.0738227        7.0308997       0.13350891       0.13827311      0.081079438      0.082597401      0.042368728      0.040446816       0.67576132       0.69085583       0.66952965       0.68600013       0.67563764       0.68221466        1.0000000        1.8260889        1.0000000        2.0076007        1.0000000        2.2087402        1.0000000       0.77479560        1.0000000       0.98228288        1.0000000        1.1986899 
       1.0000000        1.0000000        1.0000000        1.0000000       0.14300000        7.0579845        7.0153201       0.13356491       0.13819882      0.081130753      0.082551569      0.042385416      0.040464792       0.67592173       0.69085995       0.66966897       0.68599916       0.67571462       0.68198196        1.0000000        1.8260623        1.0000000        2.0077042        1.0000000        2.2084057        1.0000000       0.77476899        1.0000000       0.98238641        1.0000000        1.1983553 
       1.0000000        1.0000000        1.0000000        1.0000000       0.14400000        7.0463089        7.0038999       0.13350329       0.13840112      0.081032751      0.082703136      0.042277343      0.040557069       0.67602411       0.69146240       0.66987255       0.68665794       0.67605954       0.68225858        1.0000000        1.8277268        1.0000000        2.0102069        1.0000000        2.2107708        1.0000000       0.77643352        1.0000000       0.98488908        1.0000000        1.2007205 
       1.0000000        1.0000000        1.0000000        1.0000000       0.14500000        7.0260115        6.9838545       0.13356207       0.13830287      0.081077608      0.082644466      0.042263598      0.040508198       0.67609467       0.69129896       0.66981045       0.68674691       0.67577130       0.68232425        1.0000000        1.8271291        1.0000000        2.0101463        1.0000000        2.2099235        1.0000000       0.77583581        1.0000000       0.98482850        1.0000000        1.1998732 
       1.0000000        1.0000000        1.0000000        1.0000000       0.14600000        7.0053172        6.9634089       0.13358870       0.13814387      0.081091072      0.082449305      0.042274521      0.040275034       0.67616527       0.69092657       0.66988725       0.68610383       0.67585582       0.68147826        1.0000000        1.8262896        1.0000000        2.0081704        1.0000000        2.2053044        1.0000000       0.77499626        1.0000000       0.98285259        1.0000000        1.1952541 
       1.0000000        1.0000000        1.0000000        1.0000000       0.14700000        6.9884578        6.9468195       0.13349967       0.13846142      0.080997021      0.082662231      0.042272015      0.040361133       0.67619159       0.69140784       0.67004004       0.68675295       0.67662120       0.68218849        1.0000000        1.8277367        1.0000000        2.0105501        1.0000000        2.2088392        1.0000000       0.77644340        1.0000000       0.98523228        1.0000000        1.1987889 
       1.0000000        1.0000000        1.0000000        1.0000000       0.14800000        6.9698691        6.9284729       0.13354555       0.13821498      0.081065717      0.082451629      0.042362490      0.040256976       0.67629825       0.69120034       0.67014873       0.68638185       0.67683310       0.68156106        1.0000000        1.8272190        1.0000000        2.0092525        1.0000000        2.2050441        1.0000000       0.77592574        1.0000000       0.98393469        1.0000000        1.1949938 
       1.0000000        1.0000000        1.0000000        1.0000000       0.14900000        6.9633611        6.9222041       0.13360242       0.13822283      0.081145707      0.082471271      0.042387145      0.040341639       0.67627624       0.69100543       0.67022325       0.68656117       0.67661568       0.68233249        1.0000000        1.8266969        1.0000000        2.0096934        1.0000000        2.2066827        1.0000000       0.77540361        1.0000000       0.98437558        1.0000000        1.1966323 
       1.0000000        1.0000000        1.0000000        1.0000000       0.15000000        6.9407750        6.8998541       0.13357636       0.13817223      0.081108846      0.082436953      0.042342234      0.040350113       0.67629888       0.69092087       0.67028705       0.68668327       0.67652010       0.68245627        1.0000000        1.8263936        1.0000000        2.0100377        1.0000000        2.2067859        1.0000000       0.77510029        1.0000000       0.98471985        1.0000000        1.1967356 
       1.0000000        1.0000000        1.0000000        1.0000000       0.15100000        6.9268357        6.8861479       0.13356842       0.13810546      0.081085769      0.082392919      0.042336458      0.040346315       0.67626899       0.69069659       0.67021682       0.68680517       0.67661058       0.68253557        1.0000000        1.8257055        1.0000000        2.0103303        1.0000000        2.2052261        1.0000000       0.77441225        1.0000000       0.98501254        1.0000000        1.1951757 
       1.0000000        1.0000000        1.0000000        1.0000000       0.15200000        6.9221901        6.8817326       0.13348738       0.13808219      0.080942560      0.082399414      0.042152766      0.040377407       0.67618841       0.69027050       0.66997492       0.68604983       0.67570187       0.68307147        1.0000000        1.8245818        1.0000000        2.0078242        1.0000000        2.2083181        1.0000000       0.77328848        1.0000000       0.98250637        1.0000000        1.1982678 
       1.0000000        1.0000000        1.0000000        1.0000000       0.15300000        6.9045500        6.8643200       0.13341513       0.13798436      0.080963588      0.082359710      0.042203896      0.040365236       0.67577341       0.68995835       0.66967796       0.68597150       0.67547119       0.68334888        1.0000000        1.8236875        1.0000000        2.0074401        1.0000000        2.2095318        1.0000000       0.77239424        1.0000000       0.98212224        1.0000000        1.1994815 
       1.0000000        1.0000000        1.0000000        1.0000000       0.15400000        6.8892029        6.8491977       0.13344842       0.13789575      0.080969784      0.082291868      0.042206396      0.040314497       0.67577916       0.68941278       0.66958894       0.68534423       0.67531199       0.68295310        1.0000000        1.8221607        1.0000000        2.0053263        1.0000000        2.2081226        1.0000000       0.77086741        1.0000000       0.98000845        1.0000000        1.1980722 
       1.0000000        1.0000000        1.0000000        1.0000000       0.15500000        6.8740345        6.8342512       0.13344960       0.13804305      0.081049100      0.082366515      0.042297935      0.040256218       0.67566693       0.68974665       0.66967789       0.68583010       0.67599287       0.68268460        1.0000000        1.8231078        1.0000000        2.0070227        1.0000000        2.2071676        1.0000000       0.77181453        1.0000000       0.98170492        1.0000000        1.1971172 
       1.0000000        1.0000000        1.0000000        1.0000000       0.15600000        6.8699634        6.8303995       0.13326003       0.13809799      0.080809025      0.082404791      0.042140819      0.040257848       0.67513813       0.68965485       0.66856626       0.68558324       0.67522078       0.68262734        1.0000000        1.8229682        1.0000000        2.0064000        1.0000000        2.2071687        1.0000000       0.77167487        1.0000000       0.98108221        1.0000000        1.1971183 
       1.0000000        1.0000000        1.0000000        1.0000000       0.15700000        6.8616771        6.8223299       0.13317718       0.13802891      0.080768620      0.082338055      0.042166190      0.040227236       0.67485959       0.68945026       0.66829220       0.68541037       0.67574949       0.68241624        1.0000000        1.8224499        1.0000000        2.0057223        1.0000000        2.2061022        1.0000000       0.77115659        1.0000000       0.98040453        1.0000000        1.1960519 
       1.0000000        1.0000000        1.0000000        1.0000000       0.15800000        6.8419982        6.8028864       0.13313446       0.13808617      0.080729155      0.082433032      0.042135259      0.040283076       0.67469606       0.68966885       0.66802434       0.68576123       0.67546936       0.68281306        1.0000000        1.8230261        1.0000000        2.0068307        1.0000000        2.2082951        1.0000000       0.77173282        1.0000000       0.98151292        1.0000000        1.1982448 
       1.0000000        1.0000000        1.0000000        1.0000000       0.15900000        6.8206527        6.7817522       0.13317300       0.13804520      0.080765661      0.082425794      0.042174096      0.040274091       0.67486607       0.68948660       0.66823226       0.68574304       0.67583023       0.68269313        1.0000000        1.8225238        1.0000000        2.0069148        1.0000000        2.2081368        1.0000000       0.77123046        1.0000000       0.98159699        1.0000000        1.1980865 
       1.0000000        1.0000000        1.0000000        1.0000000       0.16000000        6.8091496        6.7704580       0.13311864       0.13816993      0.080761950      0.082530076      0.042206333      0.040320935       0.67482304       0.68954607       0.66856645       0.68603218       0.67640381       0.68271672        1.0000000        1.8226854        1.0000000        2.0082364        1.0000000        2.2086257        1.0000000       0.77139214        1.0000000       0.98291858        1.0000000        1.1985754 
