
       1.0000000        1.0000000        1.0000000        1.0000000      0.035000000        10.209466        10.041398       0.14742028       0.15266578      0.083624076      0.087260219      0.042065761      0.042296336       0.75359864       0.76057980       0.70300202       0.71106418       0.68311074       0.69241518        1.0000000        2.0362971        1.0000000        2.1055114        1.0000000        2.2692302        1.0000000       0.98500380        1.0000000        1.0801936        1.0000000        1.2591799 
       1.0000000        1.0000000        1.0000000        1.0000000      0.036000000        10.118420        9.9549846       0.14672798       0.15198260      0.083404628      0.087081227      0.042091053      0.042302800       0.75101788       0.75817664       0.70136203       0.71043431       0.68245284       0.69228939        1.0000000        2.0287827        1.0000000        2.1027672        1.0000000        2.2685964        1.0000000       0.97748938        1.0000000        1.0774494        1.0000000        1.2585460 
       1.0000000        1.0000000        1.0000000        1.0000000      0.037000000        10.006013        9.8469331       0.14545220       0.15063877      0.083018096      0.085432232      0.041946511      0.040514012       0.74755970       0.75396892       0.69972621       0.70700211       0.68189736       0.68532456        1.0000000        2.0165543        1.0000000        2.0902357        1.0000000        2.2282068        1.0000000       0.96526100        1.0000000        1.0649179        1.0000000        1.2181564 
       1.0000000        1.0000000        1.0000000        1.0000000      0.038000000        9.9713883        9.8164136       0.14492373       0.15005350      0.082788847      0.085188951      0.041667836      0.040541323       0.74479225       0.75178431       0.69762539       0.70590130       0.68062948       0.68469578        1.0000000        2.0098311        1.0000000        2.0854939        1.0000000        2.2268359        1.0000000       0.95853776        1.0000000        1.0601761        1.0000000        1.2167856 
       1.0000000        1.0000000        1.0000000        1.0000000      0.039000000        9.8715770        9.7204775       0.14410133       0.14954640      0.082335441      0.085115272      0.041516021      0.040649224       0.74325941       0.75037096       0.69682577       0.70531139       0.68066923       0.68556963        1.0000000        2.0050349        1.0000000        2.0824599        1.0000000        2.2300122        1.0000000       0.95374157        1.0000000        1.0571421        1.0000000        1.2199618 
       1.0000000        1.0000000        1.0000000        1.0000000      0.040000000        9.7886687        9.6412345       0.14348574       0.14919396      0.082029049      0.085097697      0.041457392      0.040713720       0.74107160       0.74851388       0.69520342       0.70468856       0.67978097       0.68596258        1.0000000        1.9991970        1.0000000        2.0800913        1.0000000        2.2318499        1.0000000       0.94790366        1.0000000        1.0547735        1.0000000        1.2217996 
       1.0000000        1.0000000        1.0000000        1.0000000      0.041000000        9.7115180        9.5675563       0.14316262       0.14888822      0.081966293      0.084935393      0.041394654      0.040701317       0.73993979       0.74737469       0.69475650       0.70403552       0.67955448       0.68576921        1.0000000        1.9956180        1.0000000        2.0774259        1.0000000        2.2293434        1.0000000       0.94432468        1.0000000        1.0521081        1.0000000        1.2192931 
       1.0000000        1.0000000        1.0000000        1.0000000      0.042000000        9.6136169        9.4729504       0.14244687       0.14871999      0.081606661      0.084858722      0.041145717      0.040410806       0.73794006       0.74612218       0.69358347       0.70304788       0.67860423       0.68501771        1.0000000        1.9918015        1.0000000        2.0743102        1.0000000        2.2272661        1.0000000       0.94050820        1.0000000        1.0489924        1.0000000        1.2172157 
       1.0000000        1.0000000        1.0000000        1.0000000      0.043000000        9.5566856        9.4191506       0.14093922       0.14869163      0.080341322      0.085098791      0.040113124      0.040569526       0.73478290       0.74478332       0.69110843       0.70269986       0.67668002       0.68507861        1.0000000        1.9877280        1.0000000        2.0739339        1.0000000        2.2294028        1.0000000       0.93643466        1.0000000        1.0486161        1.0000000        1.2193525 
       1.0000000        1.0000000        1.0000000        1.0000000      0.044000000        9.5468121        9.4122573       0.13990692       0.14857334      0.079943995      0.085104710      0.040018747      0.040626424       0.73048539       0.74310969       0.68819817       0.70253757       0.67508086       0.68528767        1.0000000        1.9829704        1.0000000        2.0737910        1.0000000        2.2297478        1.0000000       0.93167715        1.0000000        1.0484732        1.0000000        1.2196975 
       1.0000000        1.0000000        1.0000000        1.0000000      0.045000000        9.4905245        9.3590865       0.13933465       0.14811476      0.079784991      0.084845418      0.040057031      0.040373216       0.72837350       0.74081328       0.68674673       0.70110051       0.67490549       0.68483656        1.0000000        1.9762174        1.0000000        2.0681734        1.0000000        2.2249923        1.0000000       0.92492411        1.0000000        1.0428556        1.0000000        1.2149419 
       1.0000000        1.0000000        1.0000000        1.0000000      0.046000000        9.4245019        9.2957613       0.13880097       0.14790384      0.079368915      0.084949227      0.039489197      0.040391520       0.72431129       0.73833639       0.68315507       0.70049856       0.66993288       0.68536738        1.0000000        1.9692005        1.0000000        2.0663022        1.0000000        2.2289550        1.0000000       0.91790723        1.0000000        1.0409844        1.0000000        1.2189047 
       1.0000000        1.0000000        1.0000000        1.0000000      0.047000000        9.3837030        9.2575397       0.13812386       0.14738975      0.079130342      0.084709333      0.039412815      0.040223442       0.72098936       0.73642293       0.68104681       0.69935955       0.66774674       0.68422216        1.0000000        1.9635061        1.0000000        2.0622231        1.0000000        2.2225182        1.0000000       0.91221283        1.0000000        1.0369053        1.0000000        1.2124679 
       1.0000000        1.0000000        1.0000000        1.0000000      0.048000000        9.3524862        9.2287880       0.13732002       0.14718050      0.078589280      0.084634173      0.039105672      0.040272250       0.71847208       0.73441249       0.67911826       0.69889083       0.66679526       0.68414789        1.0000000        1.9581008        1.0000000        2.0611867        1.0000000        2.2222734        1.0000000       0.90680753        1.0000000        1.0358689        1.0000000        1.2122230 
       1.0000000        1.0000000        1.0000000        1.0000000      0.049000000        9.3243594        9.2030217       0.13643837       0.14710332      0.078147285      0.084836420      0.038837500      0.040330488       0.71524451       0.73248473       0.67682660       0.69920910       0.66595925       0.68460218        1.0000000        1.9523913        1.0000000        2.0625394        1.0000000        2.2251520        1.0000000       0.90109797        1.0000000        1.0372216        1.0000000        1.2151016 
       1.0000000        1.0000000        1.0000000        1.0000000      0.050000000        9.2836046        9.1645296       0.13617816       0.14526853      0.078124585      0.083468459      0.039010308      0.039644628       0.71372850       0.73031724       0.67569743       0.69755653       0.66579456       0.68395941        1.0000000        1.9444353        1.0000000        2.0538226        1.0000000        2.2154039        1.0000000       0.89314205        1.0000000        1.0285047        1.0000000        1.2053535 
       1.0000000        1.0000000        1.0000000        1.0000000      0.051000000        9.2317746        9.1148706       0.13566320       0.14509405      0.077955341      0.083511984      0.039089660      0.039700211       0.71085615       0.72887493       0.67367464       0.69761834       0.66515786       0.68371886        1.0000000        1.9401879        1.0000000        2.0540635        1.0000000        2.2164348        1.0000000       0.88889456        1.0000000        1.0287457        1.0000000        1.2063845 
       1.0000000        1.0000000        1.0000000        1.0000000      0.052000000        9.2043917        9.0895727       0.13556262       0.14498939      0.077995775      0.083522331      0.039175325      0.039806590       0.70899507       0.72833975       0.67281493       0.69781954       0.66528018       0.68341650        1.0000000        1.9385646        1.0000000        2.0552592        1.0000000        2.2147502        1.0000000       0.88727133        1.0000000        1.0299414        1.0000000        1.2046999 
       1.0000000        1.0000000        1.0000000        1.0000000      0.053000000        9.1722901        9.0594752       0.13502447       0.14488661      0.077850752      0.083645983      0.039239743      0.039898189       0.70739362       0.72641622       0.67183845       0.69756180       0.66552326       0.68399764        1.0000000        1.9332004        1.0000000        2.0546814        1.0000000        2.2181118        1.0000000       0.88190712        1.0000000        1.0293636        1.0000000        1.2080615 
       1.0000000        1.0000000        1.0000000        1.0000000      0.054000000        9.1190347        9.0081479       0.13474522       0.14484156      0.077801284      0.083759582      0.039335296      0.039900986       0.70563603       0.72549117       0.67084772       0.69775494       0.66519492       0.68453829        1.0000000        1.9304540        1.0000000        2.0555370        1.0000000        2.2201473        1.0000000       0.87916069        1.0000000        1.0302192        1.0000000        1.2100970 
       1.0000000        1.0000000        1.0000000        1.0000000      0.055000000        9.0669615        8.9579313       0.13459990       0.14492452      0.077875637      0.083904339      0.039501254      0.040040774       0.70456686       0.72492590       0.67052421       0.69795218       0.66517030       0.68452429        1.0000000        1.9290364        1.0000000        2.0568163        1.0000000        2.2220456        1.0000000       0.87774314        1.0000000        1.0314985        1.0000000        1.2119952 
       1.0000000        1.0000000        1.0000000        1.0000000      0.056000000        9.0181760        8.9111101       0.13438093       0.14497019      0.077855552      0.083953560      0.039509005      0.039922605       0.70332134       0.72381761       0.66988492       0.69778650       0.66518369       0.68417558        1.0000000        1.9259995        1.0000000        2.0563310        1.0000000        2.2194530        1.0000000       0.87470618        1.0000000        1.0310132        1.0000000        1.2094027 
       1.0000000        1.0000000        1.0000000        1.0000000      0.057000000        8.9876802        8.8823332       0.13431561       0.14489184      0.077939064      0.083962744      0.039598991      0.040053023       0.70206409       0.72328695       0.66950656       0.69735580       0.66546914       0.68413141        1.0000000        1.9246710        1.0000000        2.0555935        1.0000000        2.2201357        1.0000000       0.87337770        1.0000000        1.0302757        1.0000000        1.2100854 
       1.0000000        1.0000000        1.0000000        1.0000000      0.058000000        8.9293682        8.8256802       0.13436799       0.14507010      0.078069686      0.084088765      0.039732947      0.040079479       0.70088022       0.72359831       0.66900324       0.69749752       0.66582320       0.68405145        1.0000000        1.9255849        1.0000000        2.0566555        1.0000000        2.2191637        1.0000000       0.87429157        1.0000000        1.0313377        1.0000000        1.2091134 
       1.0000000        1.0000000        1.0000000        1.0000000      0.059000000        8.8799962        8.7779103       0.13414317       0.14454893      0.078008421      0.083811998      0.039720128      0.040029519       0.69960805       0.72224796       0.66835849       0.69694328       0.66605391       0.68364139        1.0000000        1.9216847        1.0000000        2.0540914        1.0000000        2.2167016        1.0000000       0.87039145        1.0000000        1.0287736        1.0000000        1.2066513 
       1.0000000        1.0000000        1.0000000        1.0000000      0.060000000        8.8684452        8.7679077       0.13391735       0.14384993      0.077974543      0.083677636      0.039709123      0.040067189       0.69803725       0.71989196       0.66752873       0.69628855       0.66518626       0.68357425        1.0000000        1.9146013        1.0000000        2.0505596        1.0000000        2.2168913        1.0000000       0.86330797        1.0000000        1.0252418        1.0000000        1.2068409 
       1.0000000        1.0000000        1.0000000        1.0000000      0.061000000        8.8415260        8.7424858       0.13356724       0.14402438      0.077863006      0.083949057      0.039657512      0.040237631       0.69621540       0.71914666       0.66667694       0.69726388       0.66492071       0.68520519        1.0000000        1.9126113        1.0000000        2.0539800        1.0000000        2.2247520        1.0000000       0.86131804        1.0000000        1.0286622        1.0000000        1.2147016 
       1.0000000        1.0000000        1.0000000        1.0000000      0.062000000        8.7975599        8.6999685       0.13348278       0.14402028      0.077868974      0.084055556      0.039680932      0.040360275       0.69573653       0.71894804       0.66665532       0.69737188       0.66525259       0.68561490        1.0000000        1.9118746        1.0000000        2.0543895        1.0000000        2.2275160        1.0000000       0.86058134        1.0000000        1.0290717        1.0000000        1.2174656 
       1.0000000        1.0000000        1.0000000        1.0000000      0.063000000        8.7486084        8.6524198       0.13344025       0.14408109      0.077892102      0.084164316      0.039696536      0.040402577       0.69549267       0.71839558       0.66675656       0.69725860       0.66551371       0.68575789        1.0000000        1.9104587        1.0000000        2.0545500        1.0000000        2.2282871        1.0000000       0.85916543        1.0000000        1.0292322        1.0000000        1.2182367 
       1.0000000        1.0000000        1.0000000        1.0000000      0.064000000        8.6974689        8.6026392       0.13346498       0.14400485      0.077980832      0.084244695      0.039765620      0.040470633       0.69459592       0.71823122       0.66680950       0.69751468       0.66566894       0.68609118        1.0000000        1.9097267        1.0000000        2.0556092        1.0000000        2.2308656        1.0000000       0.85843337        1.0000000        1.0302914        1.0000000        1.2208153 
       1.0000000        1.0000000        1.0000000        1.0000000      0.065000000        8.6848761        8.5913635       0.13318041       0.14376473      0.078026878      0.084112038      0.039972306      0.040331213       0.69346456       0.71737024       0.66666800       0.69742349       0.66741873       0.68607841        1.0000000        1.9069434        1.0000000        2.0546496        1.0000000        2.2288483        1.0000000       0.85565008        1.0000000        1.0293318        1.0000000        1.2187980 
       1.0000000        1.0000000        1.0000000        1.0000000      0.066000000        8.6579930        8.5657578       0.13289031       0.14381772      0.078069755      0.084185112      0.040041859      0.040389682       0.69186950       0.71664919       0.66626407       0.69738728       0.66793286       0.68637951        1.0000000        1.9051411        1.0000000        2.0546254        1.0000000        2.2307957        1.0000000       0.85384782        1.0000000        1.0293076        1.0000000        1.2207454 
       1.0000000        1.0000000        1.0000000        1.0000000      0.067000000        8.6005769        8.5097031       0.13288431       0.14390574      0.078210392      0.084388613      0.040238403      0.040609396       0.69122429       0.71635848       0.66626475       0.69694245       0.66802076       0.68649893        1.0000000        1.9044285        1.0000000        2.0538880        1.0000000        2.2336733        1.0000000       0.85313524        1.0000000        1.0285702        1.0000000        1.2236230 
       1.0000000        1.0000000        1.0000000        1.0000000      0.068000000        8.5612026        8.4715285       0.13277694       0.14363265      0.078185841      0.084237494      0.040164248      0.040524227       0.69041805       0.71580707       0.66609647       0.69646689       0.66806587       0.68644767        1.0000000        1.9026032        1.0000000        2.0518687        1.0000000        2.2325883        1.0000000       0.85130989        1.0000000        1.0265509        1.0000000        1.2225380 
       1.0000000        1.0000000        1.0000000        1.0000000      0.069000000        8.5147355        8.4262267       0.13261188       0.14380138      0.078200452      0.084429848      0.040272159      0.040701139       0.68940411       0.71553300       0.66579964       0.69655720       0.66791261       0.68663863        1.0000000        1.9021360        1.0000000        2.0529824        1.0000000        2.2346716        1.0000000       0.85084269        1.0000000        1.0276646        1.0000000        1.2246213 
       1.0000000        1.0000000        1.0000000        1.0000000      0.070000000        8.4845956        8.3972192       0.13252796       0.14379443      0.078161316      0.084398102      0.040193843      0.040594848       0.68850238       0.71503311       0.66554525       0.69646756       0.66800974       0.68602456        1.0000000        1.9008655        1.0000000        2.0530122        1.0000000        2.2317927        1.0000000       0.84957216        1.0000000        1.0276944        1.0000000        1.2217423 
       1.0000000        1.0000000        1.0000000        1.0000000      0.071000000        8.4442876        8.3580120       0.13247000       0.14368889      0.078274378      0.084392052      0.040360690      0.040652161       0.68777577       0.71474310       0.66566885       0.69617353       0.66871468       0.68614052        1.0000000        1.8999256        1.0000000        2.0521731        1.0000000        2.2321346        1.0000000       0.84863228        1.0000000        1.0268553        1.0000000        1.2220843 
       1.0000000        1.0000000        1.0000000        1.0000000      0.072000000        8.4161476        8.3309428       0.13230605       0.14364629      0.078387584      0.084416765      0.040619605      0.040639869       0.68679875       0.71429677       0.66531051       0.69631251       0.66892250       0.68644702        1.0000000        1.8984462        1.0000000        2.0523639        1.0000000        2.2334551        1.0000000       0.84715288        1.0000000        1.0270461        1.0000000        1.2234048 
       1.0000000        1.0000000        1.0000000        1.0000000      0.073000000        8.3808567        8.2966937       0.13232742       0.14391966      0.078469409      0.084591878      0.040666359      0.040631229       0.68633915       0.71462654       0.66533513       0.69651666       0.66902599       0.68653304        1.0000000        1.8992997        1.0000000        2.0532360        1.0000000        2.2342792        1.0000000       0.84800638        1.0000000        1.0279182        1.0000000        1.2242288 
       1.0000000        1.0000000        1.0000000        1.0000000      0.074000000        8.3457496        8.2626007       0.13212419       0.14406182      0.078401841      0.084689501      0.040598755      0.040670116       0.68518949       0.71424668       0.66479095       0.69670720       0.66894365       0.68662791        1.0000000        1.8984198        1.0000000        2.0540380        1.0000000        2.2353064        1.0000000       0.84712648        1.0000000        1.0287202        1.0000000        1.2252560 
       1.0000000        1.0000000        1.0000000        1.0000000      0.075000000        8.3075914        8.2254301       0.13207586       0.14417036      0.078429560      0.084797554      0.040704164      0.040690124       0.68477567       0.71408772       0.66477662       0.69695591       0.66901882       0.68658443        1.0000000        1.8980184        1.0000000        2.0555753        1.0000000        2.2350950        1.0000000       0.84672507        1.0000000        1.0302575        1.0000000        1.2250447 
       1.0000000        1.0000000        1.0000000        1.0000000      0.076000000        8.2957106        8.2145114       0.13186188       0.14436782      0.078212836      0.084960014      0.040389001      0.040838411       0.68382015       0.71385029       0.66420315       0.69750093       0.66859798       0.68697589        1.0000000        1.8975670        1.0000000        2.0579197        1.0000000        2.2383727        1.0000000       0.84627370        1.0000000        1.0326019        1.0000000        1.2283224 
       1.0000000        1.0000000        1.0000000        1.0000000      0.077000000        8.2672354        8.1869739       0.13172993       0.14445839      0.078348681      0.085021037      0.040652937      0.040779368       0.68249992       0.71347000       0.66400869       0.69771766       0.66937421       0.68731654        1.0000000        1.8963827        1.0000000        2.0583348        1.0000000        2.2389904        1.0000000       0.84508940        1.0000000        1.0330170        1.0000000        1.2289401 
       1.0000000        1.0000000        1.0000000        1.0000000      0.078000000        8.2375477        8.1582002       0.13165465       0.14443103      0.078336817      0.085138567      0.040664660      0.040878300       0.68186235       0.71294588       0.66377835       0.69839641       0.66923545       0.68825029        1.0000000        1.8948316        1.0000000        2.0602052        1.0000000        2.2433864        1.0000000       0.84353834        1.0000000        1.0348874        1.0000000        1.2333360 
       1.0000000        1.0000000        1.0000000        1.0000000      0.079000000        8.2315087        8.1531406       0.13154177       0.14407362      0.078328940      0.085019838      0.040680722      0.040954073       0.68114793       0.71168269       0.66352257       0.69802381       0.66918616       0.68866531        1.0000000        1.8910447        1.0000000        2.0585293        1.0000000        2.2452638        1.0000000       0.83975142        1.0000000        1.0332115        1.0000000        1.2352135 
       1.0000000        1.0000000        1.0000000        1.0000000      0.080000000        8.1879671        8.1104666       0.13143307       0.14408823      0.078305924      0.085066914      0.040662905      0.041032759       0.68038421       0.71119942       0.66342545       0.69867180       0.66927978       0.68926709        1.0000000        1.8897153        1.0000000        2.0604631        1.0000000        2.2471665        1.0000000       0.83842201        1.0000000        1.0351453        1.0000000        1.2371162 
       1.0000000        1.0000000        1.0000000        1.0000000      0.081000000        8.1707969        8.0941430       0.13136056       0.14397449      0.078268992      0.085012715      0.040603634      0.040970491       0.67973542       0.71108749       0.66314693       0.69881425       0.66931893       0.68938302        1.0000000        1.8892369        1.0000000        2.0606048        1.0000000        2.2466087        1.0000000       0.83794356        1.0000000        1.0352870        1.0000000        1.2365584 
       1.0000000        1.0000000        1.0000000        1.0000000      0.082000000        8.1685157        8.0926884       0.13130309       0.14384868      0.078264413      0.085014151      0.040562631      0.041030653       0.67925936       0.71026634       0.66346520       0.69863363       0.66959412       0.68955921        1.0000000        1.8868399        1.0000000        2.0594254        1.0000000        2.2471209        1.0000000       0.83554661        1.0000000        1.0341075        1.0000000        1.2370706 
       1.0000000        1.0000000        1.0000000        1.0000000      0.083000000        8.1385963        8.0635762       0.13125544       0.14364242      0.078217582      0.084844048      0.040452828      0.040854538       0.67876630       0.70966574       0.66353819       0.69831625       0.66962941       0.68922770        1.0000000        1.8851982        1.0000000        2.0581280        1.0000000        2.2450632        1.0000000       0.83390493        1.0000000        1.0328102        1.0000000        1.2350128 
       1.0000000        1.0000000        1.0000000        1.0000000      0.084000000        8.1092929        8.0350614       0.13115060       0.14350007      0.078130876      0.084604524      0.040372198      0.040615594       0.67793336       0.70930659       0.66326734       0.69780240       0.66846385       0.68778840        1.0000000        1.8843053        1.0000000        2.0565810        1.0000000        2.2378155        1.0000000       0.83301203        1.0000000        1.0312632        1.0000000        1.2277651 
       1.0000000        1.0000000        1.0000000        1.0000000      0.085000000        8.1046606        8.0311997       0.13109470       0.14336018      0.078094660      0.084571771      0.040275475      0.040685981       0.67748275       0.70832370       0.66337943       0.69765548       0.66844074       0.68738109        1.0000000        1.8816077        1.0000000        2.0557405        1.0000000        2.2363307        1.0000000       0.83031443        1.0000000        1.0304227        1.0000000        1.2262803 
       1.0000000        1.0000000        1.0000000        1.0000000      0.086000000        8.0937780        8.0210702       0.13100872       0.14333288      0.078094197      0.084568248      0.040253334      0.040626527       0.67659191       0.70787631       0.66333557       0.69757016       0.66868306       0.68728825        1.0000000        1.8803277        1.0000000        2.0553428        1.0000000        2.2356454        1.0000000       0.82903445        1.0000000        1.0300250        1.0000000        1.2255950 
       1.0000000        1.0000000        1.0000000        1.0000000      0.087000000        8.0813442        8.0093728       0.13100649       0.14346392      0.078139025      0.084768846      0.040232084      0.040901597       0.67623966       0.70830375       0.66354314       0.69839617       0.66923691       0.68893424        1.0000000        1.8814073        1.0000000        2.0579621        1.0000000        2.2425571        1.0000000       0.83011399        1.0000000        1.0326443        1.0000000        1.2325068 
       1.0000000        1.0000000        1.0000000        1.0000000      0.088000000        8.0684528        7.9972015       0.13084022       0.14360096      0.078147595      0.084847741      0.040331354      0.040772654       0.67550567       0.70821375       0.66311174       0.69858938       0.66963816       0.68879221        1.0000000        1.8810092        1.0000000        2.0586316        1.0000000        2.2418239        1.0000000       0.82971588        1.0000000        1.0333138        1.0000000        1.2317735 
       1.0000000        1.0000000        1.0000000        1.0000000      0.089000000        8.0592275        7.9886808       0.13084419       0.14372489      0.078276634      0.085008325      0.040492700      0.040851381       0.67497932       0.70846464       0.66326961       0.69920027       0.67010347       0.68950683        1.0000000        1.8815916        1.0000000        2.0605608        1.0000000        2.2454288        1.0000000       0.83029829        1.0000000        1.0352430        1.0000000        1.2353785 
       1.0000000        1.0000000        1.0000000        1.0000000      0.090000000        8.0349260        7.9651368       0.13084903       0.14406489      0.078412982      0.085326351      0.040715185      0.041020133       0.67463285       0.70899845       0.66347922       0.69982533       0.67087638       0.68975150        1.0000000        1.8831498        1.0000000        2.0634904        1.0000000        2.2483593        1.0000000       0.83185649        1.0000000        1.0381726        1.0000000        1.2383089 
       1.0000000        1.0000000        1.0000000        1.0000000      0.091000000        8.0091328        7.9400169       0.13077798       0.14412355      0.078379358      0.085358755      0.040651519      0.040950057       0.67399286       0.70891260       0.66364623       0.69985560       0.67077636       0.68969913        1.0000000        1.8829688        1.0000000        2.0636380        1.0000000        2.2482924        1.0000000       0.83167552        1.0000000        1.0383202        1.0000000        1.2382421 
       1.0000000        1.0000000        1.0000000        1.0000000      0.092000000        7.9872446        7.9187879       0.13080128       0.14422995      0.078459035      0.085403553      0.040776610      0.040897304       0.67352544       0.70865611       0.66355727       0.69955784       0.67081713       0.68864993        1.0000000        1.8825408        1.0000000        2.0631415        1.0000000        2.2451077        1.0000000       0.83124749        1.0000000        1.0378237        1.0000000        1.2350574 
       1.0000000        1.0000000        1.0000000        1.0000000      0.093000000        7.9819185        7.9141074       0.13072503       0.14410974      0.078466021      0.085435762      0.040785889      0.041014536       0.67301985       0.70788622       0.66344166       0.69937147       0.67086834       0.68964595        1.0000000        1.8804253        1.0000000        2.0620907        1.0000000        2.2471854        1.0000000       0.82913200        1.0000000        1.0367729        1.0000000        1.2371350 
       1.0000000        1.0000000        1.0000000        1.0000000      0.094000000        7.9554358        7.8882570       0.13065692       0.14431343      0.078424347      0.085595665      0.040738611      0.041099319       0.67261747       0.70801596       0.66355166       0.69980403       0.67124402       0.68998026        1.0000000        1.8808940        1.0000000        2.0636425        1.0000000        2.2488516        1.0000000       0.82960075        1.0000000        1.0383247        1.0000000        1.2388013 
       1.0000000        1.0000000        1.0000000        1.0000000      0.095000000        7.9370908        7.8705315       0.13039253       0.14412839      0.078218512      0.085469017      0.040619036      0.041121559       0.67171146       0.70764008       0.66261008       0.69953053       0.67067356       0.69050469        1.0000000        1.8796741        1.0000000        2.0622527        1.0000000        2.2503147        1.0000000       0.82838083        1.0000000        1.0369348        1.0000000        1.2402643 
       1.0000000        1.0000000        1.0000000        1.0000000      0.096000000        7.9121702        7.8462181       0.13040193       0.14430047      0.078270122      0.085613428      0.040575910      0.041234262       0.67126117       0.70780896       0.66274693       0.70008813       0.67074989       0.69105144        1.0000000        1.8801630        1.0000000        2.0642145        1.0000000        2.2531301        1.0000000       0.82886968        1.0000000        1.0388967        1.0000000        1.2430798 
       1.0000000        1.0000000        1.0000000        1.0000000      0.097000000        7.9051722        7.8398152       0.13031010       0.14443806      0.078201336      0.085850593      0.040549507      0.041336749       0.67063106       0.70802611       0.66238452       0.70033652       0.67015607       0.69148516        1.0000000        1.8807456        1.0000000        2.0650997        1.0000000        2.2567409        1.0000000       0.82945227        1.0000000        1.0397819        1.0000000        1.2466905 
       1.0000000        1.0000000        1.0000000        1.0000000      0.098000000        7.8919060        7.8271325       0.13033165       0.14458070      0.078249459      0.085914964      0.040540499      0.041460765       0.67038261       0.70811488       0.66268255       0.70053782       0.67053669       0.69200835        1.0000000        1.8810472        1.0000000        2.0655595        1.0000000        2.2593382        1.0000000       0.82975394        1.0000000        1.0402417        1.0000000        1.2492878 
       1.0000000        1.0000000        1.0000000        1.0000000      0.099000000        7.8798288        7.8156274       0.13024938       0.14477757      0.078209534      0.086105703      0.040507104      0.041605178       0.67005415       0.70865523       0.66262923       0.70127627       0.67076613       0.69386026        1.0000000        1.8826861        1.0000000        2.0679460        1.0000000        2.2654895        1.0000000       0.83139281        1.0000000        1.0426282        1.0000000        1.2554391 
       1.0000000        1.0000000        1.0000000        1.0000000       0.10000000        7.8551399        7.7914997       0.13018725       0.14474048      0.078261620      0.086080973      0.040613508      0.041577912       0.66924035       0.70866088       0.66250565       0.70131065       0.67110805       0.69392922        1.0000000        1.8826486        1.0000000        2.0678827        1.0000000        2.2652990        1.0000000       0.83135529        1.0000000        1.0425649        1.0000000        1.2552486 
       1.0000000        1.0000000        1.0000000        1.0000000       0.10100000        7.8312795        7.7682443       0.13005673       0.14461874      0.078226272      0.086034986      0.040591803      0.041533859       0.66855553       0.70838491       0.66238499       0.70094989       0.67093737       0.69379411        1.0000000        1.8816656        1.0000000        2.0661988        1.0000000        2.2647902        1.0000000       0.83037232        1.0000000        1.0408810        1.0000000        1.2547398 
       1.0000000        1.0000000        1.0000000        1.0000000       0.10200000        7.8069542        7.7444581       0.12992033       0.14478910      0.078189615      0.086237756      0.040619841      0.041630600       0.66803490       0.70848836       0.66222263       0.70142004       0.67129939       0.69456455        1.0000000        1.8820159        1.0000000        2.0678371        1.0000000        2.2679978        1.0000000       0.83072257        1.0000000        1.0425193        1.0000000        1.2579475 
       1.0000000        1.0000000        1.0000000        1.0000000       0.10300000        7.7780974        7.7161304       0.12987263       0.14511020      0.078063064      0.086476574      0.040447072      0.041705256       0.66789958       0.70880536       0.66239447       0.70178893       0.67133771       0.69466863        1.0000000        1.8831572        1.0000000        2.0697705        1.0000000        2.2695889        1.0000000       0.83186392        1.0000000        1.0444527        1.0000000        1.2595386 
       1.0000000        1.0000000        1.0000000        1.0000000       0.10400000        7.7616376        7.7001901       0.12978634       0.14521233      0.078056695      0.086597261      0.040481239      0.041845276       0.66746998       0.70908843       0.66233170       0.70211827       0.67136494       0.69513539        1.0000000        1.8839870        1.0000000        2.0710129        1.0000000        2.2727067        1.0000000       0.83269370        1.0000000        1.0456951        1.0000000        1.2626563 
       1.0000000        1.0000000        1.0000000        1.0000000       0.10500000        7.7523734        7.6914358       0.12978454       0.14531396      0.078177818      0.086765606      0.040707580      0.042022161       0.66712683       0.70951896       0.66237115       0.70271070       0.67215061       0.69550122        1.0000000        1.8850141        1.0000000        2.0729830        1.0000000        2.2763206        1.0000000       0.83372077        1.0000000        1.0476652        1.0000000        1.2662703 
       1.0000000        1.0000000        1.0000000        1.0000000       0.10600000        7.7288129        7.6683761       0.12981399       0.14543844      0.078166558      0.086892716      0.040677175      0.042020783       0.66690708       0.70946014       0.66242047       0.70297853       0.67197063       0.69550269        1.0000000        1.8848834        1.0000000        2.0741240        1.0000000        2.2763454        1.0000000       0.83359006        1.0000000        1.0488062        1.0000000        1.2662950 
       1.0000000        1.0000000        1.0000000        1.0000000       0.10700000        7.7109295        7.6509846       0.12990375       0.14549878      0.078238899      0.086948897      0.040712145      0.042011098       0.66713808       0.70967940       0.66271279       0.70294911       0.67210610       0.69556861        1.0000000        1.8855471        1.0000000        2.0738602        1.0000000        2.2766009        1.0000000       0.83425378        1.0000000        1.0485424        1.0000000        1.2665506 
       1.0000000        1.0000000        1.0000000        1.0000000       0.10800000        7.6945876        7.6351258       0.12984973       0.14576622      0.078191435      0.087195031      0.040666519      0.042173889       0.66681339       0.71010316       0.66251753       0.70323638       0.67173495       0.69605671        1.0000000        1.8868805        1.0000000        2.0749124        1.0000000        2.2791422        1.0000000       0.83558719        1.0000000        1.0495946        1.0000000        1.2690919 
       1.0000000        1.0000000        1.0000000        1.0000000       0.10900000        7.6648391        7.6058521       0.12977114       0.14586007      0.078126834      0.087357658      0.040609037      0.042273013       0.66642942       0.71042270       0.66195719       0.70380529       0.67103411       0.69672379        1.0000000        1.8877270        1.0000000        2.0768443        1.0000000        2.2829893        1.0000000       0.83643368        1.0000000        1.0515265        1.0000000        1.2729390 
       1.0000000        1.0000000        1.0000000        1.0000000       0.11000000        7.6442807        7.5857602       0.12990416       0.14595687      0.078310467      0.087607276      0.040754412      0.042561138       0.66644984       0.71031541       0.66241305       0.70422325       0.67162461       0.69749917        1.0000000        1.8871888        1.0000000        2.0780022        1.0000000        2.2878787        1.0000000       0.83589548        1.0000000        1.0526844        1.0000000        1.2778283 
       1.0000000        1.0000000        1.0000000        1.0000000       0.11100000        7.6258837        7.5678217       0.12984786       0.14569402      0.078260222      0.087375567      0.040744611      0.042363691       0.66624098       0.70971736       0.66217266       0.70365977       0.67155000       0.69708562        1.0000000        1.8854983        1.0000000        2.0759090        1.0000000        2.2848463        1.0000000       0.83420501        1.0000000        1.0505912        1.0000000        1.2747960 
       1.0000000        1.0000000        1.0000000        1.0000000       0.11200000        7.6110847        7.5534734       0.12982075       0.14570891      0.078230676      0.087379117      0.040698688      0.042298117       0.66605531       0.70955062       0.66226943       0.70348983       0.67172618       0.69670519        1.0000000        1.8851328        1.0000000        2.0757773        1.0000000        2.2829234        1.0000000       0.83383955        1.0000000        1.0504595        1.0000000        1.2728730 
       1.0000000        1.0000000        1.0000000        1.0000000       0.11300000        7.5919774        7.5348531       0.12960325       0.14498696      0.078071220      0.086798935      0.040542528      0.041954628       0.66496695       0.70794965       0.66130205       0.70203817       0.67114428       0.69524169        1.0000000        1.8803742        1.0000000        2.0701106        1.0000000        2.2743975        1.0000000       0.82908086        1.0000000        1.0447928        1.0000000        1.2643471 
       1.0000000        1.0000000        1.0000000        1.0000000       0.11400000        7.5677719        7.5110826       0.12959063       0.14516668      0.078099153      0.087014044      0.040595677      0.042122384       0.66493089       0.70820251       0.66116836       0.70254761       0.67119903       0.69572765        1.0000000        1.8810731        1.0000000        2.0719041        1.0000000        2.2779603        1.0000000       0.82977981        1.0000000        1.0465863        1.0000000        1.2679100 
       1.0000000        1.0000000        1.0000000        1.0000000       0.11500000        7.5549116        7.4986501       0.12961693       0.14505593      0.078130179      0.086812042      0.040616081      0.041948484       0.66502477       0.70824719       0.66133405       0.70181816       0.67122632       0.69430591        1.0000000        1.8811558        1.0000000        2.0698734        1.0000000        2.2736956        1.0000000       0.82986251        1.0000000        1.0445556        1.0000000        1.2636452 
       1.0000000        1.0000000        1.0000000        1.0000000       0.11600000        7.5343147        7.4784739       0.12958847       0.14486403      0.078111372      0.086649202      0.040612203      0.041869228       0.66474405       0.70759435       0.66126726       0.70110640       0.67133150       0.69373479        1.0000000        1.8793514        1.0000000        2.0675147        1.0000000        2.2713774        1.0000000       0.82805809        1.0000000        1.0421969        1.0000000        1.2613271 
       1.0000000        1.0000000        1.0000000        1.0000000       0.11700000        7.5210895        7.4656627       0.12958846       0.14484900      0.078112396      0.086663795      0.040604386      0.041883417       0.66453528       0.70766938       0.66118783       0.70147700       0.67138616       0.69431297        1.0000000        1.8794996        1.0000000        2.0686530        1.0000000        2.2735627        1.0000000       0.82820635        1.0000000        1.0433352        1.0000000        1.2635123 
       1.0000000        1.0000000        1.0000000        1.0000000       0.11800000        7.5053126        7.4502931       0.12955697       0.14489026      0.078079414      0.086697693      0.040609335      0.041909487       0.66448212       0.70778363       0.66111230       0.70167713       0.67146571       0.69451467        1.0000000        1.8798555        1.0000000        2.0694963        1.0000000        2.2743606        1.0000000       0.82856217        1.0000000        1.0441785        1.0000000        1.2643103 
       1.0000000        1.0000000        1.0000000        1.0000000       0.11900000        7.4830567        7.4284381       0.12958346       0.14488214      0.078050035      0.086707638      0.040555175      0.041882388       0.66464543       0.70766064       0.66142106       0.70160142       0.67128525       0.69449590        1.0000000        1.8795011        1.0000000        2.0692034        1.0000000        2.2740379        1.0000000       0.82820784        1.0000000        1.0438856        1.0000000        1.2639876 
       1.0000000        1.0000000        1.0000000        1.0000000       0.12000000        7.4656745        7.4114504       0.12959687       0.14482504      0.078051303      0.086718647      0.040542477      0.042031080       0.66474905       0.70784497       0.66133358       0.70193743       0.67111796       0.69487031        1.0000000        1.8798262        1.0000000        2.0702079        1.0000000        2.2765473        1.0000000       0.82853293        1.0000000        1.0448901        1.0000000        1.2664970 
       1.0000000        1.0000000        1.0000000        1.0000000       0.12100000        7.4512210        7.3973852       0.12966114       0.14472751      0.078104856      0.086639522      0.040589534      0.042031271       0.66496708       0.70791620       0.66164411       0.70184904       0.67132411       0.69500653        1.0000000        1.8800208        1.0000000        2.0696604        1.0000000        2.2771401        1.0000000       0.82872746        1.0000000        1.0443426        1.0000000        1.2670897 
       1.0000000        1.0000000        1.0000000        1.0000000       0.12200000        7.4328942        7.3794406       0.12959684       0.14474378      0.078049846      0.086690034      0.040580838      0.042094993       0.66483133       0.70772335       0.66141328       0.70218287       0.67147697       0.69629198        1.0000000        1.8795147        1.0000000        2.0703370        1.0000000        2.2803291        1.0000000       0.82822141        1.0000000        1.0450192        1.0000000        1.2702787 
       1.0000000        1.0000000        1.0000000        1.0000000       0.12300000        7.4113500        7.3582729       0.12957906       0.14437916      0.078007474      0.086296989      0.040540198      0.041863144       0.66488315       0.70691073       0.66157147       0.70107116       0.67143859       0.69500207        1.0000000        1.8773616        1.0000000        2.0665844        1.0000000        2.2730962        1.0000000       0.82606832        1.0000000        1.0412666        1.0000000        1.2630458 
       1.0000000        1.0000000        1.0000000        1.0000000       0.12400000        7.3883200        7.3356502       0.12948112       0.14436988      0.077984558      0.086325176      0.040597449      0.041884110       0.66457368       0.70649601       0.66121098       0.70131932       0.67147976       0.69575767        1.0000000        1.8761393        1.0000000        2.0671065        1.0000000        2.2742658        1.0000000       0.82484597        1.0000000        1.0417887        1.0000000        1.2642155 
       1.0000000        1.0000000        1.0000000        1.0000000       0.12500000        7.3619555        7.3096502       0.12951405       0.14441592      0.078008090      0.086366830      0.040588987      0.041956122       0.66458720       0.70656738       0.66134992       0.70158913       0.67142619       0.69607189        1.0000000        1.8763288        1.0000000        2.0681533        1.0000000        2.2759769        1.0000000       0.82503549        1.0000000        1.0428355        1.0000000        1.2659266 
       1.0000000        1.0000000        1.0000000        1.0000000       0.12600000        7.3429970        7.2910508       0.12943931       0.14413987      0.078010902      0.086123129      0.040638926      0.041867110       0.66440158       0.70588997       0.66131259       0.70095416       0.67162388       0.69645358        1.0000000        1.8744169        1.0000000        2.0654941        1.0000000        2.2744288        1.0000000       0.82312357        1.0000000        1.0401763        1.0000000        1.2643784 
       1.0000000        1.0000000        1.0000000        1.0000000       0.12700000        7.3264806        7.2748880       0.12938800       0.14418268      0.078004311      0.086082819      0.040652429      0.041756996       0.66420888       0.70561459       0.66127763       0.70050356       0.67176077       0.69554322        1.0000000        1.8737705        1.0000000        2.0644736        1.0000000        2.2710187        1.0000000       0.82247722        1.0000000        1.0391558        1.0000000        1.2609684 
       1.0000000        1.0000000        1.0000000        1.0000000       0.12800000        7.3116005        7.2603564       0.12945689       0.14398894      0.078060815      0.085962165      0.040666429      0.041811981       0.66434516       0.70519956       0.66141005       0.70028690       0.67167402       0.69595718        1.0000000        1.8725375        1.0000000        2.0632638        1.0000000        2.2714192        1.0000000       0.82124423        1.0000000        1.0379460        1.0000000        1.2613689 
       1.0000000        1.0000000        1.0000000        1.0000000       0.12900000        7.2935770        7.2426763       0.12947471       0.14383416      0.078095556      0.085844361      0.040671962      0.041784171       0.66428355       0.70496309       0.66167091       0.70020853       0.67190028       0.69585434        1.0000000        1.8717465        1.0000000        2.0626524        1.0000000        2.2704376        1.0000000       0.82045317        1.0000000        1.0373346        1.0000000        1.2603872 
       1.0000000        1.0000000        1.0000000        1.0000000       0.13000000        7.2764253        7.2258629       0.12948313       0.14404979      0.078134470      0.085997953      0.040715202      0.041857423       0.66428903       0.70532879       0.66209808       0.70061555       0.67252047       0.69604679        1.0000000        1.8728848        1.0000000        2.0644950        1.0000000        2.2724807        1.0000000       0.82159150        1.0000000        1.0391772        1.0000000        1.2624304 
       1.0000000        1.0000000        1.0000000        1.0000000       0.13100000        7.2620467        7.2118178       0.12950718       0.14410255      0.078161039      0.085939307      0.040744584      0.041772894       0.66452892       0.70560647       0.66251041       0.70057093       0.67275555       0.69616159        1.0000000        1.8738164        1.0000000        2.0643984        1.0000000        2.2712717        1.0000000       0.82252309        1.0000000        1.0390806        1.0000000        1.2612213 
       1.0000000        1.0000000        1.0000000        1.0000000       0.13200000        7.2485140        7.1986138       0.12950512       0.14414917      0.078159103      0.086107800      0.040693039      0.041805654       0.66439756       0.70544248       0.66236045       0.70073584       0.67230524       0.69636084        1.0000000        1.8732034        1.0000000        2.0647536        1.0000000        2.2724175        1.0000000       0.82191010        1.0000000        1.0394358        1.0000000        1.2623672 
       1.0000000        1.0000000        1.0000000        1.0000000       0.13300000        7.2310580        7.1814819       0.12947686       0.14446813      0.078143004      0.086383411      0.040693398      0.041918135       0.66427924       0.70611129       0.66238105       0.70148258       0.67224192       0.69698707        1.0000000        1.8751262        1.0000000        2.0675280        1.0000000        2.2766127        1.0000000       0.82383286        1.0000000        1.0422102        1.0000000        1.2665624 
       1.0000000        1.0000000        1.0000000        1.0000000       0.13400000        7.2023409        7.1530843       0.12949655       0.14465708      0.078213941      0.086524056      0.040762078      0.042047843       0.66417304       0.70692550       0.66234160       0.70230731       0.67219020       0.69781666        1.0000000        1.8773158        1.0000000        2.0703423        1.0000000        2.2811539        1.0000000       0.82602246        1.0000000        1.0450245        1.0000000        1.2711035 
       1.0000000        1.0000000        1.0000000        1.0000000       0.13500000        7.1778389        7.1289286       0.12935647       0.14443158      0.078062308      0.086552084      0.040621010      0.042115373       0.66400679       0.70626619       0.66196882       0.70251003       0.67173088       0.69830157        1.0000000        1.8751636        1.0000000        2.0704822        1.0000000        2.2837762        1.0000000       0.82387034        1.0000000        1.0451644        1.0000000        1.2737259 
       1.0000000        1.0000000        1.0000000        1.0000000       0.13600000        7.1611634        7.1125633       0.12942616       0.14449619      0.078138749      0.086573509      0.040697489      0.042090803       0.66406821       0.70624273       0.66215828       0.70232693       0.67198154       0.69804961        1.0000000        1.8752331        1.0000000        2.0701050        1.0000000        2.2834225        1.0000000       0.82393979        1.0000000        1.0447872        1.0000000        1.2733721 
       1.0000000        1.0000000        1.0000000        1.0000000       0.13700000        7.1548387        7.1065446       0.12942762       0.14477137      0.078108033      0.086821410      0.040642033      0.042204426       0.66362126       0.70696757       0.66156518       0.70320124       0.67124004       0.69908378        1.0000000        1.8774166        1.0000000        2.0730791        1.0000000        2.2879983        1.0000000       0.82612327        1.0000000        1.0477613        1.0000000        1.2779479 
       1.0000000        1.0000000        1.0000000        1.0000000       0.13800000        7.1414403        7.0934480       0.12940752       0.14476757      0.078065114      0.086845589      0.040601910      0.042214412       0.66352744       0.70687323       0.66135246       0.70320919       0.67082951       0.69913108        1.0000000        1.8771099        1.0000000        2.0729885        1.0000000        2.2883824        1.0000000       0.82581656        1.0000000        1.0476707        1.0000000        1.2783321 
       1.0000000        1.0000000        1.0000000        1.0000000       0.13900000        7.1217081        7.0740135       0.12935420       0.14488938      0.077978201      0.086969972      0.040512508      0.042320849       0.66329583       0.70703855       0.66076312       0.70359886       0.67002273       0.69939578        1.0000000        1.8775465        1.0000000        2.0745153        1.0000000        2.2907062        1.0000000       0.82625324        1.0000000        1.0491975        1.0000000        1.2806559 
       1.0000000        1.0000000        1.0000000        1.0000000       0.14000000        7.1095775        7.0621767       0.12927180       0.14497421      0.077958301      0.087030727      0.040530447      0.042317387       0.66272234       0.70730342       0.66026830       0.70376446       0.66999753       0.69951237        1.0000000        1.8783529        1.0000000        2.0751775        1.0000000        2.2912543        1.0000000       0.82705961        1.0000000        1.0498597        1.0000000        1.2812040 
       1.0000000        1.0000000        1.0000000        1.0000000       0.14100000        7.1002888        7.0531777       0.12924762       0.14491443      0.078002542      0.087053694      0.040565160      0.042337904       0.66275129       0.70698722       0.66045327       0.70363955       0.67021401       0.69956081        1.0000000        1.8773925        1.0000000        2.0746321        1.0000000        2.2919582        1.0000000       0.82609923        1.0000000        1.0493143        1.0000000        1.2819078 
       1.0000000        1.0000000        1.0000000        1.0000000       0.14200000        7.0993357        7.0525106       0.12928535       0.14505317      0.078044995      0.087104390      0.040591791      0.042439543       0.66272911       0.70777395       0.66062890       0.70406970       0.67062638       0.69992239        1.0000000        1.8795837        1.0000000        2.0761838        1.0000000        2.2939844        1.0000000       0.82829039        1.0000000        1.0508660        1.0000000        1.2839341 
       1.0000000        1.0000000        1.0000000        1.0000000       0.14300000        7.0859584        7.0394154       0.12925180       0.14485848      0.078001169      0.086958485      0.040581244      0.042329616       0.66267661       0.70688533       0.66044413       0.70316373       0.67038958       0.69877659        1.0000000        1.8768872        1.0000000        2.0734172        1.0000000        2.2894304        1.0000000       0.82559388        1.0000000        1.0480994        1.0000000        1.2793801 
       1.0000000        1.0000000        1.0000000        1.0000000       0.14400000        7.0707831        7.0245187       0.12935461       0.14490193      0.078087110      0.087001888      0.040622176      0.042329070       0.66288178       0.70688582       0.66074981       0.70325821       0.67028653       0.69873186        1.0000000        1.8769116        1.0000000        2.0738624        1.0000000        2.2894488        1.0000000       0.82561826        1.0000000        1.0485446        1.0000000        1.2793985 
       1.0000000        1.0000000        1.0000000        1.0000000       0.14500000        7.0555684        7.0095789       0.12941112       0.14497647      0.078141646      0.087200043      0.040670635      0.042691382       0.66305312       0.70717357       0.66091189       0.70378189       0.67039402       0.69958868        1.0000000        1.8775340        1.0000000        2.0756068        1.0000000        2.2947639        1.0000000       0.82624074        1.0000000        1.0502890        1.0000000        1.2847135 
       1.0000000        1.0000000        1.0000000        1.0000000       0.14600000        7.0365967        6.9908785       0.12942245       0.14483475      0.078169083      0.087136548      0.040696661      0.042675060       0.66314778       0.70657843       0.66107815       0.70370617       0.67068094       0.69951940        1.0000000        1.8757665        1.0000000        2.0752384        1.0000000        2.2936400        1.0000000       0.82447325        1.0000000        1.0499206        1.0000000        1.2835897 
       1.0000000        1.0000000        1.0000000        1.0000000       0.14700000        7.0123129        6.9668893       0.12943153       0.14481117      0.078160221      0.087090491      0.040670095      0.042645141       0.66315576       0.70636545       0.66113713       0.70367626       0.67069870       0.69967572        1.0000000        1.8751858        1.0000000        2.0750102        1.0000000        2.2933647        1.0000000       0.82389247        1.0000000        1.0496924        1.0000000        1.2833144 
       1.0000000        1.0000000        1.0000000        1.0000000       0.14800000        6.9959085        6.9507491       0.12937615       0.14488671      0.078100447      0.087146276      0.040624759      0.042626652       0.66285401       0.70652013       0.66096732       0.70387432       0.67050148       0.69953836        1.0000000        1.8756197        1.0000000        2.0757637        1.0000000        2.2936690        1.0000000       0.82432645        1.0000000        1.0504459        1.0000000        1.2836186 
       1.0000000        1.0000000        1.0000000        1.0000000       0.14900000        6.9727592        6.9278605       0.12944442       0.14503718      0.078173069      0.087281403      0.040697561      0.042741451       0.66308012       0.70659232       0.66127623       0.70438098       0.67095137       0.69984306        1.0000000        1.8759026        1.0000000        2.0778563        1.0000000        2.2955435        1.0000000       0.82460934        1.0000000        1.0525385        1.0000000        1.2854932 
       1.0000000        1.0000000        1.0000000        1.0000000       0.15000000        6.9577515        6.9131104       0.12940380       0.14490980      0.078103044      0.087188757      0.040606286      0.042662358       0.66287084       0.70632972       0.66094683       0.70424936       0.67027694       0.69972060        1.0000000        1.8751197        1.0000000        2.0771415        1.0000000        2.2937552        1.0000000       0.82382645        1.0000000        1.0518237        1.0000000        1.2837049 
       1.0000000        1.0000000        1.0000000        1.0000000       0.15100000        6.9531666        6.9087800       0.12937716       0.14484957      0.078110872      0.087163621      0.040622779      0.042623718       0.66287886       0.70599343       0.66100354       0.70395448       0.67057466       0.69947618        1.0000000        1.8741556        1.0000000        2.0761569        1.0000000        2.2929426        1.0000000       0.82286231        1.0000000        1.0508391        1.0000000        1.2828922 
       1.0000000        1.0000000        1.0000000        1.0000000       0.15200000        6.9398610        6.8957256       0.12934807       0.14456123      0.078127417      0.086920326      0.040651342      0.042533494       0.66276288       0.70506576       0.66112463       0.70273225       0.67082401       0.69801539        1.0000000        1.8716204        1.0000000        2.0721815        1.0000000        2.2860557        1.0000000       0.82032711        1.0000000        1.0468637        1.0000000        1.2760054 
       1.0000000        1.0000000        1.0000000        1.0000000       0.15300000        6.9254727        6.8815855       0.12929560       0.14458224      0.078091360      0.086925313      0.040660717      0.042528626       0.66235829       0.70504055       0.66069701       0.70276512       0.67079694       0.69808011        1.0000000        1.8715627        1.0000000        2.0723829        1.0000000        2.2862732        1.0000000       0.82026939        1.0000000        1.0470651        1.0000000        1.2762229 
       1.0000000        1.0000000        1.0000000        1.0000000       0.15400000        6.9100500        6.8664079       0.12927757       0.14448372      0.078081621      0.086973285      0.040670416      0.042557213       0.66217714       0.70472665       0.66042782       0.70276234       0.67037874       0.69812222        1.0000000        1.8705233        1.0000000        2.0722300        1.0000000        2.2868224        1.0000000       0.81923003        1.0000000        1.0469122        1.0000000        1.2767721 
       1.0000000        1.0000000        1.0000000        1.0000000       0.15500000        6.8951823        6.8517824       0.12926509       0.14438599      0.078069720      0.086940005      0.040665818      0.042639243       0.66220805       0.70436733       0.66040000       0.70288734       0.67039638       0.69887536        1.0000000        1.8694599        1.0000000        2.0721936        1.0000000        2.2884723        1.0000000       0.81816665        1.0000000        1.0468758        1.0000000        1.2784219 
       1.0000000        1.0000000        1.0000000        1.0000000       0.15600000        6.8898599        6.8466992       0.12927907       0.14455140      0.078051643      0.087043358      0.040637541      0.042704265       0.66209821       0.70481351       0.66048701       0.70304088       0.67049120       0.69874345        1.0000000        1.8707801        1.0000000        2.0729672        1.0000000        2.2890939        1.0000000       0.81948679        1.0000000        1.0476493        1.0000000        1.2790435 
       1.0000000        1.0000000        1.0000000        1.0000000       0.15700000        6.8706320        6.8277077       0.12924155       0.14439679      0.078022014      0.086800062      0.040640057      0.042466176       0.66215801       0.70408360       0.66045528       0.70187171       0.67052088       0.69687287        1.0000000        1.8687782        1.0000000        2.0694345        1.0000000        2.2807021        1.0000000       0.81748491        1.0000000        1.0441167        1.0000000        1.2706518 
       1.0000000        1.0000000        1.0000000        1.0000000       0.15800000        6.8559817        6.8133143       0.12915830       0.14471700      0.077901156      0.087114392      0.040541615      0.042648234       0.66199763       0.70495762       0.66025838       0.70304885       0.67019221       0.69899190        1.0000000        1.8715230        1.0000000        2.0731943        1.0000000        2.2883551        1.0000000       0.82022973        1.0000000        1.0478765        1.0000000        1.2783048 
       1.0000000        1.0000000        1.0000000        1.0000000       0.15900000        6.8432830        6.8008461       0.12916413       0.14471450      0.077922037      0.087083471      0.040582938      0.042562924       0.66204375       0.70481156       0.66018524       0.70245493       0.67006983       0.69753470        1.0000000        1.8710121        1.0000000        2.0716058        1.0000000        2.2841144        1.0000000       0.81971882        1.0000000        1.0462879        1.0000000        1.2740641 
       1.0000000        1.0000000        1.0000000        1.0000000       0.16000000        6.8343245        6.7921155       0.12916673       0.14442754      0.077926390      0.086704020      0.040612619      0.042279356       0.66205461       0.70402511       0.66019072       0.70092766       0.67036189       0.69552980        1.0000000        1.8691167        1.0000000        2.0666720        1.0000000        2.2733420        1.0000000       0.81782345        1.0000000        1.0413542        1.0000000        1.2632916 
