
       1.0000000        1.0000000        1.0000000        1.0000000      0.035000000        10.120087        9.9520194       0.18823163       0.18430499       0.10413700       0.10273373      0.050425166      0.049003084       0.83222956       0.82783473       0.75507648       0.75644467       0.71137770       0.71739528        1.0000000        2.2612933        1.0000000        2.3126010        1.0000000        2.4436342        1.0000000        1.2100000        1.0000000        1.2872832        1.0000000        1.4335839 
       1.0000000        1.0000000        1.0000000        1.0000000      0.036000000        10.134916        9.9714804       0.18704985       0.18315062       0.10357963       0.10239105      0.050168632      0.049172171       0.82982940       0.82501869       0.75330766       0.75502563       0.71019703       0.71686102        1.0000000        2.2514833        1.0000000        2.3062021        1.0000000        2.4400644        1.0000000        1.2001901        1.0000000        1.2808843        1.0000000        1.4300140 
       1.0000000        1.0000000        1.0000000        1.0000000      0.037000000        10.020081        9.8610015       0.18603862       0.18155692       0.10331581       0.10116775      0.050258683      0.048304619       0.82711105       0.82256111       0.75189318       0.75288528       0.70972603       0.71572544        1.0000000        2.2425014        1.0000000        2.2948122        1.0000000        2.4297539        1.0000000        1.1912081        1.0000000        1.2694944        1.0000000        1.4197036 
       1.0000000        1.0000000        1.0000000        1.0000000      0.038000000        9.9145024        9.7595276       0.18424359       0.18055408       0.10272212       0.10069107      0.050272938      0.048134577       0.82361920       0.81951181       0.74979457       0.75076582       0.70902705       0.71475236        1.0000000        2.2322240        1.0000000        2.2858403        1.0000000        2.4238193        1.0000000        1.1809307        1.0000000        1.2605225        1.0000000        1.4137690 
       1.0000000        1.0000000        1.0000000        1.0000000      0.039000000        9.8596785        9.7085790       0.18314235       0.18035652       0.10239589       0.10105685      0.050379311      0.048169047       0.82104030       0.81763150       0.74848638       0.75068944       0.70853998       0.71530366        1.0000000        2.2257853        1.0000000        2.2859521        1.0000000        2.4290973        1.0000000        1.1744920        1.0000000        1.2606343        1.0000000        1.4190469 
       1.0000000        1.0000000        1.0000000        1.0000000      0.040000000        9.8649464        9.7175123       0.18143478       0.17991659       0.10101338       0.10120916      0.049423220      0.048583393       0.81885893       0.81622090       0.74658824       0.75009168       0.70715130       0.71578154        1.0000000        2.2205929        1.0000000        2.2825232        1.0000000        2.4330238        1.0000000        1.1692996        1.0000000        1.2572054        1.0000000        1.4229734 
       1.0000000        1.0000000        1.0000000        1.0000000      0.041000000        9.7976875        9.6537258       0.17993649       0.17844418       0.10042711       0.10013760      0.049335058      0.047459060       0.81608704       0.81364387       0.74499337       0.74841561       0.70675047       0.71344691        1.0000000        2.2119504        1.0000000        2.2743660        1.0000000        2.4135843        1.0000000        1.1606571        1.0000000        1.2490482        1.0000000        1.4035340 
       1.0000000        1.0000000        1.0000000        1.0000000      0.042000000        9.7300280        9.5893615       0.17907315       0.17800558       0.10016657       0.10006610      0.049309562      0.047438361       0.81369097       0.81190648       0.74366038       0.74763741       0.70672480       0.71355189        1.0000000        2.2060759        1.0000000        2.2708294        1.0000000        2.4138577        1.0000000        1.1547826        1.0000000        1.2455116        1.0000000        1.4038073 
       1.0000000        1.0000000        1.0000000        1.0000000      0.043000000        9.7302104        9.5926754       0.17867434       0.17767131       0.10021249       0.10000370      0.049469499      0.047254525       0.81156806       0.81037965       0.74243693       0.74687847       0.70575826       0.71343683        1.0000000        2.2010863        1.0000000        2.2681674        1.0000000        2.4109185        1.0000000        1.1497930        1.0000000        1.2428496        1.0000000        1.4008681 
       1.0000000        1.0000000        1.0000000        1.0000000      0.044000000        9.7315849        9.5970301       0.17797528       0.17609845      0.099874959      0.098968453      0.049302026      0.046617181       0.80970006       0.80771147       0.74113846       0.74473707       0.70491450       0.71112320        1.0000000        2.1920781        1.0000000        2.2576221        1.0000000        2.3964408        1.0000000        1.1407848        1.0000000        1.2323043        1.0000000        1.3863904 
       1.0000000        1.0000000        1.0000000        1.0000000      0.045000000        9.6590833        9.5276453       0.17675306       0.17587694      0.099359806      0.099317117      0.049187440      0.046887129       0.80741962       0.80553434       0.73986322       0.74444140       0.70435844       0.71241720        1.0000000        2.1851845        1.0000000        2.2560947        1.0000000        2.4037635        1.0000000        1.1338912        1.0000000        1.2307769        1.0000000        1.3937131 
       1.0000000        1.0000000        1.0000000        1.0000000      0.046000000        9.6020425        9.4733019       0.17581963       0.17565722      0.098945084      0.099485483      0.048991482      0.047076640       0.80497219       0.80414205       0.73833543       0.74406554       0.70384028       0.71255391        1.0000000        2.1806363        1.0000000        2.2546836        1.0000000        2.4058177        1.0000000        1.1293430        1.0000000        1.2293658        1.0000000        1.3957673 
       1.0000000        1.0000000        1.0000000        1.0000000      0.047000000        9.5374688        9.4113055       0.17451228       0.17550237      0.098247443      0.099628287      0.048801074      0.047194711       0.80256253       0.80286493       0.73659540       0.74384974       0.70340656       0.71275167        1.0000000        2.1765180        1.0000000        2.2537635        1.0000000        2.4068009        1.0000000        1.1252247        1.0000000        1.2284457        1.0000000        1.3967505 
       1.0000000        1.0000000        1.0000000        1.0000000      0.048000000        9.4976853        9.3739871       0.17377221       0.17492330      0.098030341      0.099454503      0.048782875      0.047346750       0.80074196       0.80109339       0.73567847       0.74291406       0.70326907       0.71304816        1.0000000        2.1706096        1.0000000        2.2493366        1.0000000        2.4085156        1.0000000        1.1193163        1.0000000        1.2240188        1.0000000        1.3984653 
       1.0000000        1.0000000        1.0000000        1.0000000      0.049000000        9.4592246        9.3378869       0.17290866       0.17475030      0.097498426      0.099517184      0.048437138      0.047024364       0.79889019       0.80034023       0.73435749       0.74249522       0.70312907       0.71188650        1.0000000        2.1682089        1.0000000        2.2489357        1.0000000        2.4052328        1.0000000        1.1169156        1.0000000        1.2236179        1.0000000        1.3951824 
       1.0000000        1.0000000        1.0000000        1.0000000      0.050000000        9.4670485        9.3479734       0.17264257       0.17485411      0.097384466       0.10001348      0.048357278      0.047213369       0.79830898       0.79937619       0.73419225       0.74306453       0.70359428       0.71282782        1.0000000        2.1650695        1.0000000        2.2521232        1.0000000        2.4116550        1.0000000        1.1137762        1.0000000        1.2268054        1.0000000        1.4016046 
       1.0000000        1.0000000        1.0000000        1.0000000      0.051000000        9.4675022        9.3505982       0.17184516       0.17444066      0.097123681      0.099998103      0.048320624      0.047429981       0.79588909       0.79795447       0.73249940       0.74367647       0.70357120       0.71334860        1.0000000        2.1603832        1.0000000        2.2550210        1.0000000        2.4160245        1.0000000        1.1090899        1.0000000        1.2297032        1.0000000        1.4059741 
       1.0000000        1.0000000        1.0000000        1.0000000      0.052000000        9.3977690        9.2829500       0.17117852       0.17410525      0.097014771      0.099818077      0.048456316      0.047049936       0.79383266       0.79609453       0.73131727       0.74378365       0.70379897       0.71272556        1.0000000        2.1545456        1.0000000        2.2558906        1.0000000        2.4101216        1.0000000        1.1032523        1.0000000        1.2305728        1.0000000        1.4000713 
       1.0000000        1.0000000        1.0000000        1.0000000      0.053000000        9.3626141        9.2497992       0.17016034       0.17352767      0.096731957      0.099728903      0.048498220      0.047286874       0.79110998       0.79443621       0.72982994       0.74335894       0.70365359       0.71399379        1.0000000        2.1492073        1.0000000        2.2537039        1.0000000        2.4158280        1.0000000        1.0979140        1.0000000        1.2283861        1.0000000        1.4057777 
       1.0000000        1.0000000        1.0000000        1.0000000      0.054000000        9.3153113        9.2044246       0.16817672       0.17325826      0.095488290      0.099720976      0.047182769      0.047414984       0.78828439       0.79318089       0.72875021       0.74321248       0.70372971       0.71387075        1.0000000        2.1450111        1.0000000        2.2534250        1.0000000        2.4169708        1.0000000        1.0937178        1.0000000        1.2281072        1.0000000        1.4069205 
       1.0000000        1.0000000        1.0000000        1.0000000      0.055000000        9.2805819        9.1715517       0.16776449       0.17324774      0.095336371      0.099860051      0.047140611      0.047453617       0.78706595       0.79218608       0.72798806       0.74263708       0.70357861       0.71413296        1.0000000        2.1417881        1.0000000        2.2510504        1.0000000        2.4183358        1.0000000        1.0904948        1.0000000        1.2257326        1.0000000        1.4082855 
       1.0000000        1.0000000        1.0000000        1.0000000      0.056000000        9.2538914        9.1468254       0.16673722       0.17305891      0.094672374      0.099783054      0.046712908      0.047346332       0.78459789       0.79103791       0.72638519       0.74211119       0.70232275       0.71364344        1.0000000        2.1381736        1.0000000        2.2494361        1.0000000        2.4166914        1.0000000        1.0868803        1.0000000        1.2241182        1.0000000        1.4066411 
       1.0000000        1.0000000        1.0000000        1.0000000      0.057000000        9.2253536        9.1200066       0.16597073       0.17256593      0.094113487      0.099651815      0.046445452      0.047200588       0.78352469       0.78964289       0.72571751       0.74147602       0.70223053       0.71385842        1.0000000        2.1334598        1.0000000        2.2464907        1.0000000        2.4171874        1.0000000        1.0821665        1.0000000        1.2211729        1.0000000        1.4071370 
       1.0000000        1.0000000        1.0000000        1.0000000      0.058000000        9.1951027        9.0914146       0.16545384       0.17243108      0.094073341      0.099756688      0.046564999      0.047317663       0.78115005       0.78861510       0.72438646       0.74155502       0.70179192       0.71429843        1.0000000        2.1302893        1.0000000        2.2468023        1.0000000        2.4200512        1.0000000        1.0789960        1.0000000        1.2214845        1.0000000        1.4100009 
       1.0000000        1.0000000        1.0000000        1.0000000      0.059000000        9.1589164        9.0568305       0.16504069       0.17254904      0.093934964      0.099963522      0.046537041      0.047480074       0.77976951       0.78793162       0.72361790       0.74129618       0.70201858       0.71441868        1.0000000        2.1284768        1.0000000        2.2463316        1.0000000        2.4219061        1.0000000        1.0771835        1.0000000        1.2210138        1.0000000        1.4118557 
       1.0000000        1.0000000        1.0000000        1.0000000      0.060000000        9.1152028        9.0146653       0.16447892       0.17245567      0.093854768       0.10037854      0.046691156      0.048216948       0.77771650       0.78683896       0.72275588       0.74088108       0.70231321       0.71601055        1.0000000        2.1251911        1.0000000        2.2445086        1.0000000        2.4332102        1.0000000        1.0738978        1.0000000        1.2191908        1.0000000        1.4231599 
       1.0000000        1.0000000        1.0000000        1.0000000      0.061000000        9.1072545        9.0082142       0.16405275       0.17250074      0.093671826       0.10073594      0.046672247      0.048641751       0.77669427       0.78618321       0.72228401       0.74151517       0.70264959       0.71749875        1.0000000        2.1229028        1.0000000        2.2466663        1.0000000        2.4414133        1.0000000        1.0716095        1.0000000        1.2213485        1.0000000        1.4313629 
       1.0000000        1.0000000        1.0000000        1.0000000      0.062000000        9.0821220        8.9845306       0.16372291       0.17282079      0.093593607       0.10108931      0.046614895      0.048668462       0.77461255       0.78561775       0.72087121       0.74160790       0.70278761       0.71790376        1.0000000        2.1215414        1.0000000        2.2476809        1.0000000        2.4445950        1.0000000        1.0702482        1.0000000        1.2223631        1.0000000        1.4345446 
       1.0000000        1.0000000        1.0000000        1.0000000      0.063000000        9.0402948        8.9441062       0.16431709       0.17233487      0.094759934       0.10129886      0.048254734      0.049230075       0.77356873       0.78433475       0.72059630       0.74105280       0.70489443       0.71925744        1.0000000        2.1173541        1.0000000        2.2441913        1.0000000        2.4522956        1.0000000        1.0660608        1.0000000        1.2188734        1.0000000        1.4422453 
       1.0000000        1.0000000        1.0000000        1.0000000      0.064000000        9.0057828        8.9109530       0.16405342       0.17220981      0.094889583       0.10143705      0.048425685      0.049397060       0.77203959       0.78356606       0.72024853       0.74144188       0.70597136       0.71991482        1.0000000        2.1148937        1.0000000        2.2452380        1.0000000        2.4551452        1.0000000        1.0636004        1.0000000        1.2199202        1.0000000        1.4450949 
       1.0000000        1.0000000        1.0000000        1.0000000      0.065000000        8.9953608        8.9018482       0.16376217       0.17223839      0.094881106       0.10154601      0.048492033      0.049563216       0.77029039       0.78281696       0.71940002       0.74151993       0.70598315       0.71998845        1.0000000        2.1127051        1.0000000        2.2459762        1.0000000        2.4555146        1.0000000        1.0614118        1.0000000        1.2206584        1.0000000        1.4454642 
       1.0000000        1.0000000        1.0000000        1.0000000      0.066000000        8.9638275        8.8715923       0.16377823       0.17194507      0.095048262       0.10144286      0.048645173      0.049455595       0.76921978       0.78155963       0.71920041       0.74119754       0.70654696       0.72032046        1.0000000        2.1089306        1.0000000        2.2442027        1.0000000        2.4564916        1.0000000        1.0576373        1.0000000        1.2188849        1.0000000        1.4464413 
       1.0000000        1.0000000        1.0000000        1.0000000      0.067000000        8.9166919        8.8258181       0.16375987       0.17146767      0.095166673       0.10099429      0.048725746      0.048960796       0.76851378       0.78080641       0.71914334       0.74092604       0.70711322       0.71789056        1.0000000        2.1063139        1.0000000        2.2433536        1.0000000        2.4418282        1.0000000        1.0550206        1.0000000        1.2180358        1.0000000        1.4317778 
       1.0000000        1.0000000        1.0000000        1.0000000      0.068000000        8.8944461        8.8047720       0.16353614       0.17126552      0.095186099       0.10084763      0.048861084      0.049006350       0.76759217       0.78022609       0.71870583       0.74049531       0.70750667       0.71805490        1.0000000        2.1044426        1.0000000        2.2414175        1.0000000        2.4423073        1.0000000        1.0531493        1.0000000        1.2160997        1.0000000        1.4322570 
       1.0000000        1.0000000        1.0000000        1.0000000      0.069000000        8.8523678        8.7638590       0.16338365       0.17106921      0.095218026       0.10072928      0.048904581      0.049006067       0.76596318       0.77951659       0.71797227       0.74003892       0.70770862       0.71758404        1.0000000        2.1022645        1.0000000        2.2402713        1.0000000        2.4426041        1.0000000        1.0509712        1.0000000        1.2149535        1.0000000        1.4325537 
       1.0000000        1.0000000        1.0000000        1.0000000      0.070000000        8.8368933        8.7495169       0.16299127       0.17105776      0.095138067       0.10030710      0.048972939      0.048259193       0.76469969       0.77948615       0.71740770       0.73957159       0.70794154       0.71731407        1.0000000        2.1021840        1.0000000        2.2387334        1.0000000        2.4379222        1.0000000        1.0508907        1.0000000        1.2134156        1.0000000        1.4278719 
       1.0000000        1.0000000        1.0000000        1.0000000      0.071000000        8.8145180        8.7282424       0.16248725       0.17074449      0.094987910       0.10010653      0.048840790      0.048164326       0.76371155       0.77877899       0.71738224       0.73952582       0.70853810       0.71655635        1.0000000        2.0999913        1.0000000        2.2382484        1.0000000        2.4334803        1.0000000        1.0486980        1.0000000        1.2129306        1.0000000        1.4234300 
       1.0000000        1.0000000        1.0000000        1.0000000      0.072000000        8.7782431        8.6930382       0.16221311       0.17080730      0.094971309       0.10028627      0.048778296      0.048264875       0.76209672       0.77813256       0.71682413       0.73962618       0.70825426       0.71692169        1.0000000        2.0981239        1.0000000        2.2387021        1.0000000        2.4354676        1.0000000        1.0468306        1.0000000        1.2133843        1.0000000        1.4254173 
       1.0000000        1.0000000        1.0000000        1.0000000      0.073000000        8.7525367        8.6683737       0.16190758       0.16951090      0.094845910      0.099147099      0.048589108      0.047714962       0.76165629       0.77694666       0.71694697       0.73896403       0.70778699       0.71673779        1.0000000        2.0935921        1.0000000        2.2340581        1.0000000        2.4286333        1.0000000        1.0422988        1.0000000        1.2087403        1.0000000        1.4185830 
       1.0000000        1.0000000        1.0000000        1.0000000      0.074000000        8.7450836        8.6619347       0.16151053       0.16967929      0.094821710      0.099366127      0.048599241      0.047748073       0.76007087       0.77649471       0.71675077       0.73970600       0.70700874       0.71730849        1.0000000        2.0922875        1.0000000        2.2365966        1.0000000        2.4321541        1.0000000        1.0409942        1.0000000        1.2112788        1.0000000        1.4221037 
       1.0000000        1.0000000        1.0000000        1.0000000      0.075000000        8.7351153        8.6529541       0.16024884       0.16954513      0.093497409      0.099259608      0.047152047      0.047605980       0.75876695       0.77600700       0.71591577       0.73967176       0.70528262       0.71592800        1.0000000        2.0906322        1.0000000        2.2364297        1.0000000        2.4247236        1.0000000        1.0393389        1.0000000        1.2111119        1.0000000        1.4146733 
       1.0000000        1.0000000        1.0000000        1.0000000      0.076000000        8.7222325        8.6410333       0.15990660       0.16943394      0.093358841      0.099219491      0.046998730      0.047486398       0.75737018       0.77534824       0.71542794       0.73965174       0.70500563       0.71554002        1.0000000        2.0886988        1.0000000        2.2362122        1.0000000        2.4233657        1.0000000        1.0374056        1.0000000        1.2108944        1.0000000        1.4133154 
       1.0000000        1.0000000        1.0000000        1.0000000      0.077000000        8.7202974        8.6400359       0.16093574       0.16897421      0.094690113      0.099157772      0.048593564      0.047737193       0.75638656       0.77363939       0.71504129       0.73977401       0.70736382       0.71705973        1.0000000        2.0837156        1.0000000        2.2356156        1.0000000        2.4304006        1.0000000        1.0324223        1.0000000        1.2102978        1.0000000        1.4203503 
       1.0000000        1.0000000        1.0000000        1.0000000      0.078000000        8.7179232        8.6385757       0.15946738       0.16917370      0.093317793      0.099191452      0.047074950      0.047554006       0.75505638       0.77416243       0.71454457       0.73999278       0.70506904       0.71541796        1.0000000        2.0852769        1.0000000        2.2373088        1.0000000        2.4229404        1.0000000        1.0339836        1.0000000        1.2119910        1.0000000        1.4128901 
       1.0000000        1.0000000        1.0000000        1.0000000      0.079000000        8.6845255        8.6061574       0.16018508       0.16931540      0.094521367      0.099461724      0.048477172      0.047849078       0.75360963       0.77348314       0.71381806       0.74088047       0.70726361       0.71752430        1.0000000        2.0833875        1.0000000        2.2401846        1.0000000        2.4333606        1.0000000        1.0320942        1.0000000        1.2148668        1.0000000        1.4233103 
       1.0000000        1.0000000        1.0000000        1.0000000      0.080000000        8.6616013        8.5841008       0.15994009       0.16948960      0.094596758      0.099661143      0.048626758      0.047984242       0.75201726       0.77319209       0.71353304       0.74134890       0.70771945       0.71810346        1.0000000        2.0827013        1.0000000        2.2421176        1.0000000        2.4369636        1.0000000        1.0314081        1.0000000        1.2167998        1.0000000        1.4269132 
       1.0000000        1.0000000        1.0000000        1.0000000      0.081000000        8.6502676        8.5736138       0.15862072       0.16899802      0.093344957      0.098964283      0.047260282      0.047388703       0.75078714       0.77315256       0.71401462       0.74015628       0.70546225       0.71454756        1.0000000        2.0823917        1.0000000        2.2372549        1.0000000        2.4173609        1.0000000        1.0310984        1.0000000        1.2119371        1.0000000        1.4073106 
       1.0000000        1.0000000        1.0000000        1.0000000      0.082000000        8.6387947        8.5629675       0.15842141       0.16877401      0.093290981      0.098826753      0.047203475      0.047206789       0.74930995       0.77240547       0.71338678       0.73997938       0.70500835       0.71390158        1.0000000        2.0802051        1.0000000        2.2364020        1.0000000        2.4134320        1.0000000        1.0289118        1.0000000        1.2110842        1.0000000        1.4033817 
       1.0000000        1.0000000        1.0000000        1.0000000      0.083000000        8.6042513        8.5292312       0.15817271       0.16870250      0.093181985      0.098793642      0.047117305      0.047326807       0.74819400       0.77189273       0.71277563       0.74013530       0.70510869       0.71438487        1.0000000        2.0787642        1.0000000        2.2363949        1.0000000        2.4154878        1.0000000        1.0274709        1.0000000        1.2110771        1.0000000        1.4054375 
       1.0000000        1.0000000        1.0000000        1.0000000      0.084000000        8.5766970        8.5024655       0.15802510       0.16890399      0.093080818      0.098936538      0.047052845      0.047339295       0.74741659       0.77189777       0.71264180       0.74028266       0.70522886       0.71448765        1.0000000        2.0788568        1.0000000        2.2371426        1.0000000        2.4164889        1.0000000        1.0275635        1.0000000        1.2118248        1.0000000        1.4064386 
       1.0000000        1.0000000        1.0000000        1.0000000      0.085000000        8.5480208        8.4745598       0.15791228       0.16878310      0.093126306      0.098935756      0.047043076      0.047383099       0.74697297       0.77117764       0.71294271       0.74039861       0.70455564       0.71464006        1.0000000        2.0767035        1.0000000        2.2374689        1.0000000        2.4172804        1.0000000        1.0254102        1.0000000        1.2121511        1.0000000        1.4072301 
       1.0000000        1.0000000        1.0000000        1.0000000      0.086000000        8.5315825        8.4588746       0.15778672       0.16898347      0.093145858      0.099127763      0.047070834      0.047473146       0.74574850       0.77107576       0.71309683       0.74047869       0.70420051       0.71491394        1.0000000        2.0766127        1.0000000        2.2381021        1.0000000        2.4201836        1.0000000        1.0253194        1.0000000        1.2127843        1.0000000        1.4101332 
       1.0000000        1.0000000        1.0000000        1.0000000      0.087000000        8.5178018        8.4458303       0.15776462       0.16889425      0.093246111      0.099081139      0.047143476      0.047484845       0.74480954       0.77054929       0.71293631       0.74033811       0.70448804       0.71443186        1.0000000        2.0752079        1.0000000        2.2379192        1.0000000        2.4185741        1.0000000        1.0239146        1.0000000        1.2126014        1.0000000        1.4085238 
       1.0000000        1.0000000        1.0000000        1.0000000      0.088000000        8.4923797        8.4211284       0.15778767       0.16902227      0.093288011      0.099302944      0.047160735      0.047626471       0.74436821       0.77054895       0.71303936       0.74065787       0.70492331       0.71488494        1.0000000        2.0752719        1.0000000        2.2393213        1.0000000        2.4218917        1.0000000        1.0239786        1.0000000        1.2140035        1.0000000        1.4118414 
       1.0000000        1.0000000        1.0000000        1.0000000      0.089000000        8.4773709        8.4068242       0.15757179       0.16904058      0.093146219      0.099352637      0.046995533      0.047694823       0.74357956       0.77067700       0.71268960       0.74096923       0.70322248       0.71521943        1.0000000        2.0754954        1.0000000        2.2401197        1.0000000        2.4233117        1.0000000        1.0242021        1.0000000        1.2148019        1.0000000        1.4132613 
       1.0000000        1.0000000        1.0000000        1.0000000      0.090000000        8.4625217        8.3927325       0.15745406       0.16834252      0.092973037      0.098808729      0.046777766      0.047513415       0.74312134       0.77012652       0.71265420       0.73946337       0.70327837       0.71402605        1.0000000        2.0736142        1.0000000        2.2340064        1.0000000        2.4160791        1.0000000        1.0223210        1.0000000        1.2086886        1.0000000        1.4060287 
       1.0000000        1.0000000        1.0000000        1.0000000      0.091000000        8.4381972        8.3690814       0.15735833       0.16818117      0.093028667      0.098755022      0.046831431      0.047528187       0.74241693       0.76982036       0.71285483       0.73955073       0.70379500       0.71422869        1.0000000        2.0725552        1.0000000        2.2338406        1.0000000        2.4168996        1.0000000        1.0212619        1.0000000        1.2085228        1.0000000        1.4068492 
       1.0000000        1.0000000        1.0000000        1.0000000      0.092000000        8.4127555        8.3442989       0.15729092       0.16815942      0.093005188      0.098768050      0.046784897      0.047514974       0.74134539       0.76950172       0.71212551       0.73975495       0.70334736       0.71425201        1.0000000        2.0715579        1.0000000        2.2344322        1.0000000        2.4169191        1.0000000        1.0202646        1.0000000        1.2091144        1.0000000        1.4068688 
       1.0000000        1.0000000        1.0000000        1.0000000      0.093000000        8.3763361        8.3085250       0.15707501       0.16817293      0.092991059      0.098721424      0.046791885      0.047400115       0.74045013       0.76936267       0.71225982       0.73966857       0.70361650       0.71405794        1.0000000        2.0712248        1.0000000        2.2341264        1.0000000        2.4153780        1.0000000        1.0199315        1.0000000        1.2088086        1.0000000        1.4053277 
       1.0000000        1.0000000        1.0000000        1.0000000      0.094000000        8.3532976        8.2861188       0.15691836       0.16813785      0.092955858      0.098774462      0.046732772      0.047367955       0.73946869       0.76866719       0.71197509       0.73976396       0.70308657       0.71386296        1.0000000        2.0692669        1.0000000        2.2350241        1.0000000        2.4147698        1.0000000        1.0179736        1.0000000        1.2097063        1.0000000        1.4047194 
       1.0000000        1.0000000        1.0000000        1.0000000      0.095000000        8.3289603        8.2624011       0.15655083       0.16804468      0.092748887      0.098628799      0.046587208      0.047334328       0.73815231       0.76865636       0.71177659       0.73949506       0.70204943       0.71406747        1.0000000        2.0690568        1.0000000        2.2336855        1.0000000        2.4144579        1.0000000        1.0177635        1.0000000        1.2083676        1.0000000        1.4044075 
       1.0000000        1.0000000        1.0000000        1.0000000      0.096000000        8.3170859        8.2511338       0.15658485       0.16777851      0.092788468      0.098370535      0.046573130      0.047164133       0.73785126       0.76814097       0.71193640       0.73904461       0.70192796       0.71342069        1.0000000        2.0674871        1.0000000        2.2319271        1.0000000        2.4105084        1.0000000        1.0161938        1.0000000        1.2066092        1.0000000        1.4004580 
       1.0000000        1.0000000        1.0000000        1.0000000      0.097000000        8.3047373        8.2393803       0.15658760       0.16772653      0.092846380      0.098347268      0.046616509      0.047131581       0.73746448       0.76821881       0.71203108       0.73914376       0.70204089       0.71322054        1.0000000        2.0675918        1.0000000        2.2323553        1.0000000        2.4101292        1.0000000        1.0162985        1.0000000        1.2070375        1.0000000        1.4000788 
       1.0000000        1.0000000        1.0000000        1.0000000      0.098000000        8.2997849        8.2350113       0.15666652       0.16774349      0.093068223      0.098438371      0.046741376      0.047228381       0.73712488       0.76811259       0.71244837       0.73883737       0.70258387       0.71323974        1.0000000        2.0673630        1.0000000        2.2314223        1.0000000        2.4112187        1.0000000        1.0160697        1.0000000        1.2061045        1.0000000        1.4011684 
       1.0000000        1.0000000        1.0000000        1.0000000      0.099000000        8.2741072        8.2099058       0.15669492       0.16761059      0.093076907      0.098284979      0.046716392      0.047083063       0.73675104       0.76781219       0.71246506       0.73853019       0.70265332       0.71282837        1.0000000        2.0665188        1.0000000        2.2301399        1.0000000        2.4085159        1.0000000        1.0152255        1.0000000        1.2048221        1.0000000        1.3984656 
       1.0000000        1.0000000        1.0000000        1.0000000       0.10000000        8.2595680        8.1959277       0.15679763       0.16766171      0.093262102      0.098331886      0.046856588      0.047030930       0.73662028       0.76773107       0.71283338       0.73868985       0.70327019       0.71271865        1.0000000        2.0662844        1.0000000        2.2309548        1.0000000        2.4081803        1.0000000        1.0149911        1.0000000        1.2056370        1.0000000        1.3981299 
       1.0000000        1.0000000        1.0000000        1.0000000       0.10100000        8.2377067        8.1746714       0.15670031       0.16763082      0.093229631      0.098248459      0.046810223      0.046890613       0.73570889       0.76759198       0.71256757       0.73857128       0.70278889       0.71258477        1.0000000        2.0658682        1.0000000        2.2302486        1.0000000        2.4069130        1.0000000        1.0145749        1.0000000        1.2049307        1.0000000        1.3968627 
       1.0000000        1.0000000        1.0000000        1.0000000       0.10200000        8.2067089        8.1442128       0.15614643       0.16794679      0.092722773      0.098420867      0.046447052      0.046931579       0.73444715       0.76789343       0.71137078       0.73880794       0.70065138       0.71288800        1.0000000        2.0669752        1.0000000        2.2316586        1.0000000        2.4084691        1.0000000        1.0156819        1.0000000        1.2063408        1.0000000        1.3984187 
       1.0000000        1.0000000        1.0000000        1.0000000       0.10300000        8.1896312        8.1276643       0.15621434       0.16771026      0.092854006      0.098377162      0.046513353      0.047230698       0.73410012       0.76743762       0.71147993       0.73898981       0.70091996       0.71427681        1.0000000        2.0652182        1.0000000        2.2306146        1.0000000        2.4128354        1.0000000        1.0139249        1.0000000        1.2052968        1.0000000        1.4027851 
       1.0000000        1.0000000        1.0000000        1.0000000       0.10400000        8.1659605        8.1045130       0.15627833       0.16788951      0.092934157      0.098601243      0.046630717      0.047435168       0.73394766       0.76786864       0.71136050       0.73952341       0.70103155       0.71466013        1.0000000        2.0663053        1.0000000        2.2326317        1.0000000        2.4155764        1.0000000        1.0150121        1.0000000        1.2073139        1.0000000        1.4055261 
       1.0000000        1.0000000        1.0000000        1.0000000       0.10500000        8.1543935        8.0934560       0.15633714       0.16783052      0.092992465      0.098553731      0.046725480      0.047435858       0.73377485       0.76782358       0.71147844       0.73938925       0.70136551       0.71410249        1.0000000        2.0661713        1.0000000        2.2321604        1.0000000        2.4144149        1.0000000        1.0148780        1.0000000        1.2068426        1.0000000        1.4043645 
       1.0000000        1.0000000        1.0000000        1.0000000       0.10600000        8.1665579        8.1061211       0.15641376       0.16798010      0.093130725      0.098703994      0.046854041      0.047544692       0.73360516       0.76808383       0.71204321       0.73946891       0.70214655       0.71417425        1.0000000        2.0669579        1.0000000        2.2327001        1.0000000        2.4152356        1.0000000        1.0156646        1.0000000        1.2073823        1.0000000        1.4051852 
       1.0000000        1.0000000        1.0000000        1.0000000       0.10700000        8.1562060        8.0962611       0.15640506       0.16800167      0.093252324      0.098760398      0.047057060      0.047640206       0.73352661       0.76802864       0.71244003       0.73961571       0.70306625       0.71447075        1.0000000        2.0666445        1.0000000        2.2330419        1.0000000        2.4170805        1.0000000        1.0153512        1.0000000        1.2077241        1.0000000        1.4070302 
       1.0000000        1.0000000        1.0000000        1.0000000       0.10800000        8.1514921        8.0920303       0.15640202       0.16780486      0.093288643      0.098596502      0.047078123      0.047492076       0.73333703       0.76764164       0.71262606       0.73947855       0.70330859       0.71387369        1.0000000        2.0654168        1.0000000        2.2325957        1.0000000        2.4141241        1.0000000        1.0141235        1.0000000        1.2072779        1.0000000        1.4040737 
       1.0000000        1.0000000        1.0000000        1.0000000       0.10900000        8.1342850        8.0752980       0.15635598       0.16769626      0.093261299      0.098561309      0.047020382      0.047514740       0.73277362       0.76776529       0.71251871       0.73933004       0.70249004       0.71416781        1.0000000        2.0657372        1.0000000        2.2319588        1.0000000        2.4153637        1.0000000        1.0144439        1.0000000        1.2066410        1.0000000        1.4053133 
       1.0000000        1.0000000        1.0000000        1.0000000       0.11000000        8.1172088        8.0586883       0.15622618       0.16770030      0.093225394      0.098697733      0.047049029      0.047676379       0.73205934       0.76790479       0.71240204       0.73991904       0.70259495       0.71470893        1.0000000        2.0659191        1.0000000        2.2337929        1.0000000        2.4185703        1.0000000        1.0146258        1.0000000        1.2084750        1.0000000        1.4085199 
       1.0000000        1.0000000        1.0000000        1.0000000       0.11100000        8.0962916        8.0382296       0.15623634       0.16750275      0.093351143      0.098582567      0.047214221      0.047698744       0.73214231       0.76733411       0.71282313       0.73968953       0.70351006       0.71479210        1.0000000        2.0641854        1.0000000        2.2326798        1.0000000        2.4183786        1.0000000        1.0128921        1.0000000        1.2073620        1.0000000        1.4083283 
       1.0000000        1.0000000        1.0000000        1.0000000       0.11200000        8.0810426        8.0234313       0.15622693       0.16740117      0.093383649      0.098507070      0.047276625      0.047569502       0.73209020       0.76696884       0.71330629       0.73958175       0.70424409       0.71465217        1.0000000        2.0630792        1.0000000        2.2319472        1.0000000        2.4166695        1.0000000        1.0117859        1.0000000        1.2066294        1.0000000        1.4066192 
       1.0000000        1.0000000        1.0000000        1.0000000       0.11300000        8.0642623        8.0071380       0.15614300       0.16715636      0.093235095      0.098390795      0.047075140      0.047454127       0.73151832       0.76617321       0.71230726       0.73904839       0.70231843       0.71394125        1.0000000        2.0608343        1.0000000        2.2302340        1.0000000        2.4135342        1.0000000        1.0095410        1.0000000        1.2049162        1.0000000        1.4034839 
       1.0000000        1.0000000        1.0000000        1.0000000       0.11400000        8.0460741        7.9893848       0.15609759       0.16700043      0.093169306      0.098276763      0.047052156      0.047400490       0.73191611       0.76598246       0.71213170       0.73882258       0.70196947       0.71397161        1.0000000        2.0601407        1.0000000        2.2287665        1.0000000        2.4134376        1.0000000        1.0088474        1.0000000        1.2034486        1.0000000        1.4033873 
       1.0000000        1.0000000        1.0000000        1.0000000       0.11500000        8.0533872        7.9971257       0.15611674       0.16688369      0.093205239      0.098154978      0.047107479      0.047339487       0.73204226       0.76537852       0.71215746       0.73835082       0.70210575       0.71366007        1.0000000        2.0583746        1.0000000        2.2271484        1.0000000        2.4122273        1.0000000        1.0070813        1.0000000        1.2018306        1.0000000        1.4021769 
       1.0000000        1.0000000        1.0000000        1.0000000       0.11600000        8.0441594        7.9883187       0.15600499       0.16705407      0.093045087      0.098340257      0.047005627      0.047458361       0.73179688       0.76557235       0.71169218       0.73863414       0.70153586       0.71385848        1.0000000        2.0589703        1.0000000        2.2284159        1.0000000        2.4147884        1.0000000        1.0076770        1.0000000        1.2030981        1.0000000        1.4047381 
       1.0000000        1.0000000        1.0000000        1.0000000       0.11700000        8.0316992        7.9762724       0.15531098       0.16706294      0.092404119      0.098346517      0.046584093      0.047469777       0.72988895       0.76514477       0.70875660       0.73847907       0.69918161       0.71365477        1.0000000        2.0578694        1.0000000        2.2281587        1.0000000        2.4144545        1.0000000        1.0065761        1.0000000        1.2028408        1.0000000        1.4044042 
       1.0000000        1.0000000        1.0000000        1.0000000       0.11800000        8.0240845        7.9690650       0.15532413       0.16722842      0.092452952      0.098450392      0.046643994      0.047531794       0.72985443       0.76562664       0.70902176       0.73877768       0.69963180       0.71372538        1.0000000        2.0592892        1.0000000        2.2291213        1.0000000        2.4152336        1.0000000        1.0079959        1.0000000        1.2038035        1.0000000        1.4051833 
       1.0000000        1.0000000        1.0000000        1.0000000       0.11900000        8.0032713        7.9486527       0.15531535       0.16734451      0.092456182      0.098578142      0.046661148      0.047631219       0.72944973       0.76577270       0.70907805       0.73904381       0.69980720       0.71436729        1.0000000        2.0596881        1.0000000        2.2296465        1.0000000        2.4177781        1.0000000        1.0083948        1.0000000        1.2043287        1.0000000        1.4077277 
       1.0000000        1.0000000        1.0000000        1.0000000       0.12000000        7.9845051        7.9302810       0.15547355       0.16743118      0.092655391      0.098667984      0.046851066      0.047801005       0.72984714       0.76610399       0.70966968       0.73978917       0.70076257       0.71497475        1.0000000        2.0605642        1.0000000        2.2320451        1.0000000        2.4199898        1.0000000        1.0092709        1.0000000        1.2067273        1.0000000        1.4099395 
       1.0000000        1.0000000        1.0000000        1.0000000       0.12100000        7.9615965        7.9077607       0.15554880       0.16740630      0.092723605      0.098604086      0.046885543      0.047703575       0.72977830       0.76560019       0.70984329       0.73946431       0.70086381       0.71463733        1.0000000        2.0591762        1.0000000        2.2309873        1.0000000        2.4180197        1.0000000        1.0078829        1.0000000        1.2056695        1.0000000        1.4079693 
       1.0000000        1.0000000        1.0000000        1.0000000       0.12200000        7.9434084        7.8899549       0.15564591       0.16740453      0.092769233      0.098603694      0.046871740      0.047679932       0.72987742       0.76562852       0.71039406       0.73960001       0.70123277       0.71468382        1.0000000        2.0592251        1.0000000        2.2315756        1.0000000        2.4181059        1.0000000        1.0079318        1.0000000        1.2062578        1.0000000        1.4080555 
       1.0000000        1.0000000        1.0000000        1.0000000       0.12300000        7.9242455        7.8711683       0.15560830       0.16726537      0.092766010      0.098518547      0.046870282      0.047664915       0.72965592       0.76513230       0.71034479       0.73952134       0.70114347       0.71507615        1.0000000        2.0576818        1.0000000        2.2307794        1.0000000        2.4178150        1.0000000        1.0063885        1.0000000        1.2054616        1.0000000        1.4077647 
       1.0000000        1.0000000        1.0000000        1.0000000       0.12400000        7.9147634        7.8620936       0.15557717       0.16730721      0.092730899      0.098613224      0.046878159      0.047775329       0.72945641       0.76527531       0.71015378       0.73996071       0.70094339       0.71570919        1.0000000        2.0580220        1.0000000        2.2321058        1.0000000        2.4200286        1.0000000        1.0067287        1.0000000        1.2067880        1.0000000        1.4099782 
       1.0000000        1.0000000        1.0000000        1.0000000       0.12500000        7.9059157        7.8536104       0.15545757       0.16734458      0.092616664      0.098792842      0.046809969      0.047880864       0.72921573       0.76527599       0.70982262       0.74041173       0.70067159       0.71610879        1.0000000        2.0578274        1.0000000        2.2337491        1.0000000        2.4224568        1.0000000        1.0065341        1.0000000        1.2084313        1.0000000        1.4124064 
       1.0000000        1.0000000        1.0000000        1.0000000       0.12600000        7.8934474        7.8415012       0.15552850       0.16754208      0.092738486      0.098929831      0.046896007      0.047840769       0.72919537       0.76542076       0.71017258       0.74079130       0.70098202       0.71588366        1.0000000        2.0583922        1.0000000        2.2355036        1.0000000        2.4219788        1.0000000        1.0070989        1.0000000        1.2101858        1.0000000        1.4119285 
       1.0000000        1.0000000        1.0000000        1.0000000       0.12700000        7.8848331        7.8332405       0.15525349       0.16770823      0.092572457      0.098872358      0.046848332      0.047757731       0.72865860       0.76564297       0.70949429       0.74083023       0.70053005       0.71577706        1.0000000        2.0591249        1.0000000        2.2356327        1.0000000        2.4204290        1.0000000        1.0078316        1.0000000        1.2103149        1.0000000        1.4103786 
       1.0000000        1.0000000        1.0000000        1.0000000       0.12800000        7.8744040        7.8231598       0.15493948       0.16768596      0.092302654      0.098803661      0.046682012      0.047668895       0.72775856       0.76538729       0.70865302       0.74046467       0.69999134       0.71539471        1.0000000        2.0585172        1.0000000        2.2342932        1.0000000        2.4178708        1.0000000        1.0072239        1.0000000        1.2089754        1.0000000        1.4078205 
       1.0000000        1.0000000        1.0000000        1.0000000       0.12900000        7.8645261        7.8136254       0.15498921       0.16757163      0.092319876      0.098707623      0.046650734      0.047527028       0.72772143       0.76497787       0.70867638       0.74012647       0.69971390       0.71523843        1.0000000        2.0571904        1.0000000        2.2325951        1.0000000        2.4162446        1.0000000        1.0058971        1.0000000        1.2072773        1.0000000        1.4061943 
       1.0000000        1.0000000        1.0000000        1.0000000       0.13000000        7.8568078        7.8062454       0.15503231       0.16775252      0.092318543      0.098870227      0.046536458      0.047645410       0.72737978       0.76527003       0.70832173       0.74054925       0.69875167       0.71540687        1.0000000        2.0579945        1.0000000        2.2344910        1.0000000        2.4185760        1.0000000        1.0067013        1.0000000        1.2091732        1.0000000        1.4085257 
       1.0000000        1.0000000        1.0000000        1.0000000       0.13100000        7.8375203        7.7872914       0.15508214       0.16796696      0.092401931      0.099049309      0.046623285      0.047793786       0.72747655       0.76592822       0.70865285       0.74088943       0.69919943       0.71612314        1.0000000        2.0599348        1.0000000        2.2356477        1.0000000        2.4215599        1.0000000        1.0086415        1.0000000        1.2103299        1.0000000        1.4115096 
       1.0000000        1.0000000        1.0000000        1.0000000       0.13200000        7.8216826        7.7717824       0.15523412       0.16780667      0.092563874      0.098953165      0.046725799      0.047792221       0.72767131       0.76570126       0.70916474       0.74082116       0.69948680       0.71606204        1.0000000        2.0591894        1.0000000        2.2352479        1.0000000        2.4211861        1.0000000        1.0078961        1.0000000        1.2099300        1.0000000        1.4111358 
       1.0000000        1.0000000        1.0000000        1.0000000       0.13300000        7.8172941        7.7677180       0.15537806       0.16786506      0.092626448      0.098938674      0.046740361      0.047723346       0.72763963       0.76558501       0.70926557       0.74035843       0.69937301       0.71537759        1.0000000        2.0591346        1.0000000        2.2342173        1.0000000        2.4186959        1.0000000        1.0078413        1.0000000        1.2088994        1.0000000        1.4086455 
       1.0000000        1.0000000        1.0000000        1.0000000       0.13400000        7.7981520        7.7488954       0.15536096       0.16816835      0.092570941      0.099180999      0.046657328      0.047860333       0.72750234       0.76607378       0.70906779       0.74106219       0.69909938       0.71586841        1.0000000        2.0604556        1.0000000        2.2370328        1.0000000        2.4219943        1.0000000        1.0091623        1.0000000        1.2117150        1.0000000        1.4119440 
       1.0000000        1.0000000        1.0000000        1.0000000       0.13500000        7.7903726        7.7414623       0.15521427       0.16807068      0.092381972      0.099115108      0.046539885      0.047858174       0.72734284       0.76593639       0.70842490       0.74079655       0.69865719       0.71571534        1.0000000        2.0600413        1.0000000        2.2358660        1.0000000        2.4215214        1.0000000        1.0087480        1.0000000        1.2105482        1.0000000        1.4114710 
       1.0000000        1.0000000        1.0000000        1.0000000       0.13600000        7.7691571        7.7205570       0.15535359       0.16808459      0.092513093      0.099145486      0.046622164      0.047967255       0.72748382       0.76614819       0.70880409       0.74069415       0.69917912       0.71567484        1.0000000        2.0607579        1.0000000        2.2357424        1.0000000        2.4220938        1.0000000        1.0094646        1.0000000        1.2104246        1.0000000        1.4120435 
       1.0000000        1.0000000        1.0000000        1.0000000       0.13700000        7.7479706        7.6996765       0.15537622       0.16801702      0.092647549      0.099083383      0.046771813      0.047884746       0.72748120       0.76605513       0.70937388       0.74056729       0.69982578       0.71549712        1.0000000        2.0604086        1.0000000        2.2350004        1.0000000        2.4204851        1.0000000        1.0091153        1.0000000        1.2096826        1.0000000        1.4104348 
       1.0000000        1.0000000        1.0000000        1.0000000       0.13800000        7.7318406        7.6838483       0.15541671       0.16809192      0.092647433      0.099218471      0.046755859      0.047975007       0.72722608       0.76595166       0.70953183       0.74071343       0.69998024       0.71582781        1.0000000        2.0601454        1.0000000        2.2355826        1.0000000        2.4222124        1.0000000        1.0088521        1.0000000        1.2102648        1.0000000        1.4121621 
       1.0000000        1.0000000        1.0000000        1.0000000       0.13900000        7.7184339        7.6707393       0.15546266       0.16794311      0.092691612      0.099134869      0.046748455      0.048000975       0.72702743       0.76581670       0.70948151       0.74066395       0.69970589       0.71603565        1.0000000        2.0596670        1.0000000        2.2350471        1.0000000        2.4229038        1.0000000        1.0083737        1.0000000        1.2097293        1.0000000        1.4128535 
       1.0000000        1.0000000        1.0000000        1.0000000       0.14000000        7.6952692        7.6478683       0.15559262       0.16795253      0.092789528      0.099128264      0.046779024      0.048053078       0.72723850       0.76584550       0.70983684       0.74090994       0.69997745       0.71643569        1.0000000        2.0597156        1.0000000        2.2357231        1.0000000        2.4243636        1.0000000        1.0084223        1.0000000        1.2104053        1.0000000        1.4143132 
       1.0000000        1.0000000        1.0000000        1.0000000       0.14100000        7.6859548        7.6388437       0.15549046       0.16820408      0.092671385      0.099322542      0.046720465      0.048076421       0.72711936       0.76660385       0.70940166       0.74149272       0.69955247       0.71680741        1.0000000        2.0618683        1.0000000        2.2379449        1.0000000        2.4264621        1.0000000        1.0105750        1.0000000        1.2126271        1.0000000        1.4164118 
       1.0000000        1.0000000        1.0000000        1.0000000       0.14200000        7.6790560        7.6322309       0.15548001       0.16813497      0.092650976      0.099321666      0.046736687      0.048175585       0.72687393       0.76663856       0.70914946       0.74153375       0.69970466       0.71754846        1.0000000        2.0619101        1.0000000        2.2378632        1.0000000        2.4294741        1.0000000        1.0106168        1.0000000        1.2125454        1.0000000        1.4194238 
       1.0000000        1.0000000        1.0000000        1.0000000       0.14300000        7.6645969        7.6180540       0.15542376       0.16797514      0.092604962      0.099179501      0.046707067      0.048066680       0.72665175       0.76643697       0.70919022       0.74140467       0.69972716       0.71741527        1.0000000        2.0612506        1.0000000        2.2369675        1.0000000        2.4279831        1.0000000        1.0099573        1.0000000        1.2116497        1.0000000        1.4179328 
       1.0000000        1.0000000        1.0000000        1.0000000       0.14400000        7.6493147        7.6030503       0.15534919       0.16792242      0.092577831      0.099105735      0.046706748      0.048015232       0.72675629       0.76640839       0.70912324       0.74131716       0.69985471       0.71723327        1.0000000        2.0611614        1.0000000        2.2366494        1.0000000        2.4268424        1.0000000        1.0098681        1.0000000        1.2113316        1.0000000        1.4167921 
       1.0000000        1.0000000        1.0000000        1.0000000       0.14500000        7.6334257        7.5874362       0.15532580       0.16793333      0.092563056      0.099086530      0.046680341      0.048007829       0.72662913       0.76668231       0.70891827       0.74146988       0.69968493       0.71729259        1.0000000        2.0619883        1.0000000        2.2370907        1.0000000        2.4273921        1.0000000        1.0106950        1.0000000        1.2117729        1.0000000        1.4173418 
       1.0000000        1.0000000        1.0000000        1.0000000       0.14600000        7.6291498        7.5834317       0.15549098       0.16820892      0.092722295      0.099344013      0.046782300      0.048147840       0.72682616       0.76693911       0.70947112       0.74168735       0.70037162       0.71773232        1.0000000        2.0629033        1.0000000        2.2380875        1.0000000        2.4305412        1.0000000        1.0116100        1.0000000        1.2127697        1.0000000        1.4204908 
       1.0000000        1.0000000        1.0000000        1.0000000       0.14700000        7.6148116        7.5693880       0.15538723       0.16815257      0.092597954      0.099187951      0.046666333      0.048052535       0.72671379       0.76708125       0.70905227       0.74084922       0.69999460       0.71667837        1.0000000        2.0634062        1.0000000        2.2356057        1.0000000        2.4250403        1.0000000        1.0121129        1.0000000        1.2102879        1.0000000        1.4149900 
       1.0000000        1.0000000        1.0000000        1.0000000       0.14800000        7.6015444        7.5563850       0.15534995       0.16812515      0.092545664      0.099043178      0.046616722      0.047948285       0.72682897       0.76735343       0.70919647       0.74056254       0.69993790       0.71625396        1.0000000        2.0643135        1.0000000        2.2346508        1.0000000        2.4230639        1.0000000        1.0130202        1.0000000        1.2093330        1.0000000        1.4130136 
       1.0000000        1.0000000        1.0000000        1.0000000       0.14900000        7.5869536        7.5420550       0.15540444       0.16811911      0.092598955      0.098983796      0.046640610      0.047945508       0.72683512       0.76786224       0.70922048       0.74086452       0.69984380       0.71639322        1.0000000        2.0656789        1.0000000        2.2354440        1.0000000        2.4234462        1.0000000        1.0143856        1.0000000        1.2101262        1.0000000        1.4133959 
       1.0000000        1.0000000        1.0000000        1.0000000       0.15000000        7.5714426        7.5268015       0.15521277       0.16795667      0.092495618      0.098862568      0.046516271      0.047931326       0.72626795       0.76764799       0.70877440       0.74059822       0.69951780       0.71663877        1.0000000        2.0650204        1.0000000        2.2342282        1.0000000        2.4236065        1.0000000        1.0137271        1.0000000        1.2089104        1.0000000        1.4135561 
       1.0000000        1.0000000        1.0000000        1.0000000       0.15100000        7.5622535        7.5178668       0.15510665       0.16786489      0.092444674      0.098788848      0.046484989      0.047900497       0.72595560       0.76756609       0.70867005       0.74045838       0.69930043       0.71645821        1.0000000        2.0648155        1.0000000        2.2337154        1.0000000        2.4226087        1.0000000        1.0135222        1.0000000        1.2083976        1.0000000        1.4125584 
       1.0000000        1.0000000        1.0000000        1.0000000       0.15200000        7.5473172        7.5031818       0.15518667       0.16775157      0.092549312      0.098765238      0.046567007      0.047889774       0.72620280       0.76734625       0.70908561       0.74043958       0.69962745       0.71651624        1.0000000        2.0640642        1.0000000        2.2331832        1.0000000        2.4218796        1.0000000        1.0127709        1.0000000        1.2078654        1.0000000        1.4118292 
       1.0000000        1.0000000        1.0000000        1.0000000       0.15300000        7.5392811        7.4953938       0.15524618       0.16788029      0.092594780      0.098760630      0.046605478      0.047835752       0.72637474       0.76770832       0.70920333       0.74038434       0.69986925       0.71626369        1.0000000        2.0653155        1.0000000        2.2333722        1.0000000        2.4209647        1.0000000        1.0140222        1.0000000        1.2080544        1.0000000        1.4109143 
       1.0000000        1.0000000        1.0000000        1.0000000       0.15400000        7.5358999        7.4922578       0.15513157       0.16779243      0.092510233      0.098573510      0.046534526      0.047626128       0.72606968       0.76757586       0.70878502       0.73988015       0.69949553       0.71574179        1.0000000        2.0649896        1.0000000        2.2311293        1.0000000        2.4170021        1.0000000        1.0136963        1.0000000        1.2058115        1.0000000        1.4069518 
       1.0000000        1.0000000        1.0000000        1.0000000       0.15500000        7.5279053        7.4845053       0.15516930       0.16823618      0.092564318      0.098933256      0.046585367      0.047932747       0.72601363       0.76846410       0.70887388       0.74057566       0.69959361       0.71612116        1.0000000        2.0676290        1.0000000        2.2343196        1.0000000        2.4209433        1.0000000        1.0163357        1.0000000        1.2090018        1.0000000        1.4108930 
       1.0000000        1.0000000        1.0000000        1.0000000       0.15600000        7.5165725        7.4734118       0.15517473       0.16817796      0.092578941      0.098836157      0.046590163      0.047925723       0.72585912       0.76871184       0.70891247       0.74057429       0.69964374       0.71606716        1.0000000        2.0682964        1.0000000        2.2343232        1.0000000        2.4207681        1.0000000        1.0170031        1.0000000        1.2090053        1.0000000        1.4107178 
       1.0000000        1.0000000        1.0000000        1.0000000       0.15700000        7.5016323        7.4587080       0.15535308       0.16822310      0.092768956      0.098854976      0.046720198      0.047925511       0.72608923       0.76889636       0.70940704       0.74071099       0.70016318       0.71610702        1.0000000        2.0688107        1.0000000        2.2347048        1.0000000        2.4208711        1.0000000        1.0175174        1.0000000        1.2093870        1.0000000        1.4108207 
       1.0000000        1.0000000        1.0000000        1.0000000       0.15800000        7.4814498        7.4387823       0.15553174       0.16824949      0.092927423      0.098956701      0.046782784      0.048006006       0.72640687       0.76894536       0.70988257       0.74093990       0.70032365       0.71621795        1.0000000        2.0688898        1.0000000        2.2355530        1.0000000        2.4219154        1.0000000        1.0175965        1.0000000        1.2102352        1.0000000        1.4118651 
       1.0000000        1.0000000        1.0000000        1.0000000       0.15900000        7.4747239        7.4322871       0.15551821       0.16811996      0.092986307      0.098897848      0.046872714      0.048083171       0.72615319       0.76893793       0.70973637       0.74098232       0.70041406       0.71667488        1.0000000        2.0686699        1.0000000        2.2351201        1.0000000        2.4235686        1.0000000        1.0173766        1.0000000        1.2098023        1.0000000        1.4135183 
       1.0000000        1.0000000        1.0000000        1.0000000       0.16000000        7.4589839        7.4167749       0.15561829       0.16801393      0.093098080      0.098768623      0.046913142      0.047863671       0.72635197       0.76830665       0.71003763       0.74036284       0.70045710       0.71576332        1.0000000        2.0669591        1.0000000        2.2330523        1.0000000        2.4186961        1.0000000        1.0156658        1.0000000        1.2077344        1.0000000        1.4086458 
