
       1.0000000        1.0000000        1.0000000        1.0000000      0.035000000        9.8717181        9.7036500       0.18650533       0.18546699       0.10174893       0.10333158      0.048005764      0.048381496       0.83224943       0.82896150       0.75405210       0.75766564       0.70983836       0.71717123        1.0000000        2.2655455        1.0000000        2.3190551        1.0000000        2.4429893        1.0000000        1.2142522        1.0000000        1.2937373        1.0000000        1.4329389 
       1.0000000        1.0000000        1.0000000        1.0000000      0.036000000        9.8833303        9.7198946       0.18534349       0.18421675       0.10112065       0.10287829      0.047673747      0.048313692       0.82981575       0.82600863       0.75230261       0.75608473       0.70854248       0.71661773        1.0000000        2.2552339        1.0000000        2.3117595        1.0000000        2.4391657        1.0000000        1.2039406        1.0000000        1.2864416        1.0000000        1.4291154 
       1.0000000        1.0000000        1.0000000        1.0000000      0.037000000        9.7723863        9.6133068       0.18451477       0.18227592       0.10094142       0.10121157      0.047659743      0.047326416       0.82729156       0.82363883       0.75085692       0.75377258       0.70764000       0.71426861        1.0000000        2.2467280        1.0000000        2.2995186        1.0000000        2.4178794        1.0000000        1.1954347        1.0000000        1.2742008        1.0000000        1.4078291 
       1.0000000        1.0000000        1.0000000        1.0000000      0.038000000        9.6446706        9.4896958       0.18266551       0.18121661       0.10024129       0.10060265      0.047561215      0.046907517       0.82374460       0.82058220       0.74875542       0.75161475       0.70680503       0.71297116        1.0000000        2.2364280        1.0000000        2.2902604        1.0000000        2.4089027        1.0000000        1.1851347        1.0000000        1.2649426        1.0000000        1.3988523 
       1.0000000        1.0000000        1.0000000        1.0000000      0.039000000        9.5913395        9.4402400       0.18147749       0.18119493      0.099799480       0.10099934      0.047526294      0.047057770       0.82120559       0.81901206       0.74730936       0.75160565       0.70599469       0.71336459        1.0000000        2.2310564        1.0000000        2.2908288        1.0000000        2.4138559        1.0000000        1.1797631        1.0000000        1.2655110        1.0000000        1.4038056 
       1.0000000        1.0000000        1.0000000        1.0000000      0.040000000        9.6062631        9.4588289       0.17957971       0.18062734      0.098448479       0.10099662      0.046695592      0.047182216       0.81879543       0.81739169       0.74536660       0.75118193       0.70501073       0.71383830        1.0000000        2.2251504        1.0000000        2.2885617        1.0000000        2.4168690        1.0000000        1.1738571        1.0000000        1.2632439        1.0000000        1.4068187 
       1.0000000        1.0000000        1.0000000        1.0000000      0.041000000        9.5338533        9.3898916       0.17832838       0.17903974      0.098102267      0.099853261      0.046685271      0.046284435       0.81611826       0.81458805       0.74400133       0.74907638       0.70470530       0.71116721        1.0000000        2.2156300        1.0000000        2.2782668        1.0000000        2.3979619        1.0000000        1.1643367        1.0000000        1.2529490        1.0000000        1.3879116 
       1.0000000        1.0000000        1.0000000        1.0000000      0.042000000        9.4588524        9.3181859       0.17739061       0.17828249      0.097799596      0.099587752      0.046536696      0.046386844       0.81361945       0.81263679       0.74251079       0.74803588       0.70421666       0.71110108        1.0000000        2.2090355        1.0000000        2.2734036        1.0000000        2.3968738        1.0000000        1.1577422        1.0000000        1.2480858        1.0000000        1.3868235 
       1.0000000        1.0000000        1.0000000        1.0000000      0.043000000        9.4779556        9.3404206       0.17679767       0.17772236      0.097517052      0.099350308      0.046251193      0.046294554       0.81151337       0.81096739       0.74119018       0.74676803       0.70288152       0.71059479        1.0000000        2.2035023        1.0000000        2.2677968        1.0000000        2.3934918        1.0000000        1.1522090        1.0000000        1.2424790        1.0000000        1.3834414 
       1.0000000        1.0000000        1.0000000        1.0000000      0.044000000        9.4916399        9.3570851       0.17635381       0.17619825      0.097400191      0.098442936      0.046180260      0.045997479       0.80974446       0.80819496       0.74012245       0.74446162       0.70237255       0.70949753        1.0000000        2.1939630        1.0000000        2.2563117        1.0000000        2.3844559        1.0000000        1.1426697        1.0000000        1.2309939        1.0000000        1.3744056 
       1.0000000        1.0000000        1.0000000        1.0000000      0.045000000        9.4190938        9.2876558       0.17515540       0.17592188      0.096906973      0.098590240      0.046096335      0.046023082       0.80739202       0.80588372       0.73896303       0.74413717       0.70186522       0.70923897        1.0000000        2.1866023        1.0000000        2.2552384        1.0000000        2.3836995        1.0000000        1.1353090        1.0000000        1.2299205        1.0000000        1.3736492 
       1.0000000        1.0000000        1.0000000        1.0000000      0.046000000        9.3561832        9.2274426       0.17442674       0.17570223      0.096778085      0.098701028      0.046115659      0.046105141       0.80501101       0.80452541       0.73779345       0.74377300       0.70143401       0.70935391        1.0000000        2.1821613        1.0000000        2.2540043        1.0000000        2.3847105        1.0000000        1.1308680        1.0000000        1.2286865        1.0000000        1.3746602 
       1.0000000        1.0000000        1.0000000        1.0000000      0.047000000        9.2896327        9.1634693       0.17341936       0.17551294      0.096484092      0.098743239      0.046191175      0.046154064       0.80254571       0.80338411       0.73641547       0.74355306       0.70125761       0.70921078        1.0000000        2.1785560        1.0000000        2.2532612        1.0000000        2.3840510        1.0000000        1.1272627        1.0000000        1.2279434        1.0000000        1.3740007 
       1.0000000        1.0000000        1.0000000        1.0000000      0.048000000        9.2751386        9.1514404       0.17257820       0.17492497      0.096051434      0.098503816      0.046037320      0.046117378       0.80083246       0.80187896       0.73542426       0.74274513       0.70057679       0.70889388        1.0000000        2.1735756        1.0000000        2.2500100        1.0000000        2.3812409        1.0000000        1.1222823        1.0000000        1.2246922        1.0000000        1.3711906 
       1.0000000        1.0000000        1.0000000        1.0000000      0.049000000        9.2229507        9.1016130       0.17189739       0.17422477      0.095811279      0.098295733      0.046031240      0.045974356       0.79881951       0.80044379       0.73417102       0.74197521       0.70006909       0.70822167        1.0000000        2.1687189        1.0000000        2.2466717        1.0000000        2.3790305        1.0000000        1.1174256        1.0000000        1.2213539        1.0000000        1.3689802 
       1.0000000        1.0000000        1.0000000        1.0000000      0.050000000        9.2616816        9.1426066       0.17135482       0.17427927      0.095438104      0.098649428      0.045870895      0.046186235       0.79819252       0.79976014       0.73369407       0.74165147       0.69978700       0.70860049        1.0000000        2.1666553        1.0000000        2.2455718        1.0000000        2.3831441        1.0000000        1.1153620        1.0000000        1.2202540        1.0000000        1.3730938 
       1.0000000        1.0000000        1.0000000        1.0000000      0.051000000        9.2729041        9.1560001       0.17060006       0.17349079      0.095154976      0.098432819      0.045731687      0.046184388       0.79607857       0.79817634       0.73204116       0.74124989       0.69932365       0.70857371        1.0000000        2.1614468        1.0000000        2.2441173        1.0000000        2.3835823        1.0000000        1.1101535        1.0000000        1.2187995        1.0000000        1.3735320 
       1.0000000        1.0000000        1.0000000        1.0000000      0.052000000        9.2066372        9.0918182       0.16991773       0.17337136      0.095101938      0.098767708      0.045858568      0.046376373       0.79388473       0.79646692       0.73106817       0.74099364       0.69938676       0.70859028        1.0000000        2.1562151        1.0000000        2.2435887        1.0000000        2.3852024        1.0000000        1.1049218        1.0000000        1.2182709        1.0000000        1.3751521 
       1.0000000        1.0000000        1.0000000        1.0000000      0.053000000        9.1638690        9.0510541       0.16884275       0.17265744      0.094720616      0.098560369      0.045770215      0.046540823       0.79120320       0.79465606       0.72967983       0.74046200       0.69850386       0.70933172        1.0000000        2.1503103        1.0000000        2.2406605        1.0000000        2.3882346        1.0000000        1.0990170        1.0000000        1.2153427        1.0000000        1.3781842 
       1.0000000        1.0000000        1.0000000        1.0000000      0.054000000        9.1425530        9.0316662       0.16763560       0.17264668      0.094301546      0.098872633      0.045738637      0.047001939       0.78863152       0.79359093       0.72839256       0.74050333       0.69877543       0.70987244        1.0000000        2.1468861        1.0000000        2.2413909        1.0000000        2.3946528        1.0000000        1.0955928        1.0000000        1.2160731        1.0000000        1.3846025 
       1.0000000        1.0000000        1.0000000        1.0000000      0.055000000        9.0876835        8.9786532       0.16716894       0.17203923      0.093988652      0.098647098      0.045586559      0.046791083       0.78740462       0.79184741       0.72738217       0.73956628       0.69805283       0.70978881        1.0000000        2.1409469        1.0000000        2.2367842        1.0000000        2.3915354        1.0000000        1.0896536        1.0000000        1.2114664        1.0000000        1.3814850 
       1.0000000        1.0000000        1.0000000        1.0000000      0.056000000        9.0601158        8.9530498       0.16626281       0.17199797      0.093626934      0.098658596      0.045389474      0.046778080       0.78491510       0.79089097       0.72573984       0.73916835       0.69720957       0.70965671        1.0000000        2.1380702        1.0000000        2.2356930        1.0000000        2.3929915        1.0000000        1.0867769        1.0000000        1.2103752        1.0000000        1.3829412 
       1.0000000        1.0000000        1.0000000        1.0000000      0.057000000        9.0348596        8.9295126       0.16542844       0.17153038      0.093104646      0.098356054      0.045291872      0.046614395       0.78370820       0.78965726       0.72452738       0.73846167       0.69680082       0.70997295        1.0000000        2.1340367        1.0000000        2.2325007        1.0000000        2.3929619        1.0000000        1.0827434        1.0000000        1.2071829        1.0000000        1.3829116 
       1.0000000        1.0000000        1.0000000        1.0000000      0.058000000        8.9987778        8.8950897       0.16481491       0.17121981      0.092973865      0.098293017      0.045346852      0.046645549       0.78127004       0.78838878       0.72318309       0.73820276       0.69633814       0.71036884        1.0000000        2.1300360        1.0000000        2.2313609        1.0000000        2.3948105        1.0000000        1.0787427        1.0000000        1.2060431        1.0000000        1.3847602 
       1.0000000        1.0000000        1.0000000        1.0000000      0.059000000        8.9580265        8.8559406       0.16454599       0.17145829      0.092954226      0.098573551      0.045410476      0.046835066       0.77990524       0.78789468       0.72241458       0.73823574       0.69630215       0.71077581        1.0000000        2.1288208        1.0000000        2.2323915        1.0000000        2.3980252        1.0000000        1.0775275        1.0000000        1.2070737        1.0000000        1.3879749 
       1.0000000        1.0000000        1.0000000        1.0000000      0.060000000        8.9129558        8.8124183       0.16384659       0.17089855      0.092734300      0.098354869      0.045415685      0.046826055       0.77780518       0.78621882       0.72148132       0.73733037       0.69636184       0.71157211        1.0000000        2.1234835        1.0000000        2.2284043        1.0000000        2.3999987        1.0000000        1.0721902        1.0000000        1.2030865        1.0000000        1.3899484 
       1.0000000        1.0000000        1.0000000        1.0000000      0.061000000        8.9025695        8.8035292       0.16338450       0.17111833      0.092602936      0.098820745      0.045452331      0.047227936       0.77671997       0.78580302       0.72118257       0.73848707       0.69662764       0.71311302        1.0000000        2.1219896        1.0000000        2.2329028        1.0000000        2.4091094        1.0000000        1.0706963        1.0000000        1.2075850        1.0000000        1.3990591 
       1.0000000        1.0000000        1.0000000        1.0000000      0.062000000        8.8848788        8.7872874       0.16309557       0.17129727      0.092361677      0.098954595      0.045198960      0.047134736       0.77490396       0.78502597       0.71958803       0.73823253       0.69460365       0.71230566        1.0000000        2.1199338        1.0000000        2.2328849        1.0000000        2.4052153        1.0000000        1.0686405        1.0000000        1.2075671        1.0000000        1.3951650 
       1.0000000        1.0000000        1.0000000        1.0000000      0.063000000        8.8404311        8.7442424       0.16269894       0.17095806      0.092369715      0.099066730      0.045350782      0.047443043       0.77358041       0.78402253       0.71928026       0.73745836       0.69504034       0.71267702        1.0000000        2.1166385        1.0000000        2.2292891        1.0000000        2.4074896        1.0000000        1.0653452        1.0000000        1.2039713        1.0000000        1.3974392 
       1.0000000        1.0000000        1.0000000        1.0000000      0.064000000        8.8081180        8.7132882       0.16226561       0.17077874      0.092364363      0.099109864      0.045483982      0.047456934       0.77194334       0.78315295       0.71867213       0.73727300       0.69549831       0.71277302        1.0000000        2.1138904        1.0000000        2.2287358        1.0000000        2.4076501        1.0000000        1.0625971        1.0000000        1.2034179        1.0000000        1.3975998 
       1.0000000        1.0000000        1.0000000        1.0000000      0.065000000        8.8037568        8.7102442       0.16202809       0.17072898      0.092394669      0.099296938      0.045544657      0.047611910       0.77031807       0.78238477       0.71784785       0.73731719       0.69556025       0.71321997        1.0000000        2.1116322        1.0000000        2.2291186        1.0000000        2.4106475        1.0000000        1.0603389        1.0000000        1.2038008        1.0000000        1.4005972 
       1.0000000        1.0000000        1.0000000        1.0000000      0.066000000        8.7680213        8.6757861       0.16196284       0.17031175      0.092522295      0.098964373      0.045658485      0.047423643       0.76919070       0.78105985       0.71754186       0.73669640       0.69586194       0.71278725        1.0000000        2.1076112        1.0000000        2.2262351        1.0000000        2.4072390        1.0000000        1.0563179        1.0000000        1.2009173        1.0000000        1.3971886 
       1.0000000        1.0000000        1.0000000        1.0000000      0.067000000        8.7245388        8.6336650       0.16180936       0.16983253      0.092505367      0.098725536      0.045685707      0.047360073       0.76848071       0.78029551       0.71712997       0.73636144       0.69613524       0.71242542        1.0000000        2.1049718        1.0000000        2.2243369        1.0000000        2.4049422        1.0000000        1.0536785        1.0000000        1.1990191        1.0000000        1.3948919 
       1.0000000        1.0000000        1.0000000        1.0000000      0.068000000        8.7034154        8.6137413       0.16150170       0.16942824      0.092443784      0.098525904      0.045732284      0.047374022       0.76736075       0.77939197       0.71644710       0.73608458       0.69605663       0.71253164        1.0000000        2.1020015        1.0000000        2.2226785        1.0000000        2.4046247        1.0000000        1.0507082        1.0000000        1.1973607        1.0000000        1.3945744 
       1.0000000        1.0000000        1.0000000        1.0000000      0.069000000        8.6548344        8.5663256       0.16133264       0.16886683      0.092521430      0.097942914      0.045770830      0.046680768       0.76578837       0.77817926       0.71589632       0.73499041       0.69637012       0.70902362        1.0000000        2.0980735        1.0000000        2.2193215        1.0000000        2.3901969        1.0000000        1.0467802        1.0000000        1.1940037        1.0000000        1.3801466 
       1.0000000        1.0000000        1.0000000        1.0000000      0.070000000        8.6378347        8.5504583       0.16097394       0.16879328      0.092404888      0.097983415      0.045806241      0.046692655       0.76470780       0.77738670       0.71526034       0.73484497       0.69652753       0.70951274        1.0000000        2.0955291        1.0000000        2.2187891        1.0000000        2.3925048        1.0000000        1.0442358        1.0000000        1.1934713        1.0000000        1.3824544 
       1.0000000        1.0000000        1.0000000        1.0000000      0.071000000        8.6169761        8.5307006       0.16038697       0.16870573      0.092227694      0.098002598      0.045843270      0.046663526       0.76357693       0.77669442       0.71482276       0.73478860       0.69658540       0.70911438        1.0000000        2.0935083        1.0000000        2.2185796        1.0000000        2.3910131        1.0000000        1.0422150        1.0000000        1.1932618        1.0000000        1.3809628 
       1.0000000        1.0000000        1.0000000        1.0000000      0.072000000        8.5851027        8.4998979       0.16003579       0.16864046      0.092167489      0.098100659      0.045841838      0.046740511       0.76194482       0.77578061       0.71402321       0.73491715       0.69640076       0.70938082        1.0000000        2.0907878        1.0000000        2.2189228        1.0000000        2.3923314        1.0000000        1.0394945        1.0000000        1.1936050        1.0000000        1.3822810 
       1.0000000        1.0000000        1.0000000        1.0000000      0.073000000        8.5656170        8.4814540       0.15974020       0.16725660      0.092077237      0.096857995      0.045826203      0.045988096       0.76136478       0.77429904       0.71382307       0.73405339       0.69644996       0.70836721        1.0000000        2.0852685        1.0000000        2.2133392        1.0000000        2.3812858        1.0000000        1.0339752        1.0000000        1.1880213        1.0000000        1.3712354 
       1.0000000        1.0000000        1.0000000        1.0000000      0.074000000        8.5531956        8.4700468       0.15926449       0.16734621      0.091995368      0.097023316      0.045873415      0.046113712       0.75963784       0.77380434       0.71295752       0.73442406       0.69639589       0.70874494        1.0000000        2.0838526        1.0000000        2.2147662        1.0000000        2.3836979        1.0000000        1.0325594        1.0000000        1.1894484        1.0000000        1.3736476 
       1.0000000        1.0000000        1.0000000        1.0000000      0.075000000        8.5442686        8.4621073       0.15915540       0.16731653      0.091996294      0.097113247      0.045857286      0.046134458       0.75838892       0.77314845       0.71257473       0.73448747       0.69646030       0.70877179        1.0000000        2.0818818        1.0000000        2.2153864        1.0000000        2.3846392        1.0000000        1.0305885        1.0000000        1.1900686        1.0000000        1.3745889 
       1.0000000        1.0000000        1.0000000        1.0000000      0.076000000        8.5310011        8.4498019       0.15890772       0.16721495      0.091930838      0.097063490      0.045787391      0.046022502       0.75708463       0.77218078       0.71185318       0.73404892       0.69639600       0.70778437        1.0000000        2.0790800        1.0000000        2.2143826        1.0000000        2.3800287        1.0000000        1.0277867        1.0000000        1.1890648        1.0000000        1.3699784 
       1.0000000        1.0000000        1.0000000        1.0000000      0.077000000        8.5317259        8.4514643       0.15871268       0.16654429      0.091916225      0.096484445      0.045811997      0.045677491       0.75583095       0.77061864       0.71136840       0.73262390       0.69632919       0.70620568        1.0000000        2.0744069        1.0000000        2.2094676        1.0000000        2.3696874        1.0000000        1.0231136        1.0000000        1.1841498        1.0000000        1.3596371 
       1.0000000        1.0000000        1.0000000        1.0000000      0.078000000        8.5306559        8.4513085       0.15850623       0.16694503      0.091915566      0.096890059      0.045835545      0.045896376       0.75462752       0.77067730       0.71087348       0.73326792       0.69634030       0.70652044        1.0000000        2.0747513        1.0000000        2.2129003        1.0000000        2.3739561        1.0000000        1.0234581        1.0000000        1.1875825        1.0000000        1.3639058 
       1.0000000        1.0000000        1.0000000        1.0000000      0.079000000        8.4983066        8.4199385       0.15811982       0.16685316      0.091847837      0.096857863      0.045911480      0.045905662       0.75313366       0.76993759       0.71000067       0.73344842       0.69641055       0.70685000        1.0000000        2.0724545        1.0000000        2.2132643        1.0000000        2.3752347        1.0000000        1.0211612        1.0000000        1.1879465        1.0000000        1.3651844 
       1.0000000        1.0000000        1.0000000        1.0000000      0.080000000        8.4749158        8.3974153       0.15771784       0.16693003      0.091819998      0.096977206      0.045973081      0.045904453       0.75153594       0.76928516       0.70954896       0.73361401       0.69640160       0.70683641        1.0000000        2.0706177        1.0000000        2.2142141        1.0000000        2.3756569        1.0000000        1.0193244        1.0000000        1.1888962        1.0000000        1.3656065 
       1.0000000        1.0000000        1.0000000        1.0000000      0.081000000        8.4563672        8.3797133       0.15740993       0.16699059      0.091766075      0.096986522      0.045948043      0.045842763       0.75002058       0.76899409       0.70919418       0.73407547       0.69624200       0.70650410        1.0000000        2.0699039        1.0000000        2.2159793        1.0000000        2.3741729        1.0000000        1.0186107        1.0000000        1.1906615        1.0000000        1.3641226 
       1.0000000        1.0000000        1.0000000        1.0000000      0.082000000        8.4473333        8.3715061       0.15729103       0.16661350      0.091772291      0.096844262      0.045943328      0.045744220       0.74860866       0.76771744       0.70878339       0.73372967       0.69604977       0.70628569        1.0000000        2.0660178        1.0000000        2.2141264        1.0000000        2.3729330        1.0000000        1.0147245        1.0000000        1.1888085        1.0000000        1.3628827 
       1.0000000        1.0000000        1.0000000        1.0000000      0.083000000        8.4166950        8.3416750       0.15709115       0.16644933      0.091678770      0.096735230      0.045864118      0.045826505       0.74761892       0.76667211       0.70829826       0.73365758       0.69602946       0.70660425        1.0000000        2.0628783        1.0000000        2.2134396        1.0000000        2.3733008        1.0000000        1.0115850        1.0000000        1.1881218        1.0000000        1.3632505 
       1.0000000        1.0000000        1.0000000        1.0000000      0.084000000        8.3892313        8.3149998       0.15689808       0.16641039      0.091582699      0.096772768      0.045845951      0.045826110       0.74670210       0.76620618       0.70793945       0.73386767       0.69625963       0.70662914        1.0000000        2.0614360        1.0000000        2.2140771        1.0000000        2.3737778        1.0000000        1.0101427        1.0000000        1.1887593        1.0000000        1.3637275 
       1.0000000        1.0000000        1.0000000        1.0000000      0.085000000        8.3583791        8.2849181       0.15680664       0.16644356      0.091579963      0.096883852      0.045875199      0.045929012       0.74631546       0.76592448       0.70761410       0.73418755       0.69579076       0.70676800        1.0000000        2.0606717        1.0000000        2.2154963        1.0000000        2.3752177        1.0000000        1.0093784        1.0000000        1.1901784        1.0000000        1.3651674 
       1.0000000        1.0000000        1.0000000        1.0000000      0.086000000        8.3444287        8.2717209       0.15663292       0.16675704      0.091507927      0.097222458      0.045750207      0.046092828       0.74513551       0.76607744       0.70705147       0.73456782       0.69430839       0.70722968        1.0000000        2.0613304        1.0000000        2.2174853        1.0000000        2.3801142        1.0000000        1.0100371        1.0000000        1.1921675        1.0000000        1.3700639 
       1.0000000        1.0000000        1.0000000        1.0000000      0.087000000        8.3327623        8.2607909       0.15656021       0.16635120      0.091565950      0.097077843      0.045798627      0.046106875       0.74410707       0.76497887       0.70689488       0.73421226       0.69434084       0.70672142        1.0000000        2.0579947        1.0000000        2.2159330        1.0000000        2.3775716        1.0000000        1.0067014        1.0000000        1.1906152        1.0000000        1.3675213 
       1.0000000        1.0000000        1.0000000        1.0000000      0.088000000        8.3072125        8.2359612       0.15652943       0.16638554      0.091584246      0.097208327      0.045789133      0.046160504       0.74354276       0.76459857       0.70720675       0.73419433       0.69444827       0.70678859        1.0000000        2.0569443        1.0000000        2.2159904        1.0000000        2.3787614        1.0000000        1.0056510        1.0000000        1.1906726        1.0000000        1.3687111 
       1.0000000        1.0000000        1.0000000        1.0000000      0.089000000        8.2860310        8.2154843       0.15630770       0.16637200      0.091399953      0.097261829      0.045679409      0.046253529       0.74275248       0.76448369       0.70643948       0.73450506       0.69383640       0.70736303        1.0000000        2.0564622        1.0000000        2.2167597        1.0000000        2.3811002        1.0000000        1.0051689        1.0000000        1.1914419        1.0000000        1.3710499 
       1.0000000        1.0000000        1.0000000        1.0000000      0.090000000        8.2730024        8.2032132       0.15611698       0.16589338      0.091186261      0.097011394      0.045452895      0.046238516       0.74219160       0.76354043       0.70633654       0.73403361       0.69370592       0.70712166        1.0000000        2.0533997        1.0000000        2.2145716        1.0000000        2.3796612        1.0000000        1.0021064        1.0000000        1.1892538        1.0000000        1.3696109 
       1.0000000        1.0000000        1.0000000        1.0000000      0.091000000        8.2496218        8.1805059       0.15603141       0.16581998      0.091225389      0.096997933      0.045536015      0.046313002       0.74167255       0.76338032       0.70617527       0.73420670       0.69406783       0.70768329        1.0000000        2.0528240        1.0000000        2.2147917        1.0000000        2.3820311        1.0000000        1.0015307        1.0000000        1.1894739        1.0000000        1.3719808 
       1.0000000        1.0000000        1.0000000        1.0000000      0.092000000        8.2266862        8.1582296       0.15598651       0.16573298      0.091226674      0.096975736      0.045519400      0.046279435       0.74065752       0.76289621       0.70584053       0.73427286       0.69381047       0.70776673        1.0000000        2.0513415        1.0000000        2.2148230        1.0000000        2.3820254        1.0000000        1.0000482        1.0000000        1.1895052        1.0000000        1.3719750 
       1.0000000        1.0000000        1.0000000        1.0000000      0.093000000        8.1876668        8.1198557       0.15564440       0.16583366      0.091118479      0.096969013      0.045543340      0.046206459       0.73962658       0.76286303       0.70519559       0.73431702       0.69375860       0.70767576        1.0000000        2.0513352        1.0000000        2.2150925        1.0000000        2.3813548        1.0000000        1.0000419        1.0000000        1.1897747        1.0000000        1.3713044 
       1.0000000        1.0000000        1.0000000        1.0000000      0.094000000        8.1670345        8.0998557       0.15536042       0.16603236      0.090922471      0.097128651      0.045439304      0.046159706       0.73853559       0.76264063       0.70430511       0.73431431       0.69289170       0.70749689        1.0000000        2.0509334        1.0000000        2.2157799        1.0000000        2.3810454        1.0000000       0.99964006        1.0000000        1.1904621        1.0000000        1.3709950 
       1.0000000        1.0000000        1.0000000        1.0000000      0.095000000        8.1392508        8.0726916       0.15507443       0.16597104      0.090824330      0.097131889      0.045355226      0.046209182       0.73730667       0.76273943       0.70394348       0.73458728       0.69222527       0.70802195        1.0000000        2.0510945        1.0000000        2.2163487        1.0000000        2.3834816        1.0000000       0.99980121        1.0000000        1.1910309        1.0000000        1.3734313 
       1.0000000        1.0000000        1.0000000        1.0000000      0.096000000        8.1313531        8.0654010       0.15513558       0.16575010      0.090910074      0.096942593      0.045384964      0.046122482       0.73698041       0.76218118       0.70419112       0.73439548       0.69244040       0.70765138        1.0000000        2.0494994        1.0000000        2.2154420        1.0000000        2.3813479        1.0000000       0.99820613        1.0000000        1.1901242        1.0000000        1.3712975 
       1.0000000        1.0000000        1.0000000        1.0000000      0.097000000        8.1210523        8.0556953       0.15507256       0.16578167      0.090926419      0.096989710      0.045405875      0.046107381       0.73633397       0.76232824       0.70416858       0.73461089       0.69248667       0.70749245        1.0000000        2.0498110        1.0000000        2.2164171        1.0000000        2.3811492        1.0000000       0.99851775        1.0000000        1.1910993        1.0000000        1.3710988 
       1.0000000        1.0000000        1.0000000        1.0000000      0.098000000        8.1183054        8.0535318       0.15509134       0.16596081      0.091088583      0.097247393      0.045486053      0.046248698       0.73597192       0.76195395       0.70434482       0.73497110       0.69275112       0.70763315        1.0000000        2.0488782        1.0000000        2.2182883        1.0000000        2.3832050        1.0000000       0.99758489        1.0000000        1.1929705        1.0000000        1.3731546 
       1.0000000        1.0000000        1.0000000        1.0000000      0.099000000        8.0938183        8.0296169       0.15507265       0.16602049      0.091086897      0.097259459      0.045464166      0.046166118       0.73534553       0.76204571       0.70428916       0.73514263       0.69292045       0.70740121        1.0000000        2.0491876        1.0000000        2.2189458        1.0000000        2.3819200        1.0000000       0.99789428        1.0000000        1.1936280        1.0000000        1.3718697 
       1.0000000        1.0000000        1.0000000        1.0000000       0.10000000        8.0779476        8.0143074       0.15501650       0.16608033      0.091223681      0.097306026      0.045597483      0.046093683       0.73488645       0.76190155       0.70440533       0.73509661       0.69346615       0.70727736        1.0000000        2.0488256        1.0000000        2.2188606        1.0000000        2.3812075        1.0000000       0.99753227        1.0000000        1.1935428        1.0000000        1.3711572 
       1.0000000        1.0000000        1.0000000        1.0000000       0.10100000        8.0577300        7.9946947       0.15493053       0.16598643      0.091223148      0.097186869      0.045622369      0.045955491       0.73394762       0.76166337       0.70392247       0.73480105       0.69338800       0.70718035        1.0000000        2.0480789        1.0000000        2.2174743        1.0000000        2.3809291        1.0000000       0.99678564        1.0000000        1.1921565        1.0000000        1.3708788 
       1.0000000        1.0000000        1.0000000        1.0000000       0.10200000        8.0251587        7.9626626       0.15438835       0.16627225      0.090772610      0.097424319      0.045281709      0.045965730       0.73234364       0.76148107       0.70244644       0.73531589       0.69241465       0.70747785        1.0000000        2.0477778        1.0000000        2.2197092        1.0000000        2.3830334        1.0000000       0.99648446        1.0000000        1.1943914        1.0000000        1.3729831 
       1.0000000        1.0000000        1.0000000        1.0000000       0.10300000        8.0079498        7.9459829       0.15446913       0.16591632      0.090922504      0.097293140      0.045358142      0.046175880       0.73196512       0.76095021       0.70262091       0.73533746       0.69281931       0.70885082        1.0000000        2.0458970        1.0000000        2.2179855        1.0000000        2.3854966        1.0000000       0.99460373        1.0000000        1.1926676        1.0000000        1.3754462 
       1.0000000        1.0000000        1.0000000        1.0000000       0.10400000        7.9848454        7.9233979       0.15448052       0.16614187      0.091096483      0.097552372      0.045466585      0.046408575       0.73143459       0.76146828       0.70295076       0.73614741       0.69288045       0.70932567        1.0000000        2.0473197        1.0000000        2.2211113        1.0000000        2.3891674        1.0000000       0.99602643        1.0000000        1.1957935        1.0000000        1.3791171 
       1.0000000        1.0000000        1.0000000        1.0000000       0.10500000        7.9716479        7.9107103       0.15447647       0.16610178      0.091081549      0.097531888      0.045473730      0.046430051       0.73106103       0.76104709       0.70284686       0.73595350       0.69288161       0.70921331        1.0000000        2.0461714        1.0000000        2.2206915        1.0000000        2.3888870        1.0000000       0.99487813        1.0000000        1.1953737        1.0000000        1.3788367 
       1.0000000        1.0000000        1.0000000        1.0000000       0.10600000        7.9867748        7.9263381       0.15446860       0.16623414      0.091146604      0.097631154      0.045549497      0.046525297       0.73079668       0.76112185       0.70305253       0.73575264       0.69322348       0.70923476        1.0000000        2.0464787        1.0000000        2.2202346        1.0000000        2.3889973        1.0000000       0.99518542        1.0000000        1.1949168        1.0000000        1.3789470 
       1.0000000        1.0000000        1.0000000        1.0000000       0.10700000        7.9686800        7.9087351       0.15442374       0.16623812      0.091249025      0.097692792      0.045728097      0.046617467       0.73044807       0.76095377       0.70318555       0.73578789       0.69404608       0.70936807        1.0000000        2.0459278        1.0000000        2.2205200        1.0000000        2.3900854        1.0000000       0.99463455        1.0000000        1.1952022        1.0000000        1.3800351 
       1.0000000        1.0000000        1.0000000        1.0000000       0.10800000        7.9604034        7.9009417       0.15440078       0.16605844      0.091282959      0.097555659      0.045762902      0.046510708       0.73013434       0.76059053       0.70331070       0.73560734       0.69415529       0.70901197        1.0000000        2.0448270        1.0000000        2.2198830        1.0000000        2.3881853        1.0000000       0.99353374        1.0000000        1.1945652        1.0000000        1.3781350 
       1.0000000        1.0000000        1.0000000        1.0000000       0.10900000        7.9444964        7.8855094       0.15430960       0.16614253      0.091254117      0.097580311      0.045720908      0.046481891       0.72933542       0.76067190       0.70288127       0.73552049       0.69371178       0.70896562        1.0000000        2.0451168        1.0000000        2.2197311        1.0000000        2.3879528        1.0000000       0.99382355        1.0000000        1.1944133        1.0000000        1.3779025 
       1.0000000        1.0000000        1.0000000        1.0000000       0.11000000        7.9306645        7.8721439       0.15410281       0.16640584      0.091209605      0.097808926      0.045767899      0.046638185       0.72851710       0.76114639       0.70268015       0.73634894       0.69392152       0.70952007        1.0000000        2.0463717        1.0000000        2.2225860        1.0000000        2.3915587        1.0000000       0.99507837        1.0000000        1.1972682        1.0000000        1.3815083 
       1.0000000        1.0000000        1.0000000        1.0000000       0.11100000        7.9116156        7.8535536       0.15385634       0.16636486      0.091174199      0.097741503      0.045904803      0.046710381       0.72741969       0.76124324       0.70192780       0.73638205       0.69433180       0.70973185        1.0000000        2.0466339        1.0000000        2.2224846        1.0000000        2.3924287        1.0000000       0.99534059        1.0000000        1.1971668        1.0000000        1.3823784 
       1.0000000        1.0000000        1.0000000        1.0000000       0.11200000        7.8939632        7.8363518       0.15363561       0.16636191      0.091014078      0.097703943      0.045892056      0.046577016       0.72690426       0.76132191       0.70141671       0.73641477       0.69419336       0.70968264        1.0000000        2.0468615        1.0000000        2.2223245        1.0000000        2.3910976        1.0000000       0.99556820        1.0000000        1.1970067        1.0000000        1.3810473 
       1.0000000        1.0000000        1.0000000        1.0000000       0.11300000        7.8762056        7.8190813       0.15355768       0.16622489      0.090923949      0.097605067      0.045770816      0.046463429       0.72627590       0.76090851       0.70073143       0.73584128       0.69325587       0.70899631        1.0000000        2.0457611        1.0000000        2.2205473        1.0000000        2.3880401        1.0000000       0.99446776        1.0000000        1.1952295        1.0000000        1.3779898 
       1.0000000        1.0000000        1.0000000        1.0000000       0.11400000        7.8579192        7.8012299       0.15345658       0.16586385      0.090910417      0.097274602      0.045797047      0.046217979       0.72579796       0.76012368       0.70071604       0.73500100       0.69315110       0.70805355        1.0000000        2.0435717        1.0000000        2.2173226        1.0000000        2.3830654        1.0000000       0.99227837        1.0000000        1.1920048        1.0000000        1.3730151 
       1.0000000        1.0000000        1.0000000        1.0000000       0.11500000        7.8652510        7.8089894       0.15356621       0.16557397      0.091043387      0.097063444      0.045868467      0.046203489       0.72578492       0.75942759       0.70110059       0.73447444       0.69333731       0.70786636        1.0000000        2.0414784        1.0000000        2.2149344        1.0000000        2.3818920        1.0000000       0.99018507        1.0000000        1.1896166        1.0000000        1.3718417 
       1.0000000        1.0000000        1.0000000        1.0000000       0.11600000        7.8600981        7.8042573       0.15353164       0.16567285      0.090962432      0.097229261      0.045787627      0.046340866       0.72552863       0.75951109       0.70105788       0.73481625       0.69322719       0.70821104        1.0000000        2.0416399        1.0000000        2.2161469        1.0000000        2.3846654        1.0000000       0.99034662        1.0000000        1.1908291        1.0000000        1.3746151 
       1.0000000        1.0000000        1.0000000        1.0000000       0.11700000        7.8487207        7.7932939       0.15314373       0.16574198      0.090579360      0.097280343      0.045489367      0.046360730       0.72410554       0.75949009       0.69985476       0.73493620       0.69230874       0.70804604        1.0000000        2.0416988        1.0000000        2.2168902        1.0000000        2.3847226        1.0000000       0.99040552        1.0000000        1.1915723        1.0000000        1.3746723 
       1.0000000        1.0000000        1.0000000        1.0000000       0.11800000        7.8425419        7.7875224       0.15311129       0.16589472      0.090594589      0.097374108      0.045532495      0.046411746       0.72388073       0.75989304       0.69994335       0.73522281       0.69265699       0.70833350        1.0000000        2.0428763        1.0000000        2.2179445        1.0000000        2.3858600        1.0000000       0.99158297        1.0000000        1.1926267        1.0000000        1.3758097 
       1.0000000        1.0000000        1.0000000        1.0000000       0.11900000        7.8209305        7.7663118       0.15314416       0.16586998      0.090631899      0.097460431      0.045597284      0.046453644       0.72372714       0.75991626       0.70006544       0.73527044       0.69303945       0.70866406        1.0000000        2.0427557        1.0000000        2.2175381        1.0000000        2.3870090        1.0000000       0.99146243        1.0000000        1.1922203        1.0000000        1.3769587 
       1.0000000        1.0000000        1.0000000        1.0000000       0.12000000        7.8007412        7.7465171       0.15321545       0.16610170      0.090763806      0.097659822      0.045742902      0.046681886       0.72356967       0.76037518       0.70035628       0.73608243       0.69372748       0.70950921        1.0000000        2.0441061        1.0000000        2.2204939        1.0000000        2.3914137        1.0000000       0.99281280        1.0000000        1.1951761        1.0000000        1.3813633 
       1.0000000        1.0000000        1.0000000        1.0000000       0.12100000        7.7797680        7.7259322       0.15331043       0.16605082      0.090856073      0.097616838      0.045802882      0.046604040       0.72357360       0.76018589       0.70050667       0.73572042       0.69380300       0.70920968        1.0000000        2.0435949        1.0000000        2.2190830        1.0000000        2.3897697        1.0000000       0.99230162        1.0000000        1.1937652        1.0000000        1.3797194 
       1.0000000        1.0000000        1.0000000        1.0000000       0.12200000        7.7612673        7.7078137       0.15333828       0.16614876      0.090841498      0.097643544      0.045758774      0.046538239       0.72348001       0.76029340       0.70073845       0.73573717       0.69391377       0.70914491        1.0000000        2.0440070        1.0000000        2.2193002        1.0000000        2.3895586        1.0000000       0.99271372        1.0000000        1.1939823        1.0000000        1.3795083 
       1.0000000        1.0000000        1.0000000        1.0000000       0.12300000        7.7411472        7.6880701       0.15328955       0.16605842      0.090870019      0.097569518      0.045778484      0.046555770       0.72319965       0.76022640       0.70085414       0.73578008       0.69406348       0.70962690        1.0000000        2.0437662        1.0000000        2.2189817        1.0000000        2.3897704        1.0000000       0.99247291        1.0000000        1.1936639        1.0000000        1.3797201 
       1.0000000        1.0000000        1.0000000        1.0000000       0.12400000        7.7273472        7.6746775       0.15323533       0.16621531      0.090822973      0.097699699      0.045810263      0.046659175       0.72269009       0.76057859       0.70039972       0.73627707       0.69418367       0.71036412        1.0000000        2.0448134        1.0000000        2.2207456        1.0000000        2.3924345        1.0000000       0.99352013        1.0000000        1.1954277        1.0000000        1.3823841 
       1.0000000        1.0000000        1.0000000        1.0000000       0.12500000        7.7214154        7.6691101       0.15309548       0.16626853      0.090718243      0.097847097      0.045727983      0.046777000       0.72219885       0.76082524       0.70011950       0.73679899       0.69385648       0.71094590        1.0000000        2.0453494        1.0000000        2.2226287        1.0000000        2.3955263        1.0000000       0.99405613        1.0000000        1.1973109        1.0000000        1.3854760 
       1.0000000        1.0000000        1.0000000        1.0000000       0.12600000        7.7052841        7.6533378       0.15310285       0.16638769      0.090775438      0.097918254      0.045789835      0.046746175       0.72201963       0.76106525       0.70021462       0.73678079       0.69385983       0.71061665        1.0000000        2.0461134        1.0000000        2.2226720        1.0000000        2.3945839        1.0000000       0.99482010        1.0000000        1.1973542        1.0000000        1.3845335 
       1.0000000        1.0000000        1.0000000        1.0000000       0.12700000        7.6957204        7.6441278       0.15296836       0.16642270      0.090684008      0.097852547      0.045775006      0.046660021       0.72165654       0.76108939       0.69984326       0.73675585       0.69363317       0.71043735        1.0000000        2.0461993        1.0000000        2.2224795        1.0000000        2.3928018        1.0000000       0.99490602        1.0000000        1.1971617        1.0000000        1.3827514 
       1.0000000        1.0000000        1.0000000        1.0000000       0.12800000        7.6821438        7.6308996       0.15269116       0.16643073      0.090531016      0.097829135      0.045678817      0.046611427       0.72073557       0.76122536       0.69949165       0.73669200       0.69352697       0.71035339        1.0000000        2.0465782        1.0000000        2.2220564        1.0000000        2.3916682        1.0000000       0.99528489        1.0000000        1.1967386        1.0000000        1.3816179 
       1.0000000        1.0000000        1.0000000        1.0000000       0.12900000        7.6715458        7.6206450       0.15280523       0.16643285      0.090604523      0.097827179      0.045675666      0.046532200       0.72081227       0.76096532       0.69986704       0.73666190       0.69359888       0.71038667        1.0000000        2.0457577        1.0000000        2.2217522        1.0000000        2.3912053        1.0000000       0.99446443        1.0000000        1.1964344        1.0000000        1.3811550 
       1.0000000        1.0000000        1.0000000        1.0000000       0.13000000        7.6620309        7.6114685       0.15275434       0.16663988      0.090517009      0.098011233      0.045484244      0.046653058       0.71998126       0.76131622       0.69911289       0.73715253       0.69257822       0.71061262        1.0000000        2.0468137        1.0000000        2.2239067        1.0000000        2.3938147        1.0000000       0.99552044        1.0000000        1.1985889        1.0000000        1.3837644 
       1.0000000        1.0000000        1.0000000        1.0000000       0.13100000        7.6399472        7.5897183       0.15269047       0.16684490      0.090531877      0.098171321      0.045553754      0.046813172       0.71986474       0.76161980       0.69910131       0.73762364       0.69299107       0.71143417        1.0000000        2.0477422        1.0000000        2.2255758        1.0000000        2.3970799        1.0000000       0.99644894        1.0000000        1.2002580        1.0000000        1.3870295 
       1.0000000        1.0000000        1.0000000        1.0000000       0.13200000        7.6248647        7.5749645       0.15251324       0.16668185      0.090535255      0.098076578      0.045648516      0.046803112       0.71914827       0.76144099       0.69874117       0.73754738       0.69326389       0.71127073        1.0000000        2.0471311        1.0000000        2.2251497        1.0000000        2.3963923        1.0000000       0.99583785        1.0000000        1.1998319        1.0000000        1.3863420 
       1.0000000        1.0000000        1.0000000        1.0000000       0.13300000        7.6207734        7.5711972       0.15255624       0.16669605      0.090573315      0.098008373      0.045630056      0.046723941       0.71873377       0.76132917       0.69873850       0.73700788       0.69309116       0.71041112        1.0000000        2.0470751        1.0000000        2.2238785        1.0000000        2.3929447        1.0000000       0.99578178        1.0000000        1.1985607        1.0000000        1.3828944 
       1.0000000        1.0000000        1.0000000        1.0000000       0.13400000        7.5969674        7.5477108       0.15254349       0.16698910      0.090508309      0.098295993      0.045550779      0.046905943       0.71847576       0.76192000       0.69859171       0.73774807       0.69297274       0.71095515        1.0000000        2.0487668        1.0000000        2.2267822        1.0000000        2.3970095        1.0000000       0.99747353        1.0000000        1.2014644        1.0000000        1.3869592 
       1.0000000        1.0000000        1.0000000        1.0000000       0.13500000        7.5904616        7.5415513       0.15251080       0.16670572      0.090393795      0.098184043      0.045466524      0.046941839       0.71847025       0.76100229       0.69835265       0.73702335       0.69276467       0.71094964        1.0000000        2.0460537        1.0000000        2.2236441        1.0000000        2.3972328        1.0000000       0.99476036        1.0000000        1.1983262        1.0000000        1.3871825 
       1.0000000        1.0000000        1.0000000        1.0000000       0.13600000        7.5702276        7.5216275       0.15263291       0.16659221      0.090489555      0.098199662      0.045531529      0.047045583       0.71877119       0.76063921       0.69858612       0.73682808       0.69323560       0.71092630        1.0000000        2.0450250        1.0000000        2.2228573        1.0000000        2.3976097        1.0000000       0.99373170        1.0000000        1.1975395        1.0000000        1.3875593 
       1.0000000        1.0000000        1.0000000        1.0000000       0.13700000        7.5507456        7.5024515       0.15257714       0.16654605      0.090581491      0.098133624      0.045652705      0.046980420       0.71859885       0.76065494       0.69890115       0.73681591       0.69370051       0.71086973        1.0000000        2.0450055        1.0000000        2.2224943        1.0000000        2.3964231        1.0000000       0.99371224        1.0000000        1.1971765        1.0000000        1.3863728 
       1.0000000        1.0000000        1.0000000        1.0000000       0.13800000        7.5350016        7.4870093       0.15247016       0.16667648      0.090489383      0.098317834      0.045593478      0.047093312       0.71805196       0.76069301       0.69849437       0.73718613       0.69309539       0.71131973        1.0000000        2.0451504        1.0000000        2.2239290        1.0000000        2.3990445        1.0000000       0.99385709        1.0000000        1.1986112        1.0000000        1.3889942 
       1.0000000        1.0000000        1.0000000        1.0000000       0.13900000        7.5241003        7.4764057       0.15254452       0.16649628      0.090539231      0.098234609      0.045593017      0.047125841       0.71785563       0.76022804       0.69842754       0.73696667       0.69296862       0.71158537        1.0000000        2.0437388        1.0000000        2.2229511        1.0000000        2.3999209        1.0000000       0.99244546        1.0000000        1.1976333        1.0000000        1.3898705 
       1.0000000        1.0000000        1.0000000        1.0000000       0.14000000        7.5041753        7.4567745       0.15261409       0.16639011      0.090601099      0.098179147      0.045611247      0.047139664       0.71789227       0.75985554       0.69871564       0.73696270       0.69316663       0.71158009        1.0000000        2.0426127        1.0000000        2.2229175        1.0000000        2.3993246        1.0000000       0.99131938        1.0000000        1.1975997        1.0000000        1.3892743 
       1.0000000        1.0000000        1.0000000        1.0000000       0.14100000        7.4962541        7.4491430       0.15257628       0.16636546      0.090557878      0.098187395      0.045586540      0.047185153       0.71780636       0.75964338       0.69858860       0.73647111       0.69301072       0.71198414        1.0000000        2.0420808        1.0000000        2.2212059        1.0000000        2.4014105        1.0000000       0.99078750        1.0000000        1.1958881        1.0000000        1.3913602 
       1.0000000        1.0000000        1.0000000        1.0000000       0.14200000        7.4892274        7.4424023       0.15258695       0.16635873      0.090539248      0.098247848      0.045589448      0.047294242       0.71754191       0.75964733       0.69838078       0.73669602       0.69305482       0.71268516        1.0000000        2.0420533        1.0000000        2.2218320        1.0000000        2.4039148        1.0000000       0.99075998        1.0000000        1.1965142        1.0000000        1.3938645 
       1.0000000        1.0000000        1.0000000        1.0000000       0.14300000        7.4736701        7.4271272       0.15258610       0.16625391      0.090536265      0.098144176      0.045582192      0.047210560       0.71765004       0.75961412       0.69853001       0.73677541       0.69317027       0.71262444        1.0000000        2.0418276        1.0000000        2.2217961        1.0000000        2.4028611        1.0000000       0.99053430        1.0000000        1.1964783        1.0000000        1.3928108 
       1.0000000        1.0000000        1.0000000        1.0000000       0.14400000        7.4609218        7.4146574       0.15258690       0.16616422      0.090543014      0.098050355      0.045599804      0.047132649       0.71790400       0.75938863       0.69872826       0.73656588       0.69344207       0.71233252        1.0000000        2.0411422        1.0000000        2.2211558        1.0000000        2.4012294        1.0000000       0.98984889        1.0000000        1.1958380        1.0000000        1.3911791 
       1.0000000        1.0000000        1.0000000        1.0000000       0.14500000        7.4462410        7.4002515       0.15251587       0.16615117      0.090548478      0.098065561      0.045583847      0.047135834       0.71774592       0.75946202       0.69860990       0.73677130       0.69334397       0.71241189        1.0000000        2.0411555        1.0000000        2.2217709        1.0000000        2.4018943        1.0000000       0.98986223        1.0000000        1.1964531        1.0000000        1.3918440 
       1.0000000        1.0000000        1.0000000        1.0000000       0.14600000        7.4382751        7.3925569       0.15275337       0.16631399      0.090723526      0.098275787      0.045701142      0.047257629       0.71825950       0.75937902       0.69922045       0.73712308       0.69406572       0.71274119        1.0000000        2.0409539        1.0000000        2.2232122        1.0000000        2.4041585        1.0000000       0.98966060        1.0000000        1.1978944        1.0000000        1.3941082 
       1.0000000        1.0000000        1.0000000        1.0000000       0.14700000        7.4187222        7.3732986       0.15264031       0.16636486      0.090577013      0.098227875      0.045604360      0.047268075       0.71787213       0.75966684       0.69866566       0.73713285       0.69366399       0.71263139        1.0000000        2.0418549        1.0000000        2.2232235        1.0000000        2.4026294        1.0000000       0.99056157        1.0000000        1.1979057        1.0000000        1.3925791 
       1.0000000        1.0000000        1.0000000        1.0000000       0.14800000        7.4039338        7.3587743       0.15260652       0.16632028      0.090525502      0.098121023      0.045558286      0.047165475       0.71807767       0.75957731       0.69879495       0.73691615       0.69363695       0.71248317        1.0000000        2.0416437        1.0000000        2.2226355        1.0000000        2.4022402        1.0000000       0.99035037        1.0000000        1.1973177        1.0000000        1.3921898 
       1.0000000        1.0000000        1.0000000        1.0000000       0.14900000        7.3891151        7.3442165       0.15266397       0.16624615      0.090581861      0.098084907      0.045577109      0.047169372       0.71816724       0.75926266       0.69893828       0.73712675       0.69352346       0.71267093        1.0000000        2.0405892        1.0000000        2.2232102        1.0000000        2.4027514        1.0000000       0.98929595        1.0000000        1.1978924        1.0000000        1.3927011 
       1.0000000        1.0000000        1.0000000        1.0000000       0.15000000        7.3763423        7.3317012       0.15245427       0.16614303      0.090489044      0.098032367      0.045450410      0.047160760       0.71748514       0.75928146       0.69863188       0.73716299       0.69324890       0.71304499        1.0000000        2.0405423        1.0000000        2.2228825        1.0000000        2.4035484        1.0000000       0.98924900        1.0000000        1.1975647        1.0000000        1.3934981 
       1.0000000        1.0000000        1.0000000        1.0000000       0.15100000        7.3668898        7.3225031       0.15231624       0.16608154      0.090432938      0.097989669      0.045459025      0.047161130       0.71704495       0.75936524       0.69827970       0.73723945       0.69328593       0.71311786        1.0000000        2.0407463        1.0000000        2.2230444        1.0000000        2.4036871        1.0000000       0.98945298        1.0000000        1.1977266        1.0000000        1.3936368 
       1.0000000        1.0000000        1.0000000        1.0000000       0.15200000        7.3528009        7.3086655       0.15223058       0.16609159      0.090457004      0.097993829      0.045526999      0.047157020       0.71664410       0.75948667       0.69810599       0.73739823       0.69363247       0.71347467        1.0000000        2.0409994        1.0000000        2.2232890        1.0000000        2.4048292        1.0000000       0.98970610        1.0000000        1.1979712        1.0000000        1.3947789 
       1.0000000        1.0000000        1.0000000        1.0000000       0.15300000        7.3448366        7.3009493       0.15227390       0.16601047      0.090490095      0.097915892      0.045584085      0.047095574       0.71680437       0.75928983       0.69823831       0.73701862       0.69397433       0.71316063        1.0000000        2.0404460        1.0000000        2.2219445        1.0000000        2.4034985        1.0000000       0.98915275        1.0000000        1.1966266        1.0000000        1.3934482 
       1.0000000        1.0000000        1.0000000        1.0000000       0.15400000        7.3407365        7.2970944       0.15218732       0.16601225      0.090415902      0.097766647      0.045548143      0.046938336       0.71664348       0.75953995       0.69788643       0.73676855       0.69379864       0.71305510        1.0000000        2.0412609        1.0000000        2.2206796        1.0000000        2.4012792        1.0000000       0.98996758        1.0000000        1.1953618        1.0000000        1.3912289 
       1.0000000        1.0000000        1.0000000        1.0000000       0.15500000        7.3298952        7.2864952       0.15222902       0.16618319      0.090472127      0.097927062      0.045602592      0.047209888       0.71657932       0.75964836       0.69803903       0.73656059       0.69399362       0.71327540        1.0000000        2.0416810        1.0000000        2.2203641        1.0000000        2.4038045        1.0000000       0.99038772        1.0000000        1.1950463        1.0000000        1.3937541 
       1.0000000        1.0000000        1.0000000        1.0000000       0.15600000        7.3168854        7.2737247       0.15220069       0.16619581      0.090437102      0.097843405      0.045563477      0.047195137       0.71634008       0.75998484       0.69778389       0.73656134       0.69362715       0.71316841        1.0000000        2.0426485        1.0000000        2.2204829        1.0000000        2.4035503        1.0000000       0.99135521        1.0000000        1.1951651        1.0000000        1.3935000 
       1.0000000        1.0000000        1.0000000        1.0000000       0.15700000        7.3043420        7.2614178       0.15228930       0.16621821      0.090581904      0.097849317      0.045667136      0.047188879       0.71635219       0.76008372       0.69804190       0.73667731       0.69399185       0.71314779        1.0000000        2.0429304        1.0000000        2.2208519        1.0000000        2.4034898        1.0000000       0.99163706        1.0000000        1.1955341        1.0000000        1.3934395 
       1.0000000        1.0000000        1.0000000        1.0000000       0.15800000        7.2860525        7.2433850       0.15243042       0.16618507      0.090690598      0.097903097      0.045709470      0.047277717       0.71658615       0.76005276       0.69831591       0.73679632       0.69395809       0.71331413        1.0000000        2.0427523        1.0000000        2.2211232        1.0000000        2.4047146        1.0000000       0.99145897        1.0000000        1.1958054        1.0000000        1.3946643 
       1.0000000        1.0000000        1.0000000        1.0000000       0.15900000        7.2792558        7.2368189       0.15240148       0.16600937      0.090757641      0.097877011      0.045784208      0.047392981       0.71627402       0.75966173       0.69821151       0.73670458       0.69409574       0.71379818        1.0000000        2.0415538        1.0000000        2.2201968        1.0000000        2.4064782        1.0000000       0.99026050        1.0000000        1.1948790        1.0000000        1.3964279 
       1.0000000        1.0000000        1.0000000        1.0000000       0.16000000        7.2601881        7.2179792       0.15248376       0.16605299      0.090862619      0.097860359      0.045838406      0.047242199       0.71634156       0.75954218       0.69852938       0.73640167       0.69422518       0.71307241        1.0000000        2.0413878        1.0000000        2.2194495        1.0000000        2.4028327        1.0000000       0.99009448        1.0000000        1.1941317        1.0000000        1.3927824 
