
       1.0000000        1.0000000        1.0000000        1.0000000      0.035000000        10.388334        10.220266       0.14884554       0.15237561      0.084175821      0.087483616      0.041527510      0.043548108       0.75827983       0.76186651       0.70737536       0.71393166       0.68649611       0.69656085        1.0000000        2.0382837        1.0000000        2.1121884        1.0000000        2.2852625        1.0000000       0.98699041        1.0000000        1.0868706        1.0000000        1.2752121 
       1.0000000        1.0000000        1.0000000        1.0000000      0.036000000        10.291683        10.128247       0.14843706       0.15178582      0.084105384      0.087199962      0.041497881      0.043370788       0.75559365       0.75856527       0.70576293       0.71165624       0.68606073       0.69465427        1.0000000        2.0288003        1.0000000        2.1051384        1.0000000        2.2783918        1.0000000       0.97750701        1.0000000        1.0798206        1.0000000        1.2683415 
       1.0000000        1.0000000        1.0000000        1.0000000      0.037000000        10.257386        10.098306       0.14796466       0.15122713      0.084194761      0.087029364      0.041712936      0.043180159       0.75340008       0.75610647       0.70521065       0.71069196       0.68664918       0.69390670        1.0000000        2.0210580        1.0000000        2.1016770        1.0000000        2.2761607        1.0000000       0.96976473        1.0000000        1.0763592        1.0000000        1.2661104 
       1.0000000        1.0000000        1.0000000        1.0000000      0.038000000        10.180004        10.025030       0.14725711       0.14981450      0.084007683      0.085788685      0.041619014      0.041849076       0.75091079       0.75323410       0.70383049       0.70692691       0.68595897       0.68995912        1.0000000        2.0125114        1.0000000        2.0872654        1.0000000        2.2588763        1.0000000       0.96121814        1.0000000        1.0619476        1.0000000        1.2488260 
       1.0000000        1.0000000        1.0000000        1.0000000      0.039000000        10.117063        9.9659638       0.14599027       0.14830158      0.083659935      0.084782870      0.042014765      0.041422563       0.74766881       0.74996737       0.70196746       0.70508201       0.68567908       0.68870956        1.0000000        2.0023911        1.0000000        2.0794150        1.0000000        2.2473705        1.0000000       0.95109782        1.0000000        1.0540972        1.0000000        1.2373202 
       1.0000000        1.0000000        1.0000000        1.0000000      0.040000000        10.019585        9.8721509       0.14535111       0.14833742      0.083243893      0.085157318      0.041723757      0.041874688       0.74539650       0.74861791       0.69995503       0.70460204       0.68344382       0.69028172        1.0000000        1.9984265        1.0000000        2.0785308        1.0000000        2.2578481        1.0000000       0.94713322        1.0000000        1.0532130        1.0000000        1.2477977 
       1.0000000        1.0000000        1.0000000        1.0000000      0.041000000        9.9344623        9.7905006       0.14472432       0.14848631      0.083113667      0.085740039      0.041639758      0.042499133       0.74265810       0.74659767       0.69861652       0.70440199       0.68246850       0.69315555        1.0000000        1.9926262        1.0000000        2.0783201        1.0000000        2.2727366        1.0000000       0.94133292        1.0000000        1.0530023        1.0000000        1.2626863 
       1.0000000        1.0000000        1.0000000        1.0000000      0.042000000        9.8853243        9.7446578       0.14378504       0.14685347      0.082764062      0.084472685      0.041517213      0.041324497       0.74019647       0.74308369       0.69749800       0.70139909       0.68232281       0.69009338        1.0000000        1.9813345        1.0000000        2.0654922        1.0000000        2.2513770        1.0000000       0.93004125        1.0000000        1.0401744        1.0000000        1.2413266 
       1.0000000        1.0000000        1.0000000        1.0000000      0.043000000        9.8526785        9.7151435       0.14306425       0.14697775      0.082634468      0.084910282      0.041547487      0.041453307       0.73736774       0.74162544       0.69593282       0.70170761       0.68180741       0.69107817        1.0000000        1.9769630        1.0000000        2.0676911        1.0000000        2.2570671        1.0000000       0.92566966        1.0000000        1.0423733        1.0000000        1.2470168 
       1.0000000        1.0000000        1.0000000        1.0000000      0.044000000        9.7895611        9.6550063       0.14257617       0.14672211      0.082252445      0.084957093      0.041376541      0.041321051       0.73471528       0.73924074       0.69345629       0.70128963       0.67977197       0.69064959        1.0000000        1.9698712        1.0000000        2.0668382        1.0000000        2.2552230        1.0000000       0.91857788        1.0000000        1.0415204        1.0000000        1.2451727 
       1.0000000        1.0000000        1.0000000        1.0000000      0.045000000        9.7107285        9.5792905       0.14247770       0.14711408      0.082491511      0.085418488      0.041694811      0.041504971       0.73246655       0.73855025       0.69276731       0.70226238       0.67997689       0.69082434        1.0000000        1.9678800        1.0000000        2.0709932        1.0000000        2.2583665        1.0000000       0.91658670        1.0000000        1.0456754        1.0000000        1.2483161 
       1.0000000        1.0000000        1.0000000        1.0000000      0.046000000        9.7054966        9.5767561       0.14214422       0.14696342      0.082597281      0.085556152      0.042161363      0.041596323       0.73042743       0.73722608       0.69141534       0.70189857       0.68014563       0.69179196        1.0000000        1.9636586        1.0000000        2.0692606        1.0000000        2.2630206        1.0000000       0.91236535        1.0000000        1.0439428        1.0000000        1.2529703 
       1.0000000        1.0000000        1.0000000        1.0000000      0.047000000        9.6585837        9.5324203       0.14142879       0.14632468      0.082195513      0.085130825      0.041794902      0.041414547       0.72729754       0.73510090       0.68904934       0.70053376       0.67768333       0.69105575        1.0000000        1.9575173        1.0000000        2.0638327        1.0000000        2.2554925        1.0000000       0.90622399        1.0000000        1.0385149        1.0000000        1.2454422 
       1.0000000        1.0000000        1.0000000        1.0000000      0.048000000        9.5915826        9.4678843       0.14118824       0.14663237      0.082116811      0.085519174      0.041863892      0.041602926       0.72506678       0.73487565       0.68784440       0.70112335       0.67720143       0.69167025        1.0000000        1.9569713        1.0000000        2.0664312        1.0000000        2.2595125        1.0000000       0.90567804        1.0000000        1.0411134        1.0000000        1.2494621 
       1.0000000        1.0000000        1.0000000        1.0000000      0.049000000        9.5134235        9.3920858       0.14076107       0.14623915      0.081885599      0.085260753      0.041633612      0.041508411       0.72313950       0.73307135       0.68653530       0.70012097       0.67543571       0.69105351        1.0000000        1.9521385        1.0000000        2.0628358        1.0000000        2.2577341        1.0000000       0.90084519        1.0000000        1.0375180        1.0000000        1.2476837 
       1.0000000        1.0000000        1.0000000        1.0000000      0.050000000        9.4701316        9.3510566       0.14055146       0.14633739      0.081712386      0.085651665      0.041433634      0.041821105       0.72187982       0.73210426       0.68538992       0.70030311       0.67453531       0.69437266        1.0000000        1.9491616        1.0000000        2.0631791        1.0000000        2.2702260        1.0000000       0.89786832        1.0000000        1.0378613        1.0000000        1.2601756 
       1.0000000        1.0000000        1.0000000        1.0000000      0.051000000        9.4122637        9.2953596       0.14013716       0.14627668      0.081220039      0.085695854      0.040988056      0.042039207       0.72036762       0.73175770       0.68432765       0.70027285       0.67382169       0.69491092        1.0000000        1.9482213        1.0000000        2.0635960        1.0000000        2.2726218        1.0000000       0.89692801        1.0000000        1.0382782        1.0000000        1.2625714 
       1.0000000        1.0000000        1.0000000        1.0000000      0.052000000        9.3583754        9.2435564       0.13998166       0.14636233      0.081207507      0.086092483      0.040911690      0.042052818       0.71930019       0.73034879       0.68420765       0.70059239       0.67360265       0.69543263        1.0000000        1.9443224        1.0000000        2.0658273        1.0000000        2.2766370        1.0000000       0.89302907        1.0000000        1.0405094        1.0000000        1.2665867 
       1.0000000        1.0000000        1.0000000        1.0000000      0.053000000        9.3195205        9.2067056       0.13977957       0.14569709      0.081305220      0.085613266      0.041127940      0.041878033       0.71798461       0.72885224       0.68362347       0.69904237       0.67436146       0.69289722        1.0000000        1.9396588        1.0000000        2.0596182        1.0000000        2.2664275        1.0000000       0.88836552        1.0000000        1.0343004        1.0000000        1.2563772 
       1.0000000        1.0000000        1.0000000        1.0000000      0.054000000        9.2892698        9.1783831       0.13960310       0.14581101      0.081392678      0.085731450      0.041222733      0.041746572       0.71618661       0.72742112       0.68306601       0.69852295       0.67428555       0.69245578        1.0000000        1.9362499        1.0000000        2.0594221        1.0000000        2.2657591        1.0000000       0.88495664        1.0000000        1.0341043        1.0000000        1.2557087 
       1.0000000        1.0000000        1.0000000        1.0000000      0.055000000        9.2226248        9.1135946       0.13937536       0.14583808      0.081296140      0.085957253      0.041153691      0.041885772       0.71496521       0.72608800       0.68157696       0.69865643       0.67339405       0.69415689        1.0000000        1.9324397        1.0000000        2.0600269        1.0000000        2.2730759        1.0000000       0.88114639        1.0000000        1.0347091        1.0000000        1.2630255 
       1.0000000        1.0000000        1.0000000        1.0000000      0.056000000        9.1765900        9.0695240       0.13890998       0.14378578      0.081164652      0.084578396      0.041303669      0.041517407       0.71352753       0.72390064       0.68079273       0.69668283       0.67366718       0.69258022        1.0000000        1.9250143        1.0000000        2.0512685        1.0000000        2.2632767        1.0000000       0.87372102        1.0000000        1.0259507        1.0000000        1.2532264 
       1.0000000        1.0000000        1.0000000        1.0000000      0.057000000        9.1378802        9.0325331       0.13887260       0.14369570      0.081212463      0.084623152      0.041336421      0.041560272       0.71234844       0.72294207       0.68017274       0.69658258       0.67341634       0.69367423        1.0000000        1.9221327        1.0000000        2.0504360        1.0000000        2.2674383        1.0000000       0.87083945        1.0000000        1.0251182        1.0000000        1.2573879 
       1.0000000        1.0000000        1.0000000        1.0000000      0.058000000        9.0920457        8.9883576       0.13868180       0.14332597      0.081196640      0.084214788      0.041342790      0.041254985       0.71110508       0.72250646       0.68005982       0.69631188       0.67329022       0.69156276        1.0000000        1.9204977        1.0000000        2.0492832        1.0000000        2.2566606        1.0000000       0.86920442        1.0000000        1.0239654        1.0000000        1.2466103 
       1.0000000        1.0000000        1.0000000        1.0000000      0.059000000        9.0418331        8.9397472       0.13852746       0.14309111      0.081193914      0.084156452      0.041371405      0.041520250       0.70999689       0.72103945       0.67936690       0.69568150       0.67258171       0.69233189        1.0000000        1.9166437        1.0000000        2.0469552        1.0000000        2.2604394        1.0000000       0.86535043        1.0000000        1.0216374        1.0000000        1.2503890 
       1.0000000        1.0000000        1.0000000        1.0000000      0.060000000        8.9928683        8.8923308       0.13849524       0.14293427      0.081312043      0.083956502      0.041529004      0.041401731       0.70874605       0.72066485       0.67916536       0.69553213       0.67261544       0.69136047        1.0000000        1.9155120        1.0000000        2.0462204        1.0000000        2.2547395        1.0000000       0.86421866        1.0000000        1.0209026        1.0000000        1.2446892 
       1.0000000        1.0000000        1.0000000        1.0000000      0.061000000        8.9580442        8.8590040       0.13822730       0.14296132      0.081254000      0.084080883      0.041552390      0.041453293       0.70751167       0.72018850       0.67888887       0.69606296       0.67345638       0.69156298        1.0000000        1.9139685        1.0000000        2.0482942        1.0000000        2.2548852        1.0000000       0.86267524        1.0000000        1.0229764        1.0000000        1.2448348 
       1.0000000        1.0000000        1.0000000        1.0000000      0.062000000        8.9607355        8.8631441       0.13766076       0.14247336      0.081135252      0.083741045      0.041562716      0.041213570       0.70573254       0.71831972       0.67788130       0.69588625       0.67366686       0.69046810        1.0000000        1.9085488        1.0000000        2.0465869        1.0000000        2.2473931        1.0000000       0.85725552        1.0000000        1.0212691        1.0000000        1.2373427 
       1.0000000        1.0000000        1.0000000        1.0000000      0.063000000        8.9211792        8.8249906       0.13743895       0.14256819      0.081133608      0.083771666      0.041634883      0.041099637       0.70388041       0.71758164       0.67690527       0.69583216       0.67375442       0.69070590        1.0000000        1.9063914        1.0000000        2.0464238        1.0000000        2.2474214        1.0000000       0.85509809        1.0000000        1.0211060        1.0000000        1.2373710 
       1.0000000        1.0000000        1.0000000        1.0000000      0.064000000        8.8784701        8.7836403       0.13705585       0.14227861      0.080873717      0.083610994      0.041487703      0.040996319       0.70243161       0.71662292       0.67557349       0.69520087       0.67296739       0.69029720        1.0000000        1.9035907        1.0000000        2.0441473        1.0000000        2.2452755        1.0000000       0.85229745        1.0000000        1.0188295        1.0000000        1.2352251 
       1.0000000        1.0000000        1.0000000        1.0000000      0.065000000        8.8378706        8.7443580       0.13670902       0.14242625      0.080753547      0.083729874      0.041559494      0.041116103       0.70091863       0.71639381       0.67461759       0.69562711       0.67256795       0.69040709        1.0000000        1.9031518        1.0000000        2.0457254        1.0000000        2.2471248        1.0000000       0.85185848        1.0000000        1.0204076        1.0000000        1.2370745 
       1.0000000        1.0000000        1.0000000        1.0000000      0.066000000        8.7975801        8.7053449       0.13667480       0.14217458      0.080766906      0.083529700      0.041567992      0.041071661       0.69977466       0.71576520       0.67444462       0.69543648       0.67262526       0.69020130        1.0000000        1.9012525        1.0000000        2.0449667        1.0000000        2.2454751        1.0000000       0.84995924        1.0000000        1.0196489        1.0000000        1.2354247 
       1.0000000        1.0000000        1.0000000        1.0000000      0.067000000        8.7493412        8.6584674       0.13669847       0.14209513      0.080840879      0.083613682      0.041601846      0.041250838       0.69930943       0.71512290       0.67452186       0.69546166       0.67253551       0.69060662        1.0000000        1.8996505        1.0000000        2.0451075        1.0000000        2.2491798        1.0000000       0.84835720        1.0000000        1.0197897        1.0000000        1.2391295 
       1.0000000        1.0000000        1.0000000        1.0000000      0.068000000        8.7071488        8.6174747       0.13652885       0.14243681      0.080778818      0.083853809      0.041566410      0.041135432       0.69822669       0.71492324       0.67399006       0.69624248       0.67160480       0.69063759        1.0000000        1.8990978        1.0000000        2.0482191        1.0000000        2.2486218        1.0000000       0.84780447        1.0000000        1.0229013        1.0000000        1.2385715 
       1.0000000        1.0000000        1.0000000        1.0000000      0.069000000        8.6830065        8.5944977       0.13645517       0.14263043      0.080744000      0.084269105      0.041569574      0.041711230       0.69810249       0.71436058       0.67409419       0.69724652       0.67146200       0.69399698        1.0000000        1.8974870        1.0000000        2.0512316        1.0000000        2.2635358        1.0000000       0.84619373        1.0000000        1.0259137        1.0000000        1.2534854 
       1.0000000        1.0000000        1.0000000        1.0000000      0.070000000        8.6658770        8.5785005       0.13649589       0.14259857      0.080922561      0.084282049      0.041792990      0.041678307       0.69756966       0.71416920       0.67399463       0.69703476       0.67213258       0.69362078        1.0000000        1.8968924        1.0000000        2.0507975        1.0000000        2.2620817        1.0000000       0.84559912        1.0000000        1.0254797        1.0000000        1.2520314 
       1.0000000        1.0000000        1.0000000        1.0000000      0.071000000        8.6447191        8.5584435       0.13650404       0.14250555      0.080968677      0.084284167      0.041843765      0.041619870       0.69711916       0.71335480       0.67400368       0.69726684       0.67215139       0.69422061        1.0000000        1.8943433        1.0000000        2.0506553        1.0000000        2.2641224        1.0000000       0.84305000        1.0000000        1.0253375        1.0000000        1.2540721 
       1.0000000        1.0000000        1.0000000        1.0000000      0.072000000        8.6280010        8.5427962       0.13637716       0.14248640      0.081063583      0.084527725      0.042062793      0.041831355       0.69637839       0.71295154       0.67416361       0.69767711       0.67313944       0.69524277        1.0000000        1.8931649        1.0000000        2.0522921        1.0000000        2.2699778        1.0000000       0.84187161        1.0000000        1.0269743        1.0000000        1.2599274 
       1.0000000        1.0000000        1.0000000        1.0000000      0.073000000        8.5917198        8.5075568       0.13633736       0.14249132      0.081174660      0.084737163      0.042173946      0.041969897       0.69574666       0.71256231       0.67404298       0.69806894       0.67362524       0.69574084        1.0000000        1.8919726        1.0000000        2.0536731        1.0000000        2.2733269        1.0000000       0.84067935        1.0000000        1.0283553        1.0000000        1.2632765 
       1.0000000        1.0000000        1.0000000        1.0000000      0.074000000        8.5663007        8.4831518       0.13624850       0.14242520      0.081245601      0.084618251      0.042285321      0.041871156       0.69494891       0.71191841       0.67428136       0.69835938       0.67415190       0.69505797        1.0000000        1.8901461        1.0000000        2.0539034        1.0000000        2.2702213        1.0000000       0.83885278        1.0000000        1.0285856        1.0000000        1.2601709 
       1.0000000        1.0000000        1.0000000        1.0000000      0.075000000        8.5404998        8.4583386       0.13612228       0.14189071      0.081274756      0.084280534      0.042361871      0.041643116       0.69397354       0.71083683       0.67386800       0.69705090       0.67436621       0.69369836        1.0000000        1.8869145        1.0000000        2.0490898        1.0000000        2.2631508        1.0000000       0.83562120        1.0000000        1.0237720        1.0000000        1.2531005 
       1.0000000        1.0000000        1.0000000        1.0000000      0.076000000        8.5268094        8.4456102       0.13598926       0.14202325      0.081086576      0.084410876      0.042162371      0.041830027       0.69318771       0.71052924       0.67342421       0.69733565       0.67389910       0.69418541        1.0000000        1.8862573        1.0000000        2.0503114        1.0000000        2.2661920        1.0000000       0.83496399        1.0000000        1.0249936        1.0000000        1.2561417 
       1.0000000        1.0000000        1.0000000        1.0000000      0.077000000        8.5125716        8.4323100       0.13584883       0.14185688      0.080986006      0.084245046      0.042080161      0.041686248       0.69254867       0.70979627       0.67325011       0.69709368       0.67385399       0.69298844        1.0000000        1.8842468        1.0000000        2.0491329        1.0000000        2.2607213        1.0000000       0.83295349        1.0000000        1.0238150        1.0000000        1.2506710 
       1.0000000        1.0000000        1.0000000        1.0000000      0.078000000        8.4719311        8.3925836       0.13579915       0.14180441      0.080999948      0.084243704      0.042100785      0.041620224       0.69183293       0.70925041       0.67300542       0.69706032       0.67382820       0.69302470        1.0000000        1.8825621        1.0000000        2.0490050        1.0000000        2.2603921        1.0000000       0.83126883        1.0000000        1.0236872        1.0000000        1.2503418 
       1.0000000        1.0000000        1.0000000        1.0000000      0.079000000        8.4377256        8.3593575       0.13573188       0.14152970      0.081053026      0.084088040      0.042120927      0.041514541       0.69127796       0.70780431       0.67286488       0.69647575       0.67409389       0.69320207        1.0000000        1.8782986        1.0000000        2.0465149        1.0000000        2.2585156        1.0000000       0.82700534        1.0000000        1.0211971        1.0000000        1.2484652 
       1.0000000        1.0000000        1.0000000        1.0000000      0.080000000        8.4119216        8.3344210       0.13571446       0.14138865      0.081105694      0.083973323      0.042168681      0.041512808       0.69080621       0.70731782       0.67288599       0.69588651       0.67431005       0.69308092        1.0000000        1.8769157        1.0000000        2.0446714        1.0000000        2.2577495        1.0000000       0.82562244        1.0000000        1.0193536        1.0000000        1.2476992 
       1.0000000        1.0000000        1.0000000        1.0000000      0.081000000        8.3863792        8.3097253       0.13568453       0.14155866      0.081139804      0.084045992      0.042142371      0.041362245       0.69024253       0.70757217       0.67314417       0.69616565       0.67503125       0.69288175        1.0000000        1.8777060        1.0000000        2.0460534        1.0000000        2.2566205        1.0000000       0.82641266        1.0000000        1.0207356        1.0000000        1.2465701 
       1.0000000        1.0000000        1.0000000        1.0000000      0.082000000        8.3607035        8.2848762       0.13564183       0.14182463      0.081135226      0.084147066      0.042197111      0.041354464       0.68971288       0.70806843       0.67325512       0.69701809       0.67519844       0.69244637        1.0000000        1.8792130        1.0000000        2.0488840        1.0000000        2.2554828        1.0000000       0.82791971        1.0000000        1.0235662        1.0000000        1.2454324 
       1.0000000        1.0000000        1.0000000        1.0000000      0.083000000        8.3323829        8.2573628       0.13546234       0.14188876      0.080998922      0.084200847      0.042073192      0.041414918       0.68905379       0.70799226       0.67262745       0.69722045       0.67482016       0.69254860        1.0000000        1.8789479        1.0000000        2.0497862        1.0000000        2.2564082        1.0000000       0.82765461        1.0000000        1.0244683        1.0000000        1.2463579 
       1.0000000        1.0000000        1.0000000        1.0000000      0.084000000        8.3027079        8.2284764       0.13544858       0.14194872      0.081053590      0.084209333      0.042068144      0.041334322       0.68878215       0.70796678       0.67275477       0.69834201       0.67484748       0.69281017        1.0000000        1.8787773        1.0000000        2.0527958        1.0000000        2.2550760        1.0000000       0.82748403        1.0000000        1.0274780        1.0000000        1.2450256 
       1.0000000        1.0000000        1.0000000        1.0000000      0.085000000        8.2785394        8.2050784       0.13544229       0.14197785      0.081070658      0.084275716      0.042048014      0.041342231       0.68829894       0.70760357       0.67274003       0.69832196       0.67474833       0.69309257        1.0000000        1.8777964        1.0000000        2.0528201        1.0000000        2.2568054        1.0000000       0.82650309        1.0000000        1.0275023        1.0000000        1.2467551 
       1.0000000        1.0000000        1.0000000        1.0000000      0.086000000        8.2628929        8.1901851       0.13511350       0.14235179      0.080787197      0.084551511      0.041818979      0.041439344       0.68757017       0.70815275       0.67225628       0.69934978       0.67415246       0.69359695        1.0000000        1.8794436        1.0000000        2.0565963        1.0000000        2.2597173        1.0000000       0.82815035        1.0000000        1.0312785        1.0000000        1.2496670 
       1.0000000        1.0000000        1.0000000        1.0000000      0.087000000        8.2407945        8.1688230       0.13496098       0.14240781      0.080779263      0.084577337      0.041851148      0.041383385       0.68697532       0.70835032       0.67218612       0.69937764       0.67449181       0.69324851        1.0000000        1.8800647        1.0000000        2.0569482        1.0000000        2.2589981        1.0000000       0.82877136        1.0000000        1.0316304        1.0000000        1.2489477 
       1.0000000        1.0000000        1.0000000        1.0000000      0.088000000        8.2293971        8.1581459       0.13491321       0.14296210      0.080845035      0.084895029      0.041911535      0.041541154       0.68657232       0.70959595       0.67211020       0.70050317       0.67374725       0.69487092        1.0000000        1.8836839        1.0000000        2.0610803        1.0000000        2.2636724        1.0000000       0.83239061        1.0000000        1.0357625        1.0000000        1.2536220 
       1.0000000        1.0000000        1.0000000        1.0000000      0.089000000        8.2081218        8.1375751       0.13497870       0.14303389      0.080929707      0.085048874      0.041987606      0.041627428       0.68668167       0.70928645       0.67213357       0.70044999       0.67395457       0.69546061        1.0000000        1.8828512        1.0000000        2.0611140        1.0000000        2.2668045        1.0000000       0.83155787        1.0000000        1.0357961        1.0000000        1.2567541 
       1.0000000        1.0000000        1.0000000        1.0000000      0.090000000        8.1856785        8.1158893       0.13496971       0.14327965      0.080982950      0.085241729      0.042040596      0.041742406       0.68635364       0.71000967       0.67203217       0.70098893       0.67409566       0.69571247        1.0000000        1.8849527        1.0000000        2.0632329        1.0000000        2.2689913        1.0000000       0.83365940        1.0000000        1.0379151        1.0000000        1.2589410 
       1.0000000        1.0000000        1.0000000        1.0000000      0.091000000        8.1486360        8.0795201       0.13502077       0.14340873      0.081068021      0.085430128      0.042122310      0.041869987       0.68592366       0.70996651       0.67212084       0.70132074       0.67450122       0.69627734        1.0000000        1.8848811        1.0000000        2.0645645        1.0000000        2.2725398        1.0000000       0.83358778        1.0000000        1.0392467        1.0000000        1.2624894 
       1.0000000        1.0000000        1.0000000        1.0000000      0.092000000        8.1354739        8.0670173       0.13491548       0.14318524      0.080955287      0.085442671      0.042037162      0.041824514       0.68565606       0.70903864       0.67191243       0.70152858       0.67453497       0.69624516        1.0000000        1.8819686        1.0000000        2.0642858        1.0000000        2.2729152        1.0000000       0.83067534        1.0000000        1.0389680        1.0000000        1.2628649 
       1.0000000        1.0000000        1.0000000        1.0000000      0.093000000        8.1187281        8.0509170       0.13496627       0.14319712      0.081223488      0.085539065      0.042386014      0.041956566       0.68539652       0.70892051       0.67224674       0.70171837       0.67562138       0.69705790        1.0000000        1.8815470        1.0000000        2.0646666        1.0000000        2.2763844        1.0000000       0.83025366        1.0000000        1.0393488        1.0000000        1.2663341 
       1.0000000        1.0000000        1.0000000        1.0000000      0.094000000        8.0900104        8.0228316       0.13498621       0.14308954      0.081260569      0.085513980      0.042407798      0.041961467       0.68515961       0.70837740       0.67231451       0.70146973       0.67574503       0.69726229        1.0000000        1.8800146        1.0000000        2.0639827        1.0000000        2.2769710        1.0000000       0.82872129        1.0000000        1.0386649        1.0000000        1.2669206 
       1.0000000        1.0000000        1.0000000        1.0000000      0.095000000        8.0675615        8.0010022       0.13502272       0.14295868      0.081322157      0.085519025      0.042486498      0.042032896       0.68501704       0.70780077       0.67239691       0.70150128       0.67598330       0.69763884        1.0000000        1.8783207        1.0000000        2.0638702        1.0000000        2.2784904        1.0000000       0.82702740        1.0000000        1.0385524        1.0000000        1.2684401 
       1.0000000        1.0000000        1.0000000        1.0000000      0.096000000        8.0464825        7.9805304       0.13508458       0.14273445      0.081411362      0.085367529      0.042607702      0.042015781       0.68485103       0.70717507       0.67244176       0.70127279       0.67634583       0.69778696        1.0000000        1.8764637        1.0000000        2.0627692        1.0000000        2.2782425        1.0000000       0.82517036        1.0000000        1.0374514        1.0000000        1.2681922 
       1.0000000        1.0000000        1.0000000        1.0000000      0.097000000        8.0389970        7.9736400       0.13521756       0.14278913      0.081444445      0.085287779      0.042521843      0.042051515       0.68505869       0.70709683       0.67261272       0.70165516       0.67646645       0.69772549        1.0000000        1.8765539        1.0000000        2.0634452        1.0000000        2.2758377        1.0000000       0.82526065        1.0000000        1.0381274        1.0000000        1.2657874 
       1.0000000        1.0000000        1.0000000        1.0000000      0.098000000        8.0251467        7.9603731       0.13513066       0.14316893      0.081418638      0.085514746      0.042527935      0.042058702       0.68467631       0.70759918       0.67232544       0.70325738       0.67644891       0.69843589        1.0000000        1.8781417        1.0000000        2.0687432        1.0000000        2.2779035        1.0000000       0.82684840        1.0000000        1.0434254        1.0000000        1.2678532 
       1.0000000        1.0000000        1.0000000        1.0000000      0.099000000        8.0027986        7.9385972       0.13524722       0.14266521      0.081503177      0.085095006      0.042539603      0.041857702       0.68448513       0.70644768       0.67265605       0.70147095       0.67685275       0.69698271        1.0000000        1.8748315        1.0000000        2.0627946        1.0000000        2.2696287        1.0000000       0.82353816        1.0000000        1.0374768        1.0000000        1.2595784 
       1.0000000        1.0000000        1.0000000        1.0000000       0.10000000        7.9686810        7.9050407       0.13515562       0.14273590      0.081425239      0.085198313      0.042451561      0.041904224       0.68415084       0.70651920       0.67237805       0.70205120       0.67649901       0.69749919        1.0000000        1.8749467        1.0000000        2.0643770        1.0000000        2.2722661        1.0000000       0.82365343        1.0000000        1.0390592        1.0000000        1.2622158 
       1.0000000        1.0000000        1.0000000        1.0000000       0.10100000        7.9545700        7.8915347       0.13511135       0.14265310      0.081419680      0.085171078      0.042450405      0.042003260       0.68365278       0.70692177       0.67192726       0.70211636       0.67652371       0.69856129        1.0000000        1.8759351        1.0000000        2.0641022        1.0000000        2.2766368        1.0000000       0.82464182        1.0000000        1.0387844        1.0000000        1.2665864 
       1.0000000        1.0000000        1.0000000        1.0000000       0.10200000        7.9483879        7.8858918       0.13504011       0.14274061      0.081377137      0.085343013      0.042484737      0.042088110       0.68340583       0.70668065       0.67226182       0.70295742       0.67659613       0.69934678        1.0000000        1.8751429        1.0000000        2.0665873        1.0000000        2.2800794        1.0000000       0.82384961        1.0000000        1.0412695        1.0000000        1.2700290 
       1.0000000        1.0000000        1.0000000        1.0000000       0.10300000        7.9330278        7.8710609       0.13510786       0.14307583      0.081413293      0.085513769      0.042461196      0.042116182       0.68360071       0.70769774       0.67251856       0.70398588       0.67657856       0.69902452        1.0000000        1.8781786        1.0000000        2.0701959        1.0000000        2.2801793        1.0000000       0.82688527        1.0000000        1.0448781        1.0000000        1.2701290 
       1.0000000        1.0000000        1.0000000        1.0000000       0.10400000        7.9318312        7.8703837       0.13518917       0.14330200      0.081461596      0.085724434      0.042420725      0.042266206       0.68357017       0.70852480       0.67287319       0.70484886       0.67665430       0.69986003        1.0000000        1.8803670        1.0000000        2.0727644        1.0000000        2.2852208        1.0000000       0.82907374        1.0000000        1.0474466        1.0000000        1.2751704 
       1.0000000        1.0000000        1.0000000        1.0000000       0.10500000        7.9208015        7.8598640       0.13512370       0.14350903      0.081453713      0.085864334      0.042401578      0.042256156       0.68321805       0.70938896       0.67313032       0.70523657       0.67615221       0.69948959        1.0000000        1.8829015        1.0000000        2.0748483        1.0000000        2.2850098        1.0000000       0.83160824        1.0000000        1.0495305        1.0000000        1.2749594 
       1.0000000        1.0000000        1.0000000        1.0000000       0.10600000        7.8984306        7.8379938       0.13526069       0.14362036      0.081615532      0.085900512      0.042520298      0.042301858       0.68332695       0.70950073       0.67369301       0.70492041       0.67676495       0.69906205        1.0000000        1.8832599        1.0000000        2.0748887        1.0000000        2.2821544        1.0000000       0.83196664        1.0000000        1.0495708        1.0000000        1.2721041 
       1.0000000        1.0000000        1.0000000        1.0000000       0.10700000        7.8771242        7.8171793       0.13517496       0.14337120      0.081590498      0.085821452      0.042632782      0.042285318       0.68299675       0.70867429       0.67325613       0.70440476       0.67678858       0.69905516        1.0000000        1.8808344        1.0000000        2.0728547        1.0000000        2.2816652        1.0000000       0.82954111        1.0000000        1.0475369        1.0000000        1.2716149 
       1.0000000        1.0000000        1.0000000        1.0000000       0.10800000        7.8531242        7.7936624       0.13512989       0.14346044      0.081625461      0.085818704      0.042763193      0.042175621       0.68265478       0.70876280       0.67296992       0.70431998       0.67745792       0.69882133        1.0000000        1.8811903        1.0000000        2.0728567        1.0000000        2.2800352        1.0000000       0.82989705        1.0000000        1.0475388        1.0000000        1.2699849 
       1.0000000        1.0000000        1.0000000        1.0000000       0.10900000        7.8448191        7.7858321       0.13527181       0.14351053      0.081757757      0.085830891      0.042871492      0.042156695       0.68283925       0.70849062       0.67335995       0.70432722       0.67828048       0.69878572        1.0000000        1.8805236        1.0000000        2.0730454        1.0000000        2.2792959        1.0000000       0.82923026        1.0000000        1.0477276        1.0000000        1.2692456 
       1.0000000        1.0000000        1.0000000        1.0000000       0.11000000        7.8309525        7.7724319       0.13538557       0.14372638      0.081875086      0.086032327      0.042965895      0.042345643       0.68284989       0.70889477       0.67364711       0.70528047       0.67874186       0.70010168        1.0000000        1.8816105        1.0000000        2.0762013        1.0000000        2.2859714        1.0000000       0.83031717        1.0000000        1.0508835        1.0000000        1.2759211 
       1.0000000        1.0000000        1.0000000        1.0000000       0.11100000        7.8052998        7.7472378       0.13540526       0.14377272      0.081889338      0.086114821      0.042938559      0.042439073       0.68275257       0.70888450       0.67414667       0.70561007       0.67900462       0.70093230        1.0000000        1.8816082        1.0000000        2.0772416        1.0000000        2.2883329        1.0000000       0.83031492        1.0000000        1.0519238        1.0000000        1.2782826 
       1.0000000        1.0000000        1.0000000        1.0000000       0.11200000        7.7909741        7.7333628       0.13526599       0.14404275      0.081871205      0.086403556      0.043010838      0.042725567       0.68231454       0.70955605       0.67283706       0.70672453       0.67730296       0.70213510        1.0000000        1.8835759        1.0000000        2.0807895        1.0000000        2.2953766        1.0000000       0.83228264        1.0000000        1.0554717        1.0000000        1.2853263 
       1.0000000        1.0000000        1.0000000        1.0000000       0.11300000        7.7607700        7.7036457       0.13529694       0.14413658      0.081944448      0.086554281      0.043076628      0.042875975       0.68217748       0.70962560       0.67309887       0.70751007       0.67783808       0.70292030        1.0000000        1.8836808        1.0000000        2.0830045        1.0000000        2.2995646        1.0000000       0.83238751        1.0000000        1.0576867        1.0000000        1.2895143 
       1.0000000        1.0000000        1.0000000        1.0000000       0.11400000        7.7416268        7.6849375       0.13528579       0.14376138      0.081886490      0.086189886      0.042938668      0.042606647       0.68188054       0.70880062       0.67395863       0.70580564       0.67773521       0.70049959        1.0000000        1.8812870        1.0000000        2.0779395        1.0000000        2.2904346        1.0000000       0.82999366        1.0000000        1.0526217        1.0000000        1.2803843 
       1.0000000        1.0000000        1.0000000        1.0000000       0.11500000        7.7198708        7.6636093       0.13536885       0.14365365      0.081913846      0.085973772      0.042937391      0.042430929       0.68213506       0.70928717       0.67420308       0.70421223       0.67794166       0.69741881        1.0000000        1.8825317        1.0000000        2.0732445        1.0000000        2.2798171        1.0000000       0.83123837        1.0000000        1.0479267        1.0000000        1.2697668 
       1.0000000        1.0000000        1.0000000        1.0000000       0.11600000        7.7013045        7.6454638       0.13545326       0.14415220      0.081975189      0.086340485      0.042998245      0.042643905       0.68232306       0.71044702       0.67425376       0.70533051       0.67829549       0.69844554        1.0000000        1.8859200        1.0000000        2.0772701        1.0000000        2.2858839        1.0000000       0.83462666        1.0000000        1.0519523        1.0000000        1.2758336 
       1.0000000        1.0000000        1.0000000        1.0000000       0.11700000        7.6838205        7.6283938       0.13546517       0.14433089      0.081963469      0.086483539      0.042946609      0.042707013       0.68255331       0.71093172       0.67417943       0.70640961       0.67822047       0.69926416        1.0000000        1.8872270        1.0000000        2.0805341        1.0000000        2.2894035        1.0000000       0.83593369        1.0000000        1.0552163        1.0000000        1.2793532 
       1.0000000        1.0000000        1.0000000        1.0000000       0.11800000        7.6612137        7.6061943       0.13536539       0.14441339      0.081818699      0.086535186      0.042744194      0.042721801       0.68181035       0.71111268       0.67345457       0.70650348       0.67703243       0.69929124        1.0000000        1.8878229        1.0000000        2.0812277        1.0000000        2.2900733        1.0000000       0.83652963        1.0000000        1.0559098        1.0000000        1.2800230 
       1.0000000        1.0000000        1.0000000        1.0000000       0.11900000        7.6281857        7.5735671       0.13543899       0.14396226      0.081927650      0.086278766      0.042875038      0.042799948       0.68177261       0.71073123       0.67401724       0.70602314       0.67726066       0.69970092        1.0000000        1.8863196        1.0000000        2.0782593        1.0000000        2.2918785        1.0000000       0.83502628        1.0000000        1.0529415        1.0000000        1.2818282 
       1.0000000        1.0000000        1.0000000        1.0000000       0.12000000        7.6122563        7.5580322       0.13553609       0.14392161      0.082067712      0.086362519      0.042967220      0.042955494       0.68173883       0.71046381       0.67449987       0.70664208       0.67811459       0.70066498        1.0000000        1.8854047        1.0000000        2.0797518        1.0000000        2.2956850        1.0000000       0.83411136        1.0000000        1.0544340        1.0000000        1.2856347 
       1.0000000        1.0000000        1.0000000        1.0000000       0.12100000        7.6005279        7.5466921       0.13562127       0.14362640      0.082157963      0.086102706      0.043036878      0.042953221       0.68166357       0.70952091       0.67484296       0.70501532       0.67860333       0.70005462        1.0000000        1.8828536        1.0000000        2.0747618        1.0000000        2.2925449        1.0000000       0.83156028        1.0000000        1.0494440        1.0000000        1.2824946 
       1.0000000        1.0000000        1.0000000        1.0000000       0.12200000        7.5918727        7.5384192       0.13559091       0.14371653      0.082088421      0.086286132      0.042968568      0.043065339       0.68145785       0.70924035       0.67453465       0.70525733       0.67820530       0.70013312        1.0000000        1.8820207        1.0000000        2.0762236        1.0000000        2.2945812        1.0000000       0.83072744        1.0000000        1.0509058        1.0000000        1.2845308 
       1.0000000        1.0000000        1.0000000        1.0000000       0.12300000        7.5690534        7.5159763       0.13571830       0.14386110      0.082098361      0.086442735      0.042956512      0.043178793       0.68181873       0.70924564       0.67449623       0.70578155       0.67774257       0.70062309        1.0000000        1.8821090        1.0000000        2.0781376        1.0000000        2.2972813        1.0000000       0.83081571        1.0000000        1.0528198        1.0000000        1.2872310 
       1.0000000        1.0000000        1.0000000        1.0000000       0.12400000        7.5413425        7.4886728       0.13571819       0.14372307      0.082129904      0.086280178      0.043024258      0.043086004       0.68208198       0.70882196       0.67457539       0.70448510       0.67789246       0.69946281        1.0000000        1.8809744        1.0000000        2.0741423        1.0000000        2.2928789        1.0000000       0.82968111        1.0000000        1.0488245        1.0000000        1.2828285 
       1.0000000        1.0000000        1.0000000        1.0000000       0.12500000        7.5197652        7.4674600       0.13571916       0.14353640      0.082110748      0.086217661      0.042987759      0.043116172       0.68195345       0.70843058       0.67458257       0.70405152       0.67778822       0.69936098        1.0000000        1.8796591        1.0000000        2.0721044        1.0000000        2.2925865        1.0000000       0.82836585        1.0000000        1.0467866        1.0000000        1.2825361 
       1.0000000        1.0000000        1.0000000        1.0000000       0.12600000        7.5018473        7.4499010       0.13575120       0.14371509      0.082187309      0.086350675      0.043061169      0.043134948       0.68208284       0.70876539       0.67474540       0.70464652       0.67800129       0.69960971        1.0000000        1.8806632        1.0000000        2.0741226        1.0000000        2.2938769        1.0000000       0.82936989        1.0000000        1.0488048        1.0000000        1.2838266 
       1.0000000        1.0000000        1.0000000        1.0000000       0.12700000        7.4848599        7.4332673       0.13586245       0.14353863      0.082259506      0.086204778      0.043104721      0.043059560       0.68244517       0.70848280       0.67503499       0.70368689       0.67815646       0.69863122        1.0000000        1.8798843        1.0000000        2.0712767        1.0000000        2.2900074        1.0000000       0.82859099        1.0000000        1.0459588        1.0000000        1.2799570 
       1.0000000        1.0000000        1.0000000        1.0000000       0.12800000        7.4639339        7.4126898       0.13592941       0.14358734      0.082322053      0.086286876      0.043079797      0.043113087       0.68239484       0.70844343       0.67513746       0.70430607       0.67824653       0.69919667        1.0000000        1.8797392        1.0000000        2.0732700        1.0000000        2.2921407        1.0000000       0.82844595        1.0000000        1.0479522        1.0000000        1.2820903 
       1.0000000        1.0000000        1.0000000        1.0000000       0.12900000        7.4504141        7.3995133       0.13600104       0.14375729      0.082383726      0.086394232      0.043120786      0.043230911       0.68254666       0.70897731       0.67506887       0.70458152       0.67761439       0.69953881        1.0000000        1.8812618        1.0000000        2.0743925        1.0000000        2.2950583        1.0000000       0.82996851        1.0000000        1.0490747        1.0000000        1.2850080 
       1.0000000        1.0000000        1.0000000        1.0000000       0.13000000        7.4292835        7.3787211       0.13593744       0.14357440      0.082352558      0.086266213      0.043114862      0.043147759       0.68233069       0.70832685       0.67490519       0.70359964       0.67752951       0.69918655        1.0000000        1.8794648        1.0000000        2.0711032        1.0000000        2.2928041        1.0000000       0.82817149        1.0000000        1.0457854        1.0000000        1.2827538 
       1.0000000        1.0000000        1.0000000        1.0000000       0.13100000        7.4185847        7.3683558       0.13585307       0.14384180      0.082427535      0.086437409      0.043201721      0.043215195       0.68192216       0.70885569       0.67502723       0.70423258       0.67811712       0.69939950        1.0000000        1.8810410        1.0000000        2.0734835        1.0000000        2.2947958        1.0000000       0.82974775        1.0000000        1.0481657        1.0000000        1.2847455 
       1.0000000        1.0000000        1.0000000        1.0000000       0.13200000        7.3982667        7.3483665       0.13583369       0.14391746      0.082415656      0.086583642      0.043224505      0.043292025       0.68182551       0.70879605       0.67513222       0.70449647       0.67827245       0.69968893        1.0000000        1.8809245        1.0000000        2.0746315        1.0000000        2.2968058        1.0000000       0.82963119        1.0000000        1.0493137        1.0000000        1.2867554 
       1.0000000        1.0000000        1.0000000        1.0000000       0.13300000        7.3868430        7.3372668       0.13581230       0.14390775      0.082432615      0.086576883      0.043244417      0.043220204       0.68167254       0.70874097       0.67502926       0.70430985       0.67849188       0.69923186        1.0000000        1.8808017        1.0000000        2.0742253        1.0000000        2.2950216        1.0000000       0.82950836        1.0000000        1.0489075        1.0000000        1.2849713 
       1.0000000        1.0000000        1.0000000        1.0000000       0.13400000        7.3645877        7.3153311       0.13569053       0.14398139      0.082312018      0.086693802      0.043089219      0.043311399       0.68129892       0.70866843       0.67461835       0.70496271       0.67792367       0.69979197        1.0000000        1.8805218        1.0000000        2.0763285        1.0000000        2.2984691        1.0000000       0.82922851        1.0000000        1.0510107        1.0000000        1.2884188 
       1.0000000        1.0000000        1.0000000        1.0000000       0.13500000        7.3391094        7.2901991       0.13581434       0.14431809      0.082381619      0.087058971      0.043146056      0.043539871       0.68169907       0.70946962       0.67531137       0.70630732       0.67814124       0.70136270        1.0000000        1.8826112        1.0000000        2.0805336        1.0000000        2.3058834        1.0000000       0.83131788        1.0000000        1.0552158        1.0000000        1.2958330 
       1.0000000        1.0000000        1.0000000        1.0000000       0.13600000        7.3247399        7.2761399       0.13551258       0.14448385      0.082128913      0.087215114      0.042993993      0.043664766       0.68139353       0.70984770       0.67471385       0.70705586       0.67812944       0.70228634        1.0000000        1.8836838        1.0000000        2.0828747        1.0000000        2.3100296        1.0000000       0.83239049        1.0000000        1.0575569        1.0000000        1.2999793 
       1.0000000        1.0000000        1.0000000        1.0000000       0.13700000        7.3063900        7.2580959       0.13551149       0.14452501      0.082167153      0.087168245      0.043043476      0.043511966       0.68124156       0.70935665       0.67468248       0.70668048       0.67799145       0.70158466        1.0000000        1.8825217        1.0000000        2.0822392        1.0000000        2.3064177        1.0000000       0.83122845        1.0000000        1.0569214        1.0000000        1.2963674 
       1.0000000        1.0000000        1.0000000        1.0000000       0.13800000        7.2931759        7.2451836       0.13543609       0.14441879      0.082164956      0.087004864      0.043104363      0.043489791       0.68090409       0.70963700       0.67438404       0.70596773       0.67869052       0.70146488        1.0000000        1.8834767        1.0000000        2.0798220        1.0000000        2.3041574        1.0000000       0.83218338        1.0000000        1.0545042        1.0000000        1.2941071 
       1.0000000        1.0000000        1.0000000        1.0000000       0.13900000        7.2755865        7.2278920       0.13548042       0.14444790      0.082191822      0.087069307      0.043070002      0.043490266       0.68079353       0.70941389       0.67436549       0.70608239       0.67793398       0.70167868        1.0000000        1.8828451        1.0000000        2.0801951        1.0000000        2.3044229        1.0000000       0.83155176        1.0000000        1.0548773        1.0000000        1.2943726 
       1.0000000        1.0000000        1.0000000        1.0000000       0.14000000        7.2659582        7.2185573       0.13536141       0.14450850      0.082026776      0.087087322      0.042915358      0.043400602       0.68043579       0.70942966       0.67374564       0.70581417       0.67679181       0.70097328        1.0000000        1.8829917        1.0000000        2.0796088        1.0000000        2.3020125        1.0000000       0.83169836        1.0000000        1.0542910        1.0000000        1.2919622 
       1.0000000        1.0000000        1.0000000        1.0000000       0.14100000        7.2672015        7.2200905       0.13515408       0.14490218      0.081742661      0.087335289      0.042602449      0.043531776       0.67978686       0.71031721       0.67256636       0.70686546       0.67524770       0.70202625        1.0000000        1.8855302        1.0000000        2.0833662        1.0000000        2.3066037        1.0000000       0.83423695        1.0000000        1.0580484        1.0000000        1.2965533 
       1.0000000        1.0000000        1.0000000        1.0000000       0.14200000        7.2492248        7.2023997       0.13510896       0.14473174      0.081772943      0.087223209      0.042676074      0.043504274       0.67980619       0.70987950       0.67270404       0.70670329       0.67560270       0.70180821        1.0000000        1.8842645        1.0000000        2.0826427        1.0000000        2.3062797        1.0000000       0.83297117        1.0000000        1.0573249        1.0000000        1.2962294 
       1.0000000        1.0000000        1.0000000        1.0000000       0.14300000        7.2382110        7.1916681       0.13528627       0.14432097      0.081927130      0.086920485      0.042818883      0.043469323       0.68028732       0.70888359       0.67309725       0.70444833       0.67597128       0.70152515        1.0000000        1.8814382        1.0000000        2.0751532        1.0000000        2.3053264        1.0000000       0.83014494        1.0000000        1.0498354        1.0000000        1.2952761 
       1.0000000        1.0000000        1.0000000        1.0000000       0.14400000        7.2156242        7.1693598       0.13526833       0.14412528      0.081968932      0.086739317      0.042907015      0.043401876       0.68016853       0.70816090       0.67305225       0.70400154       0.67646010       0.70175930        1.0000000        1.8795492        1.0000000        2.0731572        1.0000000        2.3042790        1.0000000       0.82825592        1.0000000        1.0478394        1.0000000        1.2942286 
       1.0000000        1.0000000        1.0000000        1.0000000       0.14500000        7.2016735        7.1556840       0.13513664       0.14397647      0.081774868      0.086539455      0.042716022      0.043226551       0.67980370       0.70716784       0.67248615       0.70247462       0.67589627       0.69972900        1.0000000        1.8767640        1.0000000        2.0687932        1.0000000        2.2971826        1.0000000       0.82547067        1.0000000        1.0434754        1.0000000        1.2871323 
       1.0000000        1.0000000        1.0000000        1.0000000       0.14600000        7.1970181        7.1512999       0.13519865       0.14421218      0.081839485      0.086686749      0.042840340      0.043235818       0.68005156       0.70814188       0.67259949       0.70313695       0.67641957       0.69952605        1.0000000        1.8795855        1.0000000        2.0711855        1.0000000        2.2971309        1.0000000       0.82829221        1.0000000        1.0458677        1.0000000        1.2870806 
       1.0000000        1.0000000        1.0000000        1.0000000       0.14700000        7.1864875        7.1410639       0.13529815       0.14404749      0.081954307      0.086544710      0.042912032      0.043151415       0.68039554       0.70788391       0.67350102       0.70258809       0.67691844       0.69912342        1.0000000        1.8787895        1.0000000        2.0689593        1.0000000        2.2948939        1.0000000       0.82749620        1.0000000        1.0436415        1.0000000        1.2848435 
       1.0000000        1.0000000        1.0000000        1.0000000       0.14800000        7.1856507        7.1404912       0.13522867       0.14414231      0.081868032      0.086684364      0.042853777      0.043166100       0.68006658       0.70787014       0.67271147       0.70280113       0.67623579       0.69908263        1.0000000        1.8787230        1.0000000        2.0699531        1.0000000        2.2954457        1.0000000       0.82742969        1.0000000        1.0446353        1.0000000        1.2853953 
       1.0000000        1.0000000        1.0000000        1.0000000       0.14900000        7.1741015        7.1292029       0.13513156       0.14416276      0.081776218      0.086794819      0.042854958      0.043355472       0.68023334       0.70820043       0.67290184       0.70302655       0.67650464       0.70018293        1.0000000        1.8794982        1.0000000        2.0703499        1.0000000        2.3009449        1.0000000       0.82820491        1.0000000        1.0450321        1.0000000        1.2908945 
       1.0000000        1.0000000        1.0000000        1.0000000       0.15000000        7.1552149        7.1105739       0.13522906       0.14510494      0.081871048      0.087455230      0.042916121      0.043625447       0.68043020       0.71055294       0.67334969       0.70546586       0.67671866       0.70162515        1.0000000        1.8864125        1.0000000        2.0794129        1.0000000        2.3087499        1.0000000       0.83511923        1.0000000        1.0540951        1.0000000        1.2986996 
       1.0000000        1.0000000        1.0000000        1.0000000       0.15100000        7.1425334        7.0981468       0.13522888       0.14509934      0.081926744      0.087537801      0.043030287      0.043621971       0.68029934       0.70999835       0.67313904       0.70550821       0.67701315       0.70128469        1.0000000        1.8849271        1.0000000        2.0797746        1.0000000        2.3075371        1.0000000       0.83363376        1.0000000        1.0544568        1.0000000        1.2974868 
       1.0000000        1.0000000        1.0000000        1.0000000       0.15200000        7.1207282        7.0765927       0.13531174       0.14502724      0.081937072      0.087507949      0.042994474      0.043588062       0.68044149       0.70969056       0.67327649       0.70562492       0.67671491       0.70096735        1.0000000        1.8840061        1.0000000        2.0800202        1.0000000        2.3054707        1.0000000       0.83271281        1.0000000        1.0547024        1.0000000        1.2954204 
       1.0000000        1.0000000        1.0000000        1.0000000       0.15300000        7.1079903        7.0641030       0.13534016       0.14507441      0.081978765      0.087533480      0.042992464      0.043716905       0.68036086       0.71029562       0.67374901       0.70633299       0.67669227       0.70203655        1.0000000        1.8857184        1.0000000        2.0819384        1.0000000        2.3088236        1.0000000       0.83442512        1.0000000        1.0566206        1.0000000        1.2987733 
       1.0000000        1.0000000        1.0000000        1.0000000       0.15400000        7.0889630        7.0453208       0.13533379       0.14515966      0.081971412      0.087632254      0.043070411      0.043795819       0.68020637       0.70973599       0.67347927       0.70617606       0.67706231       0.70224997        1.0000000        1.8842842        1.0000000        2.0820532        1.0000000        2.3104594        1.0000000       0.83299087        1.0000000        1.0567354        1.0000000        1.3004091 
       1.0000000        1.0000000        1.0000000        1.0000000       0.15500000        7.0675687        7.0241687       0.13533665       0.14543299      0.081923738      0.087781205      0.042964623      0.043945189       0.68023970       0.71047948       0.67296060       0.70647902       0.67552479       0.70281604        1.0000000        1.8864993        1.0000000        2.0837025        1.0000000        2.3135553        1.0000000       0.83520600        1.0000000        1.0583847        1.0000000        1.3035050 
       1.0000000        1.0000000        1.0000000        1.0000000       0.15600000        7.0439943        7.0008337       0.13533854       0.14546044      0.081919344      0.087794317      0.042955402      0.043885749       0.68033014       0.71048022       0.67324145       0.70633767       0.67593750       0.70257280        1.0000000        1.8866034        1.0000000        2.0833163        1.0000000        2.3124608        1.0000000       0.83531014        1.0000000        1.0579985        1.0000000        1.3024105 
       1.0000000        1.0000000        1.0000000        1.0000000       0.15700000        7.0253149        6.9823906       0.13528577       0.14545425      0.081897613      0.087784388      0.042998265      0.043901506       0.68009827       0.71052061       0.67297506       0.70623250       0.67586833       0.70255172        1.0000000        1.8867389        1.0000000        2.0832259        1.0000000        2.3124632        1.0000000       0.83544558        1.0000000        1.0579081        1.0000000        1.3024129 
       1.0000000        1.0000000        1.0000000        1.0000000       0.15800000        7.0097407        6.9670733       0.13521488       0.14542716      0.081750233      0.087773361      0.042807980      0.043902737       0.67984583       0.71065495       0.67237878       0.70630948       0.67508118       0.70215653        1.0000000        1.8870306        1.0000000        2.0835140        1.0000000        2.3117257        1.0000000       0.83573730        1.0000000        1.0581962        1.0000000        1.3016753 
       1.0000000        1.0000000        1.0000000        1.0000000       0.15900000        6.9909043        6.9484674       0.13531686       0.14550930      0.081825126      0.087855828      0.042857436      0.043921654       0.68025443       0.71069755       0.67296558       0.70640810       0.67578032       0.70245630        1.0000000        1.8872174        1.0000000        2.0839370        1.0000000        2.3128122        1.0000000       0.83592410        1.0000000        1.0586192        1.0000000        1.3027618 
       1.0000000        1.0000000        1.0000000        1.0000000       0.16000000        6.9781950        6.9359860       0.13536452       0.14515670      0.081890724      0.087413157      0.042949120      0.043792496       0.68025032       0.71041737       0.67333765       0.70525282       0.67622758       0.70125335        1.0000000        1.8862888        1.0000000        2.0800856        1.0000000        2.3071763        1.0000000       0.83499552        1.0000000        1.0547677        1.0000000        1.2971260 
