
       1.0000000        1.0000000        1.0000000        1.0000000      0.035000000        10.227066        10.058998       0.14743652       0.15219868      0.083529779      0.086921364      0.041870803      0.042714495       0.75353381       0.75965945       0.70283986       0.71090620       0.68247760       0.69283802        1.0000000        2.0326165        1.0000000        2.1025925        1.0000000        2.2694799        1.0000000       0.98132318        1.0000000        1.0772747        1.0000000        1.2594296 
       1.0000000        1.0000000        1.0000000        1.0000000      0.036000000        10.140851        9.9774150       0.14675330       0.15145261      0.083324889      0.086774142      0.041893298      0.042719324       0.75097557       0.75717277       0.70124607       0.70994025       0.68185109       0.69269146        1.0000000        2.0247919        1.0000000        2.0986346        1.0000000        2.2686470        1.0000000       0.97349857        1.0000000        1.0733168        1.0000000        1.2585967 
       1.0000000        1.0000000        1.0000000        1.0000000      0.037000000        10.025491        9.8664114       0.14539319       0.14996954      0.082908700      0.085049877      0.041743705      0.041164301       0.74739433       0.75315389       0.69955872       0.70585948       0.68128965       0.68736038        1.0000000        2.0131100        1.0000000        2.0831706        1.0000000        2.2360647        1.0000000       0.96181669        1.0000000        1.0578528        1.0000000        1.2260144 
       1.0000000        1.0000000        1.0000000        1.0000000      0.038000000        9.9912377        9.8362629       0.14483567       0.14947500      0.082667866      0.084857438      0.041473337      0.041263559       0.74459377       0.75126892       0.69733839       0.70497671       0.67986630       0.68732462        1.0000000        2.0072175        1.0000000        2.0789433        1.0000000        2.2369273        1.0000000       0.95592425        1.0000000        1.0536255        1.0000000        1.2268769 
       1.0000000        1.0000000        1.0000000        1.0000000      0.039000000        9.8932950        9.7421955       0.14398127       0.14901786      0.082199475      0.084847519      0.041265552      0.041342665       0.74295520       0.74966995       0.69653424       0.70451977       0.67993778       0.68799741        1.0000000        2.0019691        1.0000000        2.0767301        1.0000000        2.2393662        1.0000000       0.95067579        1.0000000        1.0514123        1.0000000        1.2293159 
       1.0000000        1.0000000        1.0000000        1.0000000      0.040000000        9.8145234        9.6670892       0.14332150       0.14871768      0.081871560      0.084852866      0.041230909      0.041368430       0.74077366       0.74788102       0.69467158       0.70393719       0.67894058       0.68828140        1.0000000        1.9964086        1.0000000        2.0747440        1.0000000        2.2409786        1.0000000       0.94511526        1.0000000        1.0494262        1.0000000        1.2309282 
       1.0000000        1.0000000        1.0000000        1.0000000      0.041000000        9.7373577        9.5933961       0.14300610       0.14849360      0.081816947      0.084775782      0.041181404      0.041390893       0.73959400       0.74666172       0.69426927       0.70322452       0.67879620       0.68849161        1.0000000        1.9926373        1.0000000        2.0717550        1.0000000        2.2419758        1.0000000       0.94134401        1.0000000        1.0464372        1.0000000        1.2319254 
       1.0000000        1.0000000        1.0000000        1.0000000      0.042000000        9.6414854        9.5008189       0.14233360       0.14836320      0.081499993      0.084649534      0.040989271      0.040886181       0.73764694       0.74536273       0.69308394       0.70195306       0.67797419       0.68664231        1.0000000        1.9888799        1.0000000        2.0683041        1.0000000        2.2343405        1.0000000       0.93758661        1.0000000        1.0429863        1.0000000        1.2242901 
       1.0000000        1.0000000        1.0000000        1.0000000      0.043000000        9.5829087        9.4453737       0.14061208       0.14840486      0.080070094      0.085040148      0.039757436      0.041086126       0.73437155       0.74391984       0.69069433       0.70195765       0.67628787       0.68747464        1.0000000        1.9844954        1.0000000        2.0690640        1.0000000        2.2401798        1.0000000       0.93320210        1.0000000        1.0437462        1.0000000        1.2301294 
       1.0000000        1.0000000        1.0000000        1.0000000      0.044000000        9.5688559        9.4343012       0.13962655       0.14832430      0.079715367      0.085122688      0.039692353      0.041071024       0.73011960       0.74223729       0.68777801       0.70165831       0.67469179       0.68801297        1.0000000        1.9797799        1.0000000        2.0684346        1.0000000        2.2445299        1.0000000       0.92848663        1.0000000        1.0431168        1.0000000        1.2344796 
       1.0000000        1.0000000        1.0000000        1.0000000      0.045000000        9.5125989        9.3811609       0.13902567       0.14795019      0.079540230      0.085012225      0.039689939      0.040775326       0.72792281       0.74007524       0.68634129       0.70066058       0.67431163       0.68726753        1.0000000        1.9733578        1.0000000        2.0645639        1.0000000        2.2404071        1.0000000       0.92206449        1.0000000        1.0392461        1.0000000        1.2303567 
       1.0000000        1.0000000        1.0000000        1.0000000      0.046000000        9.4492537        9.3205131       0.13840422       0.14782153      0.079149478      0.085156506      0.039155482      0.041047170       0.72383868       0.73795731       0.68309074       0.70009264       0.66994624       0.68999151        1.0000000        1.9674843        1.0000000        2.0628462        1.0000000        2.2515676        1.0000000       0.91619097        1.0000000        1.0375284        1.0000000        1.2415173 
       1.0000000        1.0000000        1.0000000        1.0000000      0.047000000        9.4042004        9.2780370       0.13774128       0.14715264      0.078968523      0.084838919      0.039123666      0.040932864       0.72056678       0.73572637       0.68073793       0.69847645       0.66829711       0.68956720        1.0000000        1.9607234        1.0000000        2.0568900        1.0000000        2.2466982        1.0000000       0.90943007        1.0000000        1.0315722        1.0000000        1.2366478 
       1.0000000        1.0000000        1.0000000        1.0000000      0.048000000        9.3840298        9.2603316       0.13689818       0.14699847      0.078446178      0.084832545      0.038864169      0.041097170       0.71784750       0.73377071       0.67905637       0.69815635       0.66762249       0.69031148        1.0000000        1.9554959        1.0000000        2.0565426        1.0000000        2.2498018        1.0000000       0.90420261        1.0000000        1.0312248        1.0000000        1.2397515 
       1.0000000        1.0000000        1.0000000        1.0000000      0.049000000        9.3560536        9.2347159       0.13585752       0.14685031      0.077862669      0.084963251      0.038504699      0.041120247       0.71442025       0.73171830       0.67663082       0.69844296       0.66656028       0.69040830        1.0000000        1.9494567        1.0000000        2.0576505        1.0000000        2.2497799        1.0000000       0.89816337        1.0000000        1.0323326        1.0000000        1.2397296 
       1.0000000        1.0000000        1.0000000        1.0000000      0.050000000        9.3138602        9.1947851       0.13567685       0.14484363      0.077883463      0.083562504      0.038713104      0.040566489       0.71294888       0.72960954       0.67570156       0.69686305       0.66664727       0.69036385        1.0000000        1.9418983        1.0000000        2.0494949        1.0000000        2.2432895        1.0000000       0.89060498        1.0000000        1.0241771        1.0000000        1.2332392 
       1.0000000        1.0000000        1.0000000        1.0000000      0.051000000        9.2531679        9.1362639       0.13551342       0.14509916      0.077803249      0.083534514      0.038947605      0.039759815       0.71061156       0.72911417       0.67351267       0.69798059       0.66495350       0.68409966        1.0000000        1.9410413        1.0000000        2.0550976        1.0000000        2.2186647        1.0000000       0.88974803        1.0000000        1.0297798        1.0000000        1.2086143 
       1.0000000        1.0000000        1.0000000        1.0000000      0.052000000        9.2273867        9.1125676       0.13543350       0.14502261      0.077872471      0.083566410      0.039063435      0.039879984       0.70875493       0.72867677       0.67271004       0.69785551       0.66514854       0.68381667        1.0000000        1.9397832        1.0000000        2.0552201        1.0000000        2.2168115        1.0000000       0.88848987        1.0000000        1.0299023        1.0000000        1.2067611 
       1.0000000        1.0000000        1.0000000        1.0000000      0.053000000        9.1960630        9.0832481       0.13493304       0.14493187      0.077759085      0.083679961      0.039134112      0.039941451       0.70717864       0.72684757       0.67180061       0.69766151       0.66527050       0.68442085        1.0000000        1.9347373        1.0000000        2.0551571        1.0000000        2.2196342        1.0000000       0.88344396        1.0000000        1.0298392        1.0000000        1.2095838 
       1.0000000        1.0000000        1.0000000        1.0000000      0.054000000        9.1422795        9.0313927       0.13466744       0.14490666      0.077723129      0.083819946      0.039221280      0.039950592       0.70546214       0.72597167       0.67076377       0.69764364       0.66485121       0.68493653        1.0000000        1.9320913        1.0000000        2.0553645        1.0000000        2.2217049        1.0000000       0.88079804        1.0000000        1.0300467        1.0000000        1.2116545 
       1.0000000        1.0000000        1.0000000        1.0000000      0.055000000        9.0903875        8.9813572       0.13455691       0.14491969      0.077819413      0.083892719      0.039426636      0.040100695       0.70446633       0.72525705       0.67033468       0.69739879       0.66504030       0.68498035        1.0000000        1.9302196        1.0000000        2.0551180        1.0000000        2.2231379        1.0000000       0.87892626        1.0000000        1.0298002        1.0000000        1.2130876 
       1.0000000        1.0000000        1.0000000        1.0000000      0.056000000        9.0414651        8.9343991       0.13433758       0.14489472      0.077802502      0.083902766      0.039420969      0.039955200       0.70323334       0.72425438       0.66976115       0.69722987       0.66509590       0.68431648        1.0000000        1.9275226        1.0000000        2.0546232        1.0000000        2.2198064        1.0000000       0.87622928        1.0000000        1.0293054        1.0000000        1.2097561 
       1.0000000        1.0000000        1.0000000        1.0000000      0.057000000        9.0110105        8.9056634       0.13428530       0.14480846      0.077878508      0.083914060      0.039494638      0.040048217       0.70205652       0.72371174       0.66939497       0.69691431       0.66524635       0.68415793        1.0000000        1.9261068        1.0000000        2.0541695        1.0000000        2.2196598        1.0000000       0.87481346        1.0000000        1.0288516        1.0000000        1.2096095 
       1.0000000        1.0000000        1.0000000        1.0000000      0.058000000        8.9529580        8.8492700       0.13440193       0.14502615      0.078051258      0.084137835      0.039655731      0.040133584       0.70098583       0.72389067       0.66902705       0.69722692       0.66573671       0.68470158        1.0000000        1.9265662        1.0000000        2.0557586        1.0000000        2.2215528        1.0000000       0.87527289        1.0000000        1.0304408        1.0000000        1.2115024 
       1.0000000        1.0000000        1.0000000        1.0000000      0.059000000        8.9017023        8.7996165       0.13416098       0.14457169      0.077989102      0.083840706      0.039656072      0.039995366       0.69967333       0.72255955       0.66837043       0.69692111       0.66593815       0.68371313        1.0000000        1.9227412        1.0000000        2.0542947        1.0000000        2.2169207        1.0000000       0.87144794        1.0000000        1.0289769        1.0000000        1.2068704 
       1.0000000        1.0000000        1.0000000        1.0000000      0.060000000        8.8892203        8.7886827       0.13398162       0.14395811      0.077988105      0.083724160      0.039691400      0.040025876       0.69821926       0.72026408       0.66753234       0.69606791       0.66535785       0.68373235        1.0000000        1.9157623        1.0000000        2.0503807        1.0000000        2.2177957        1.0000000       0.86446903        1.0000000        1.0250629        1.0000000        1.2077453 
       1.0000000        1.0000000        1.0000000        1.0000000      0.061000000        8.8636520        8.7646117       0.13365060       0.14407442      0.077913500      0.083879906      0.039680558      0.040139813       0.69636193       0.71978748       0.66674804       0.69646811       0.66517877       0.68478556        1.0000000        1.9146750        1.0000000        2.0519145        1.0000000        2.2216039        1.0000000       0.86338168        1.0000000        1.0265967        1.0000000        1.2115536 
       1.0000000        1.0000000        1.0000000        1.0000000      0.062000000        8.8187534        8.7211620       0.13356514       0.14406953      0.077929816      0.083987582      0.039708391      0.040273474       0.69585744       0.71951766       0.66672239       0.69663235       0.66544697       0.68520450        1.0000000        1.9137061        1.0000000        2.0523794        1.0000000        2.2243556        1.0000000       0.86241276        1.0000000        1.0270616        1.0000000        1.2143053 
       1.0000000        1.0000000        1.0000000        1.0000000      0.063000000        8.7701349        8.6739462       0.13350643       0.14410526      0.077926280      0.084092680      0.039704257      0.040305058       0.69548784       0.71871434       0.66679897       0.69652116       0.66583044       0.68536398        1.0000000        1.9115138        1.0000000        2.0524661        1.0000000        2.2250320        1.0000000       0.86022047        1.0000000        1.0271483        1.0000000        1.2149816 
       1.0000000        1.0000000        1.0000000        1.0000000      0.064000000        8.7198725        8.6250427       0.13353952       0.14399469      0.078026160      0.084195042      0.039789942      0.040343551       0.69458082       0.71854903       0.66691857       0.69704595       0.66613932       0.68537305        1.0000000        1.9106896        1.0000000        2.0543623        1.0000000        2.2268327        1.0000000       0.85939627        1.0000000        1.0290444        1.0000000        1.2167824 
       1.0000000        1.0000000        1.0000000        1.0000000      0.065000000        8.7112235        8.6177109       0.13329094       0.14373463      0.078105162      0.084018549      0.040033604      0.040205959       0.69342671       0.71777085       0.66687774       0.69707024       0.66802323       0.68511183        1.0000000        1.9081614        1.0000000        2.0537335        1.0000000        2.2243567        1.0000000       0.85686807        1.0000000        1.0284156        1.0000000        1.2143064 
       1.0000000        1.0000000        1.0000000        1.0000000      0.066000000        8.6836794        8.5914442       0.13300235       0.14370925      0.078130560      0.084044296      0.040083742      0.040229337       0.69193839       0.71678700       0.66646698       0.69699492       0.66847100       0.68552973        1.0000000        1.9055689        1.0000000        2.0532861        1.0000000        2.2262967        1.0000000       0.85427558        1.0000000        1.0279683        1.0000000        1.2162463 
       1.0000000        1.0000000        1.0000000        1.0000000      0.067000000        8.6266308        8.5357570       0.13299260       0.14380009      0.078307271      0.084281507      0.040340512      0.040471634       0.69126526       0.71660394       0.66653219       0.69690957       0.66911666       0.68579052        1.0000000        1.9051453        1.0000000        2.0536149        1.0000000        2.2297487        1.0000000       0.85385200        1.0000000        1.0282971        1.0000000        1.2196984 
       1.0000000        1.0000000        1.0000000        1.0000000      0.068000000        8.5863673        8.4966932       0.13289441       0.14355626      0.078292993      0.084136381      0.040260880      0.040387072       0.69044700       0.71591800       0.66639870       0.69634475       0.66911958       0.68566662        1.0000000        1.9029540        1.0000000        2.0514124        1.0000000        2.2286243        1.0000000       0.85166070        1.0000000        1.0260946        1.0000000        1.2185739 
       1.0000000        1.0000000        1.0000000        1.0000000      0.069000000        8.5407873        8.4522785       0.13273977       0.14367401      0.078312236      0.084316109      0.040365546      0.040579059       0.68953588       0.71524539       0.66622073       0.69641526       0.66917141       0.68591412        1.0000000        1.9013126        1.0000000        2.0524490        1.0000000        2.2311827        1.0000000       0.85001928        1.0000000        1.0271312        1.0000000        1.2211324 
       1.0000000        1.0000000        1.0000000        1.0000000      0.070000000        8.5109668        8.4235904       0.13265808       0.14366901      0.078260248      0.084296940      0.040276899      0.040496230       0.68867922       0.71473407       0.66597331       0.69635775       0.66908898       0.68552633        1.0000000        1.9000137        1.0000000        2.0526235        1.0000000        2.2292684        1.0000000       0.84872044        1.0000000        1.0273057        1.0000000        1.2192181 
       1.0000000        1.0000000        1.0000000        1.0000000      0.071000000        8.4697678        8.3834923       0.13260107       0.14350626      0.078365288      0.084277491      0.040440122      0.040564025       0.68798697       0.71423905       0.66607556       0.69605829       0.66976199       0.68581325        1.0000000        1.8984091        1.0000000        2.0515976        1.0000000        2.2301489        1.0000000       0.84711577        1.0000000        1.0262798        1.0000000        1.2200985 
       1.0000000        1.0000000        1.0000000        1.0000000      0.072000000        8.4405682        8.3553634       0.13244131       0.14347226      0.078477458      0.084313232      0.040701446      0.040557652       0.68706299       0.71373638       0.66574274       0.69628055       0.67003488       0.68613737        1.0000000        1.8967857        1.0000000        2.0519618        1.0000000        2.2313937        1.0000000       0.84549236        1.0000000        1.0266440        1.0000000        1.2213434 
       1.0000000        1.0000000        1.0000000        1.0000000      0.073000000        8.4052695        8.3211065       0.13246305       0.14368503      0.078557652      0.084421919      0.040750350      0.040479668       0.68661867       0.71376040       0.66581002       0.69624734       0.67017911       0.68582138        1.0000000        1.8967778        1.0000000        2.0520099        1.0000000        2.2301554        1.0000000       0.84548450        1.0000000        1.0266921        1.0000000        1.2201051 
       1.0000000        1.0000000        1.0000000        1.0000000      0.074000000        8.3685888        8.2854400       0.13227897       0.14381702      0.078506726      0.084532065      0.040682645      0.040532025       0.68546424       0.71341513       0.66531242       0.69647609       0.67011327       0.68589966        1.0000000        1.8959463        1.0000000        2.0529353        1.0000000        2.2307973        1.0000000       0.84465303        1.0000000        1.0276174        1.0000000        1.2207470 
       1.0000000        1.0000000        1.0000000        1.0000000      0.075000000        8.3301230        8.2479618       0.13222781       0.14396530      0.078542241      0.084630183      0.040793193      0.040548060       0.68501866       0.71328534       0.66528086       0.69679102       0.67020310       0.68588147        1.0000000        1.8957102        1.0000000        2.0547192        1.0000000        2.2306949        1.0000000       0.84441690        1.0000000        1.0294014        1.0000000        1.2206446 
       1.0000000        1.0000000        1.0000000        1.0000000      0.076000000        8.3175202        8.2363211       0.13203027       0.14412836      0.078331200      0.084762846      0.040476764      0.040680983       0.68411569       0.71316593       0.66476437       0.69699499       0.66976611       0.68626226        1.0000000        1.8955383        1.0000000        2.0559791        1.0000000        2.2341679        1.0000000       0.84424506        1.0000000        1.0306613        1.0000000        1.2241176 
       1.0000000        1.0000000        1.0000000        1.0000000      0.077000000        8.2890803        8.2088187       0.13186984       0.14422368      0.078437250      0.084822994      0.040715563      0.040630920       0.68272502       0.71285569       0.66456017       0.69741841       0.67015765       0.68660889        1.0000000        1.8945834        1.0000000        2.0571287        1.0000000        2.2351600        1.0000000       0.84329009        1.0000000        1.0318109        1.0000000        1.2251097 
       1.0000000        1.0000000        1.0000000        1.0000000      0.078000000        8.2565339        8.1771864       0.13179291       0.14416930      0.078422250      0.084928257      0.040731497      0.040776259       0.68209449       0.71215588       0.66431010       0.69784669       0.67004824       0.68767423        1.0000000        1.8925300        1.0000000        2.0580763        1.0000000        2.2393598        1.0000000       0.84123667        1.0000000        1.0327585        1.0000000        1.2293094 
       1.0000000        1.0000000        1.0000000        1.0000000      0.079000000        8.2491209        8.1707528       0.13168366       0.14381087      0.078421372      0.084791835      0.040751212      0.040842747       0.68138900       0.71091177       0.66406481       0.69737924       0.67002458       0.68803296        1.0000000        1.8887994        1.0000000        2.0560066        1.0000000        2.2408539        1.0000000       0.83750608        1.0000000        1.0306888        1.0000000        1.2308035 
       1.0000000        1.0000000        1.0000000        1.0000000      0.080000000        8.2044951        8.1269946       0.13155828       0.14381656      0.078382668      0.084834945      0.040717530      0.040918404       0.68062351       0.71047954       0.66386933       0.69798438       0.66999414       0.68864736        1.0000000        1.8875707        1.0000000        2.0577889        1.0000000        2.2425624        1.0000000       0.83627737        1.0000000        1.0324711        1.0000000        1.2325121 
       1.0000000        1.0000000        1.0000000        1.0000000      0.081000000        8.1868810        8.1102272       0.13146491       0.14370778      0.078324853      0.084784674      0.040644759      0.040857597       0.67994229       0.71012682       0.66353454       0.69814154       0.66977836       0.68867614        1.0000000        1.8865217        1.0000000        2.0581118        1.0000000        2.2416503        1.0000000       0.83522839        1.0000000        1.0327940        1.0000000        1.2316000 
       1.0000000        1.0000000        1.0000000        1.0000000      0.082000000        8.1840918        8.1082645       0.13142172       0.14350646      0.078349485      0.084749401      0.040612955      0.040908127       0.67949270       0.70921729       0.66392400       0.69775535       0.67010269       0.68876317        1.0000000        1.8837771        1.0000000        2.0562102        1.0000000        2.2418164        1.0000000       0.83248381        1.0000000        1.0308923        1.0000000        1.2317660 
       1.0000000        1.0000000        1.0000000        1.0000000      0.083000000        8.1531276        8.0781075       0.13136326       0.14327321      0.078301498      0.084570951      0.040506420      0.040725852       0.67901179       0.70866399       0.66397986       0.69741727       0.67019183       0.68838538        1.0000000        1.8822273        1.0000000        2.0548164        1.0000000        2.2393202        1.0000000       0.83093399        1.0000000        1.0294986        1.0000000        1.2292699 
       1.0000000        1.0000000        1.0000000        1.0000000      0.084000000        8.1222836        8.0480521       0.13123107       0.14315255      0.078189989      0.084353557      0.040403876      0.040496786       0.67817706       0.70830061       0.66357962       0.69712237       0.66880901       0.68703410        1.0000000        1.8813363        1.0000000        2.0540588        1.0000000        2.2325618        1.0000000       0.83004301        1.0000000        1.0287410        1.0000000        1.2225115 
       1.0000000        1.0000000        1.0000000        1.0000000      0.085000000        8.1164687        8.0430077       0.13118217       0.14304056      0.078162107      0.084333191      0.040325218      0.040527938       0.67772976       0.70725816       0.66364211       0.69692376       0.66893215       0.68665889        1.0000000        1.8785488        1.0000000        2.0531542        1.0000000        2.2312717        1.0000000       0.82725551        1.0000000        1.0278364        1.0000000        1.2212214 
       1.0000000        1.0000000        1.0000000        1.0000000      0.086000000        8.1040881        8.0313803       0.13107097       0.14301474      0.078136732      0.084313818      0.040291482      0.040448842       0.67681664       0.70682301       0.66349934       0.69684531       0.66920110       0.68649209        1.0000000        1.8773139        1.0000000        2.0527589        1.0000000        2.2302520        1.0000000       0.82602058        1.0000000        1.0274411        1.0000000        1.2202017 
       1.0000000        1.0000000        1.0000000        1.0000000      0.087000000        8.0925662        8.0205948       0.13107969       0.14323244      0.078194721      0.084571645      0.040290426      0.040733555       0.67642975       0.70738508       0.66378009       0.69767185       0.66967676       0.68812804        1.0000000        1.8788732        1.0000000        2.0555697        1.0000000        2.2375106        1.0000000       0.82757989        1.0000000        1.0302519        1.0000000        1.2274603 
       1.0000000        1.0000000        1.0000000        1.0000000      0.088000000        8.0747573        8.0035061       0.13095371       0.14335664      0.078225873      0.084645616      0.040403315      0.040598336       0.67579057       0.70732765       0.66341165       0.69783577       0.67021950       0.68779171        1.0000000        1.8785846        1.0000000        2.0561613        1.0000000        2.2356892        1.0000000       0.82729136        1.0000000        1.0308434        1.0000000        1.2256389 
       1.0000000        1.0000000        1.0000000        1.0000000      0.089000000        8.0658589        7.9953121       0.13094368       0.14351782      0.078362423      0.084821975      0.040583989      0.040689277       0.67513613       0.70765559       0.66358205       0.69845278       0.67052480       0.68855303        1.0000000        1.8794122        1.0000000        2.0580803        1.0000000        2.2394265        1.0000000       0.82811887        1.0000000        1.0327625        1.0000000        1.2293762 
       1.0000000        1.0000000        1.0000000        1.0000000      0.090000000        8.0416508        7.9718616       0.13097123       0.14378458      0.078536659      0.085094124      0.040843417      0.040848952       0.67478307       0.70801545       0.66394733       0.69901556       0.67148465       0.68892533        1.0000000        1.8804861        1.0000000        2.0606254        1.0000000        2.2425461        1.0000000       0.82919277        1.0000000        1.0353076        1.0000000        1.2324958 
       1.0000000        1.0000000        1.0000000        1.0000000      0.091000000        8.0158234        7.9467075       0.13090829       0.14382472      0.078524448      0.085116991      0.040800233      0.040780658       0.67411484       0.70795205       0.66418987       0.69900549       0.67150656       0.68886040        1.0000000        1.8803551        1.0000000        2.0606277        1.0000000        2.2427565        1.0000000       0.82906180        1.0000000        1.0353099        1.0000000        1.2327061 
       1.0000000        1.0000000        1.0000000        1.0000000      0.092000000        7.9940471        7.9255905       0.13093208       0.14390916      0.078612929      0.085124127      0.040921294      0.040712283       0.67367578       0.70754676       0.66416246       0.69859061       0.67154469       0.68787668        1.0000000        1.8794886        1.0000000        2.0597983        1.0000000        2.2395804        1.0000000       0.82819535        1.0000000        1.0344805        1.0000000        1.2295301 
       1.0000000        1.0000000        1.0000000        1.0000000      0.093000000        7.9869955        7.9191844       0.13083395       0.14388192      0.078616451      0.085244488      0.040935633      0.040926657       0.67308880       0.70687456       0.66400950       0.69866032       0.67155707       0.68918281        1.0000000        1.8777733        1.0000000        2.0595856        1.0000000        2.2437100        1.0000000       0.82647996        1.0000000        1.0342678        1.0000000        1.2336596 
       1.0000000        1.0000000        1.0000000        1.0000000      0.094000000        7.9607929        7.8936141       0.13073956       0.14406733      0.078555042      0.085403413      0.040864097      0.041004238       0.67259235       0.70693711       0.66404118       0.69909107       0.67183523       0.68954503        1.0000000        1.8780425        1.0000000        2.0611612        1.0000000        2.2454836        1.0000000       0.82674921        1.0000000        1.0358434        1.0000000        1.2354333 
       1.0000000        1.0000000        1.0000000        1.0000000      0.095000000        7.9422603        7.8757011       0.13051023       0.14378377      0.078371282      0.085232508      0.040739336      0.041018939       0.67171152       0.70623776       0.66325982       0.69863234       0.67121921       0.68996647        1.0000000        1.8758597        1.0000000        2.0590029        1.0000000        2.2461775        1.0000000       0.82456639        1.0000000        1.0336851        1.0000000        1.2361272 
       1.0000000        1.0000000        1.0000000        1.0000000      0.096000000        7.9165160        7.8505639       0.13052279       0.14394680      0.078424675      0.085370010      0.040691845      0.041132003       0.67122980       0.70640389       0.66340718       0.69919926       0.67123947       0.69048660        1.0000000        1.8763504        1.0000000        2.0609676        1.0000000        2.2487138        1.0000000       0.82505708        1.0000000        1.0356498        1.0000000        1.2386634 
       1.0000000        1.0000000        1.0000000        1.0000000      0.097000000        7.9101818        7.8448248       0.13042016       0.14413395      0.078363385      0.085613359      0.040667775      0.041227304       0.67057991       0.70681342       0.66300824       0.69949338       0.67063235       0.69086619        1.0000000        1.8775319        1.0000000        2.0620953        1.0000000        2.2518174        1.0000000       0.82623856        1.0000000        1.0367775        1.0000000        1.2417671 
       1.0000000        1.0000000        1.0000000        1.0000000      0.098000000        7.8983300        7.8335565       0.13042760       0.14424812      0.078385448      0.085695500      0.040648050      0.041342815       0.67029831       0.70690395       0.66313340       0.69958917       0.67086895       0.69118766        1.0000000        1.8777607        1.0000000        2.0623599        1.0000000        2.2543723        1.0000000       0.82646738        1.0000000        1.0370421        1.0000000        1.2443220 
       1.0000000        1.0000000        1.0000000        1.0000000      0.099000000        7.8858290        7.8216276       0.13038030       0.14453521      0.078361832      0.085971025      0.040627197      0.041557768       0.67006392       0.70763128       0.66324115       0.70079112       0.67117263       0.69359456        1.0000000        1.8799466        1.0000000        2.0661543        1.0000000        2.2626448        1.0000000       0.82865332        1.0000000        1.0408365        1.0000000        1.2525944 
       1.0000000        1.0000000        1.0000000        1.0000000       0.10000000        7.8610752        7.7974349       0.13033508       0.14452326      0.078418729      0.085957895      0.040727575      0.041537289       0.66943078       0.70764396       0.66317643       0.70082786       0.67150038       0.69367121        1.0000000        1.8799306        1.0000000        2.0661079        1.0000000        2.2625819        1.0000000       0.82863730        1.0000000        1.0407900        1.0000000        1.2525316 
       1.0000000        1.0000000        1.0000000        1.0000000       0.10100000        7.8381298        7.7750946       0.13020668       0.14439564      0.078389873      0.085884222      0.040706953      0.041485210       0.66875511       0.70739686       0.66311229       0.70042008       0.67142861       0.69352286        1.0000000        1.8790505        1.0000000        2.0641913        1.0000000        2.2617726        1.0000000       0.82775718        1.0000000        1.0388735        1.0000000        1.2517223 
       1.0000000        1.0000000        1.0000000        1.0000000       0.10200000        7.8137152        7.7512191       0.13007715       0.14454365      0.078370443      0.086066961      0.040742867      0.041550120       0.66824181       0.70745989       0.66300535       0.70073607       0.67182097       0.69417417        1.0000000        1.8792600        1.0000000        2.0653522        1.0000000        2.2645536        1.0000000       0.82796673        1.0000000        1.0400344        1.0000000        1.2545033 
       1.0000000        1.0000000        1.0000000        1.0000000       0.10300000        7.7854349        7.7234679       0.13002585       0.14490108      0.078228722      0.086341373      0.040549881      0.041635090       0.66808944       0.70785387       0.66309296       0.70118241       0.67180105       0.69431381        1.0000000        1.8806351        1.0000000        2.0675134        1.0000000        2.2663103        1.0000000       0.82934177        1.0000000        1.0421956        1.0000000        1.2562600 
       1.0000000        1.0000000        1.0000000        1.0000000       0.10400000        7.7686982        7.7072507       0.12994668       0.14499513      0.078230997      0.086466538      0.040596791      0.041771239       0.66765346       0.70805541       0.66305366       0.70147954       0.67184147       0.69486976        1.0000000        1.8811936        1.0000000        2.0686124        1.0000000        2.2698777        1.0000000       0.82990033        1.0000000        1.0432946        1.0000000        1.2598274 
       1.0000000        1.0000000        1.0000000        1.0000000       0.10500000        7.7593603        7.6984228       0.12995182       0.14509610      0.078351509      0.086630801      0.040823140      0.041956511       0.66738367       0.70854188       0.66311077       0.70211363       0.67254913       0.69513696        1.0000000        1.8823735        1.0000000        2.0707748        1.0000000        2.2731198        1.0000000       0.83108025        1.0000000        1.0454570        1.0000000        1.2630694 
       1.0000000        1.0000000        1.0000000        1.0000000       0.10600000        7.7353384        7.6749017       0.12998184       0.14520874      0.078347179      0.086741976      0.040796544      0.041943479       0.66718996       0.70839080       0.66312185       0.70232800       0.67237704       0.69509597        1.0000000        1.8819844        1.0000000        2.0717241        1.0000000        2.2729320        1.0000000       0.83069113        1.0000000        1.0464063        1.0000000        1.2628816 
       1.0000000        1.0000000        1.0000000        1.0000000       0.10700000        7.7182734        7.6583285       0.13003378       0.14527365      0.078388604      0.086824238      0.040819663      0.041950700       0.66728305       0.70843747       0.66332102       0.70239214       0.67237877       0.69535167        1.0000000        1.8821149        1.0000000        2.0717306        1.0000000        2.2746388        1.0000000       0.83082160        1.0000000        1.0464128        1.0000000        1.2645884 
       1.0000000        1.0000000        1.0000000        1.0000000       0.10800000        7.7018683        7.6424065       0.12998212       0.14551106      0.078350622      0.087053150      0.040781618      0.042104815       0.66697380       0.70880404       0.66309830       0.70267475       0.67199238       0.69585796        1.0000000        1.8832455        1.0000000        2.0728133        1.0000000        2.2773994        1.0000000       0.83195218        1.0000000        1.0474955        1.0000000        1.2673491 
       1.0000000        1.0000000        1.0000000        1.0000000       0.10900000        7.6719636        7.6129766       0.12991164       0.14566662      0.078289628      0.087250487      0.040717152      0.042213464       0.66649138       0.70912215       0.66257587       0.70339600       0.67124245       0.69641606        1.0000000        1.8841161        1.0000000        2.0753448        1.0000000        2.2809001        1.0000000       0.83282284        1.0000000        1.0500270        1.0000000        1.2708497 
       1.0000000        1.0000000        1.0000000        1.0000000       0.11000000        7.6516704        7.5931499       0.13003160       0.14576207      0.078451236      0.087496575      0.040854200      0.042493387       0.66653047       0.70895870       0.66296845       0.70378837       0.67180800       0.69713902        1.0000000        1.8834065        1.0000000        2.0763462        1.0000000        2.2855588        1.0000000       0.83211321        1.0000000        1.0510283        1.0000000        1.2755085 
       1.0000000        1.0000000        1.0000000        1.0000000       0.11100000        7.6340148        7.5759528       0.12998178       0.14549671      0.078408690      0.087269068      0.040847878      0.042304834       0.66632483       0.70837641       0.66277191       0.70325285       0.67174770       0.69668987        1.0000000        1.8817274        1.0000000        2.0742447        1.0000000        2.2824448        1.0000000       0.83043415        1.0000000        1.0489269        1.0000000        1.2723945 
       1.0000000        1.0000000        1.0000000        1.0000000       0.11200000        7.6191629        7.5615516       0.12995424       0.14552878      0.078385063      0.087282417      0.040803009      0.042235430       0.66615200       0.70819129       0.66289259       0.70311632       0.67196977       0.69622339        1.0000000        1.8813014        1.0000000        2.0743116        1.0000000        2.2803476        1.0000000       0.83000809        1.0000000        1.0489938        1.0000000        1.2702972 
       1.0000000        1.0000000        1.0000000        1.0000000       0.11300000        7.5989949        7.5418705       0.12976321       0.14474705      0.078226916      0.086660211      0.040628210      0.041913339       0.66521957       0.70657014       0.66195411       0.70166611       0.67130754       0.69484012        1.0000000        1.8764097        1.0000000        2.0685062        1.0000000        2.2725340        1.0000000       0.82511641        1.0000000        1.0431884        1.0000000        1.2624836 
       1.0000000        1.0000000        1.0000000        1.0000000       0.11400000        7.5749215        7.5182321       0.12973839       0.14492492      0.078250236      0.086880213      0.040676124      0.042085203       0.66515155       0.70674855       0.66182429       0.70226122       0.67134037       0.69541231        1.0000000        1.8768783        1.0000000        2.0705336        1.0000000        2.2763090        1.0000000       0.82558502        1.0000000        1.0452158        1.0000000        1.2662587 
       1.0000000        1.0000000        1.0000000        1.0000000       0.11500000        7.5614758        7.5052143       0.12972094       0.14478378      0.078242722      0.086623624      0.040674765      0.041874980       0.66522180       0.70714758       0.66196954       0.70098159       0.67137177       0.69357688        1.0000000        1.8779505        1.0000000        2.0668624        1.0000000        2.2703821        1.0000000       0.82665716        1.0000000        1.0415446        1.0000000        1.2603318 
       1.0000000        1.0000000        1.0000000        1.0000000       0.11600000        7.5412617        7.4854209       0.12971061       0.14457096      0.078238500      0.086445472      0.040672502      0.041777212       0.66502070       0.70644784       0.66197160       0.70016213       0.67146003       0.69287266        1.0000000        1.8760245        1.0000000        2.0641962        1.0000000        2.2675491        1.0000000       0.82473117        1.0000000        1.0388784        1.0000000        1.2574988 
       1.0000000        1.0000000        1.0000000        1.0000000       0.11700000        7.5271722        7.4717454       0.12971018       0.14456683      0.078240409      0.086467455      0.040662436      0.041794437       0.66483515       0.70648235       0.66186442       0.70051911       0.67154682       0.69344451        1.0000000        1.8760859        1.0000000        2.0652376        1.0000000        2.2698061        1.0000000       0.82479261        1.0000000        1.0399197        1.0000000        1.2597558 
       1.0000000        1.0000000        1.0000000        1.0000000       0.11800000        7.5112505        7.4562310       0.12965494       0.14460842      0.078199025      0.086502955      0.040670403      0.041818048       0.66468445       0.70652641       0.66172558       0.70072776       0.67169743       0.69362774        1.0000000        1.8762735        1.0000000        2.0660807        1.0000000        2.2705426        1.0000000       0.82498017        1.0000000        1.0407629        1.0000000        1.2604922 
       1.0000000        1.0000000        1.0000000        1.0000000       0.11900000        7.4900667        7.4354481       0.12966448       0.14462947      0.078169754      0.086538196      0.040620681      0.041791331       0.66480767       0.70654421       0.66193727       0.70071098       0.67156008       0.69361735        1.0000000        1.8762959        1.0000000        2.0660194        1.0000000        2.2702974        1.0000000       0.82500258        1.0000000        1.0407016        1.0000000        1.2602471 
       1.0000000        1.0000000        1.0000000        1.0000000       0.12000000        7.4732049        7.4189808       0.12966780       0.14456126      0.078165067      0.086533011      0.040597038      0.041928406       0.66486760       0.70663756       0.66184483       0.70104075       0.67134504       0.69400057        1.0000000        1.8763517        1.0000000        2.0669369        1.0000000        2.2726811        1.0000000       0.82505837        1.0000000        1.0416191        1.0000000        1.2626308 
       1.0000000        1.0000000        1.0000000        1.0000000       0.12100000        7.4582481        7.4044123       0.12973079       0.14448074      0.078226756      0.086470175      0.040645483      0.041923527       0.66504835       0.70680108       0.66219838       0.70098674       0.67174617       0.69416846        1.0000000        1.8767917        1.0000000        2.0665237        1.0000000        2.2734570        1.0000000       0.82549841        1.0000000        1.0412059        1.0000000        1.2634067 
       1.0000000        1.0000000        1.0000000        1.0000000       0.12200000        7.4398069        7.3863533       0.12967556       0.14443263      0.078174904      0.086462409      0.040633941      0.041970374       0.66497945       0.70646331       0.66199623       0.70111775       0.67197934       0.69530287        1.0000000        1.8758705        1.0000000        2.0665444        1.0000000        2.2759612        1.0000000       0.82457723        1.0000000        1.0412266        1.0000000        1.2659109 
       1.0000000        1.0000000        1.0000000        1.0000000       0.12300000        7.4182177        7.3651406       0.12966386       0.14407939      0.078134376      0.086073245      0.040596861      0.041743844       0.66499929       0.70576950       0.66211587       0.69999684       0.67191695       0.69404389        1.0000000        1.8740611        1.0000000        2.0627196        1.0000000        2.2686529        1.0000000       0.82276782        1.0000000        1.0374018        1.0000000        1.2586026 
       1.0000000        1.0000000        1.0000000        1.0000000       0.12400000        7.3957325        7.3430627       0.12955935       0.14410822      0.078103023      0.086129907      0.040645467      0.041786711       0.66472079       0.70573991       0.66170322       0.70042754       0.67186632       0.69503847        1.0000000        1.8739029        1.0000000        2.0637953        1.0000000        2.2708871        1.0000000       0.82260962        1.0000000        1.0384775        1.0000000        1.2608368 
       1.0000000        1.0000000        1.0000000        1.0000000       0.12500000        7.3688198        7.3165146       0.12958700       0.14408875      0.078124178      0.086139441      0.040635636      0.041847786       0.66472245       0.70570896       0.66184903       0.70054474       0.67185791       0.69526444        1.0000000        1.8737846        1.0000000        2.0643239        1.0000000        2.2723236        1.0000000       0.82249135        1.0000000        1.0390061        1.0000000        1.2622733 
       1.0000000        1.0000000        1.0000000        1.0000000       0.12600000        7.3497059        7.2977597       0.12951595       0.14387783      0.078116373      0.085948173      0.040685428      0.041801117       0.66463590       0.70536636       0.66182620       0.70027556       0.67204882       0.69623009        1.0000000        1.8728480        1.0000000        2.0627462        1.0000000        2.2726023        1.0000000       0.82155472        1.0000000        1.0374284        1.0000000        1.2625519 
       1.0000000        1.0000000        1.0000000        1.0000000       0.12700000        7.3317127        7.2801201       0.12947610       0.14391140      0.078111422      0.085916542      0.040701531      0.041684036       0.66449242       0.70502551       0.66174946       0.69976755       0.67218693       0.69528339        1.0000000        1.8720274        1.0000000        2.0615617        1.0000000        2.2690228        1.0000000       0.82073414        1.0000000        1.0362439        1.0000000        1.2589725 
       1.0000000        1.0000000        1.0000000        1.0000000       0.12800000        7.3176283        7.2663842       0.12954161       0.14371910      0.078165657      0.085795284      0.040715774      0.041735126       0.66462146       0.70459342       0.66190151       0.69956641       0.67206240       0.69568456        1.0000000        1.8707209        1.0000000        2.0604080        1.0000000        2.2694833        1.0000000       0.81942765        1.0000000        1.0350902        1.0000000        1.2594330 
       1.0000000        1.0000000        1.0000000        1.0000000       0.12900000        7.2991285        7.2482277       0.12955394       0.14356649      0.078196415      0.085681618      0.040723431      0.041709813       0.66455929       0.70442251       0.66213503       0.69949386       0.67227803       0.69559608        1.0000000        1.8701220        1.0000000        2.0597979        1.0000000        2.2685415        1.0000000       0.81882867        1.0000000        1.0344801        1.0000000        1.2584911 
       1.0000000        1.0000000        1.0000000        1.0000000       0.13000000        7.2818150        7.2312526       0.12954095       0.14381070      0.078190963      0.085855808      0.040744993      0.041792111       0.66455142       0.70482926       0.66233778       0.69989324       0.67253082       0.69581279        1.0000000        1.8713892        1.0000000        2.0616440        1.0000000        2.2708660        1.0000000       0.82009589        1.0000000        1.0363262        1.0000000        1.2608157 
       1.0000000        1.0000000        1.0000000        1.0000000       0.13100000        7.2677888        7.2175599       0.12956452       0.14387009      0.078221414      0.085815587      0.040775714      0.041719662       0.66473600       0.70513550       0.66275738       0.69990086       0.67276575       0.69600531        1.0000000        1.8723948        1.0000000        2.0616335        1.0000000        2.2698780        1.0000000       0.82110148        1.0000000        1.0363157        1.0000000        1.2598276 
       1.0000000        1.0000000        1.0000000        1.0000000       0.13200000        7.2544025        7.2045023       0.12955909       0.14394049      0.078217811      0.086007670      0.040724311      0.041760209       0.66454748       0.70500337       0.66262772       0.70014980       0.67234026       0.69624149        1.0000000        1.8718572        1.0000000        2.0622971        1.0000000        2.2713117        1.0000000       0.82056387        1.0000000        1.0369793        1.0000000        1.2612613 
       1.0000000        1.0000000        1.0000000        1.0000000       0.13300000        7.2369452        7.1873691       0.12952061       0.14424622      0.078186964      0.086278173      0.040720866      0.041863527       0.66439599       0.70558214       0.66252126       0.70080754       0.67217620       0.69680893        1.0000000        1.8735281        1.0000000        2.0647720        1.0000000        2.2753096        1.0000000       0.82223478        1.0000000        1.0394542        1.0000000        1.2652592 
       1.0000000        1.0000000        1.0000000        1.0000000       0.13400000        7.2082301        7.1589735       0.12954586       0.14448529      0.078261941      0.086455869      0.040791916      0.041997981       0.66430466       0.70660453       0.66250034       0.70174058       0.67213198       0.69769013        1.0000000        1.8763335        1.0000000        2.0680228        1.0000000        2.2801086        1.0000000       0.82504022        1.0000000        1.0427050        1.0000000        1.2700582 
       1.0000000        1.0000000        1.0000000        1.0000000       0.13500000        7.1833948        7.1344844       0.12939811       0.14425063      0.078097539      0.086430700      0.040634832      0.042055659       0.66415046       0.70612409       0.66210444       0.70202270       0.67161469       0.69806023        1.0000000        1.8746988        1.0000000        2.0684351        1.0000000        2.2824916        1.0000000       0.82340553        1.0000000        1.0431173        1.0000000        1.2724413 
       1.0000000        1.0000000        1.0000000        1.0000000       0.13600000        7.1667765        7.1181764       0.12947534       0.14435279      0.078179392      0.086483716      0.040715240      0.042035392       0.66424579       0.70611443       0.66234074       0.70186961       0.67193365       0.69784727        1.0000000        1.8748007        1.0000000        2.0681720        1.0000000        2.2822933        1.0000000       0.82350736        1.0000000        1.0428542        1.0000000        1.2722430 
       1.0000000        1.0000000        1.0000000        1.0000000       0.13700000        7.1603865        7.1120923       0.12946889       0.14457973      0.078141363      0.086683567      0.040649746      0.042123851       0.66377529       0.70654445       0.66167756       0.70246828       0.67111606       0.69860433        1.0000000        1.8761663        1.0000000        2.0703197        1.0000000        2.2856079        1.0000000       0.82487297        1.0000000        1.0450019        1.0000000        1.2755575 
       1.0000000        1.0000000        1.0000000        1.0000000       0.13800000        7.1468072        7.0988149       0.12943498       0.14456137      0.078090280      0.086702822      0.040607376      0.042133704       0.66363604       0.70635498       0.66140696       0.70248763       0.67069978       0.69869533        1.0000000        1.8755813        1.0000000        2.0702652        1.0000000        2.2861327        1.0000000       0.82428805        1.0000000        1.0449474        1.0000000        1.2760824 
       1.0000000        1.0000000        1.0000000        1.0000000       0.13900000        7.1268272        7.0791326       0.12937116       0.14466555      0.077984554      0.086819497      0.040502560      0.042243220       0.66338809       0.70646056       0.66076720       0.70286053       0.66984888       0.69895328        1.0000000        1.8758200        1.0000000        2.0717219        1.0000000        2.2884591        1.0000000       0.82452672        1.0000000        1.0464041        1.0000000        1.2784087 
       1.0000000        1.0000000        1.0000000        1.0000000       0.14000000        7.1145724        7.0671715       0.12930354       0.14477095      0.077965949      0.086890523      0.040520197      0.042245915       0.66284043       0.70671408       0.66027963       0.70300071       0.66980100       0.69907199        1.0000000        1.8766045        1.0000000        2.0723369        1.0000000        2.2890800        1.0000000       0.82531120        1.0000000        1.0470191        1.0000000        1.2790297 
       1.0000000        1.0000000        1.0000000        1.0000000       0.14100000        7.1050419        7.0579308       0.12927459       0.14474180      0.078010882      0.086935305      0.040554324      0.042282519       0.66283499       0.70644528       0.66047157       0.70289438       0.67003506       0.69920416        1.0000000        1.8757698        1.0000000        2.0718907        1.0000000        2.2902800        1.0000000       0.82447650        1.0000000        1.0465729        1.0000000        1.2802297 
       1.0000000        1.0000000        1.0000000        1.0000000       0.14200000        7.1034558        7.0566306       0.12931435       0.14468863      0.078059606      0.086893894      0.040583084      0.042398418       0.66281421       0.70674544       0.66066973       0.70299729       0.67046521       0.69946676        1.0000000        1.8764798        1.0000000        2.0721881        1.0000000        2.2920069        1.0000000       0.82518647        1.0000000        1.0468703        1.0000000        1.2819566 
       1.0000000        1.0000000        1.0000000        1.0000000       0.14300000        7.0901797        7.0436368       0.12928093       0.14453239      0.078019040      0.086792721      0.040573363      0.042321114       0.66277982       0.70600203       0.66050565       0.70239438       0.67023715       0.69874134        1.0000000        1.8742514        1.0000000        2.0703037        1.0000000        2.2887867        1.0000000       0.82295811        1.0000000        1.0449859        1.0000000        1.2787364 
       1.0000000        1.0000000        1.0000000        1.0000000       0.14400000        7.0753055        7.0290411       0.12937549       0.14458770      0.078101757      0.086849085      0.040616633      0.042324038       0.66297146       0.70588744       0.66078029       0.70250138       0.67010298       0.69871790        1.0000000        1.8739473        1.0000000        2.0708015        1.0000000        2.2888814        1.0000000       0.82265398        1.0000000        1.0454837        1.0000000        1.2788311 
       1.0000000        1.0000000        1.0000000        1.0000000       0.14500000        7.0602982        7.0143087       0.12943512       0.14465105      0.078159147      0.087036051      0.040668177      0.042669938       0.66314086       0.70611240       0.66095993       0.70295316       0.67023629       0.69951988        1.0000000        1.8744332        1.0000000        2.0722992        1.0000000        2.2939133        1.0000000       0.82313988        1.0000000        1.0469814        1.0000000        1.2838629 
       1.0000000        1.0000000        1.0000000        1.0000000       0.14600000        7.0412955        6.9955774       0.12944823       0.14444029      0.078186377      0.086905301      0.040692575      0.042609118       0.66324315       0.70539930       0.66112826       0.70260103       0.67049407       0.69904396        1.0000000        1.8723805        1.0000000        2.0711419        1.0000000        2.2911351        1.0000000       0.82108717        1.0000000        1.0458241        1.0000000        1.2810848 
       1.0000000        1.0000000        1.0000000        1.0000000       0.14700000        7.0167689        6.9713453       0.12945608       0.14441946      0.078177233      0.086858791      0.040666404      0.042584116       0.66325814       0.70519813       0.66117592       0.70262100       0.67047262       0.69930708        1.0000000        1.8718343        1.0000000        2.0710905        1.0000000        2.2914345        1.0000000       0.82054097        1.0000000        1.0457727        1.0000000        1.2813842 
       1.0000000        1.0000000        1.0000000        1.0000000       0.14800000        7.0004626        6.9553031       0.12939531       0.14451634      0.078116520      0.086928484      0.040621805      0.042576288       0.66292272       0.70544467       0.66097005       0.70288720       0.67028924       0.69920989        1.0000000        1.8725276        1.0000000        2.0720616        1.0000000        2.2917627        1.0000000       0.82123432        1.0000000        1.0467438        1.0000000        1.2817124 
       1.0000000        1.0000000        1.0000000        1.0000000       0.14900000        6.9770674        6.9321687       0.12947193       0.14468873      0.078197337      0.087077954      0.040697288      0.042696040       0.66313935       0.70560482       0.66132437       0.70345738       0.67073444       0.69957101        1.0000000        1.8730704        1.0000000        2.0743522        1.0000000        2.2938295        1.0000000       0.82177712        1.0000000        1.0490344        1.0000000        1.2837792 
       1.0000000        1.0000000        1.0000000        1.0000000       0.15000000        6.9625856        6.9179446       0.12943486       0.14458368      0.078135477      0.086980230      0.040610307      0.042613897       0.66292598       0.70536137       0.66101597       0.70336348       0.67011405       0.69950296        1.0000000        1.8723493        1.0000000        2.0738804        1.0000000        2.2921736        1.0000000       0.82105597        1.0000000        1.0485626        1.0000000        1.2821233 
       1.0000000        1.0000000        1.0000000        1.0000000       0.15100000        6.9577387        6.9133521       0.12940458       0.14451092      0.078152927      0.086954344      0.040632559      0.042575798       0.66294086       0.70498125       0.66113276       0.70307525       0.67044892       0.69921641        1.0000000        1.8712596        1.0000000        2.0729232        1.0000000        2.2912091        1.0000000       0.81996628        1.0000000        1.0476054        1.0000000        1.2811588 
       1.0000000        1.0000000        1.0000000        1.0000000       0.15200000        6.9441528        6.9000173       0.12937284       0.14423676      0.078168293      0.086726351      0.040659261      0.042483079       0.66282648       0.70409660       0.66125715       0.70193906       0.67071919       0.69790203        1.0000000        1.8688603        1.0000000        2.0692251        1.0000000        2.2846982        1.0000000       0.81756703        1.0000000        1.0439073        1.0000000        1.2746478 
       1.0000000        1.0000000        1.0000000        1.0000000       0.15300000        6.9298253        6.8859380       0.12932375       0.14424827      0.078126666      0.086727737      0.040669055      0.042479773       0.66243761       0.70407664       0.66082042       0.70198415       0.67066305       0.69791613        1.0000000        1.8688108        1.0000000        2.0694698        1.0000000        2.2846412        1.0000000       0.81751749        1.0000000        1.0441520        1.0000000        1.2745908 
       1.0000000        1.0000000        1.0000000        1.0000000       0.15400000        6.9142369        6.8705947       0.12932134       0.14417811      0.078117216      0.086784752      0.040673777      0.042513096       0.66227587       0.70378643       0.66051146       0.70194898       0.67022035       0.69790355        1.0000000        1.8678872        1.0000000        2.0692661        1.0000000        2.2850023        1.0000000       0.81659393        1.0000000        1.0439483        1.0000000        1.2749519 
       1.0000000        1.0000000        1.0000000        1.0000000       0.15500000        6.8994211        6.8560212       0.12931512       0.14412363      0.078102935      0.086797027      0.040665609      0.042624483       0.66236834       0.70348335       0.66051113       0.70230931       0.67011933       0.69886676        1.0000000        1.8669391        1.0000000        2.0699697        1.0000000        2.2873625        1.0000000       0.81564583        1.0000000        1.0446518        1.0000000        1.2773122 
       1.0000000        1.0000000        1.0000000        1.0000000       0.15600000        6.8943649        6.8512042       0.12933034       0.14430718      0.078082214      0.086917796      0.040633305      0.042695090       0.66227230       0.70389859       0.66060145       0.70248857       0.67018871       0.69868466        1.0000000        1.8681470        1.0000000        2.0708369        1.0000000        2.2878409        1.0000000       0.81685374        1.0000000        1.0455191        1.0000000        1.2777906 
       1.0000000        1.0000000        1.0000000        1.0000000       0.15700000        6.8753784        6.8324541       0.12928883       0.14420934      0.078048284      0.086727999      0.040634065      0.042482554       0.66234185       0.70332587       0.66054770       0.70155062       0.67021853       0.69712774        1.0000000        1.8665998        1.0000000        2.0680539        1.0000000        2.2809801        1.0000000       0.81530646        1.0000000        1.0427361        1.0000000        1.2709298 
       1.0000000        1.0000000        1.0000000        1.0000000       0.15800000        6.8606969        6.8180295       0.12920264       0.14452169      0.077920307      0.087027073      0.040525169      0.042646386       0.66218586       0.70412019       0.66031244       0.70253631       0.66977428       0.69886365        1.0000000        1.8690547        1.0000000        2.0713069        1.0000000        2.2869949        1.0000000       0.81776140        1.0000000        1.0459891        1.0000000        1.2769446 
       1.0000000        1.0000000        1.0000000        1.0000000       0.15900000        6.8477035        6.8052666       0.12920873       0.14452961      0.077942644      0.086998184      0.040569756      0.042570120       0.66221754       0.70402849       0.66023976       0.70195572       0.66969189       0.69756607        1.0000000        1.8687225        1.0000000        2.0697466        1.0000000        2.2837133        1.0000000       0.81742919        1.0000000        1.0444288        1.0000000        1.2736629 
       1.0000000        1.0000000        1.0000000        1.0000000       0.16000000        6.8387688        6.7965598       0.12921886       0.14425907      0.077952794      0.086639321      0.040600255      0.042316234       0.66224545       0.70333703       0.66023321       0.70057248       0.66996904       0.69575265        1.0000000        1.8670751        1.0000000        2.0652481        1.0000000        2.2739379        1.0000000       0.81578178        1.0000000        1.0399303        1.0000000        1.2638876 
