
       1.0000000        1.0000000        1.0000000        1.0000000      0.035000000        9.9983958        9.8443334       0.18701078       0.18497947       0.10178227       0.10256264      0.047842110      0.047599110       0.83296408       0.82901313       0.75419304       0.75717019       0.70917267       0.71463407        1.0000000        2.2659447        1.0000000        2.3167201        1.0000000        2.4247806        1.0000000        1.2146514        1.0000000        1.2914023        1.0000000        1.4147302 
       1.0000000        1.0000000        1.0000000        1.0000000      0.036000000        10.024633        9.8748171       0.18759825       0.18445598       0.10300468       0.10331854      0.048295454      0.048740205       0.83082177       0.82585928       0.75405106       0.75651877       0.70835623       0.71681380        1.0000000        2.2549083        1.0000000        2.3148919        1.0000000        2.4446160        1.0000000        1.2036150        1.0000000        1.2895740        1.0000000        1.4345657 
       1.0000000        1.0000000        1.0000000        1.0000000      0.037000000        9.8745167        9.7286938       0.18421761       0.18216317       0.10056704       0.10116457      0.047319727      0.047816735       0.82734985       0.82359835       0.75045817       0.75333385       0.70651842       0.71461694        1.0000000        2.2467403        1.0000000        2.2972483        1.0000000        2.4229629        1.0000000        1.1954470        1.0000000        1.2719305        1.0000000        1.4129125 
       1.0000000        1.0000000        1.0000000        1.0000000      0.038000000        9.7454572        9.6033970       0.18236785       0.18087034      0.099841362       0.10012563      0.047160521      0.046705627       0.82389294       0.82054613       0.74831590       0.75088091       0.70583418       0.71151130        1.0000000        2.2364445        1.0000000        2.2864860        1.0000000        2.4010859        1.0000000        1.1851512        1.0000000        1.2611682        1.0000000        1.3910356 
       1.0000000        1.0000000        1.0000000        1.0000000      0.039000000        9.6835056        9.5449978       0.18124993       0.18080082      0.099476375       0.10050044      0.047203549      0.046866179       0.82134564       0.81886130       0.74680395       0.75066341       0.70520423       0.71210303        1.0000000        2.2305863        1.0000000        2.2858898        1.0000000        2.4071048        1.0000000        1.1792930        1.0000000        1.2605720        1.0000000        1.3970544 
       1.0000000        1.0000000        1.0000000        1.0000000      0.040000000        9.7019505        9.5668025       0.17935854       0.18047410      0.098149430       0.10054011      0.046520048      0.046928232       0.81883973       0.81760781       0.74480086       0.75035672       0.70430271       0.71233854        1.0000000        2.2258287        1.0000000        2.2842538        1.0000000        2.4081932        1.0000000        1.1745354        1.0000000        1.2589360        1.0000000        1.3981428 
       1.0000000        1.0000000        1.0000000        1.0000000      0.041000000        9.6396141        9.5076493       0.17817633       0.17881127      0.097763887      0.099204743      0.046509176      0.045730764       0.81627239       0.81490608       0.74355334       0.74802219       0.70413288       0.70950035        1.0000000        2.2167267        1.0000000        2.2728777        1.0000000        2.3852945        1.0000000        1.1654334        1.0000000        1.2475599        1.0000000        1.3752442 
       1.0000000        1.0000000        1.0000000        1.0000000      0.042000000        9.5607864        9.4318421       0.17763920       0.17831900      0.097648818      0.099141059      0.046492151      0.045921837       0.81425397       0.81328489       0.74229200       0.74696852       0.70384430       0.70953462        1.0000000        2.2113543        1.0000000        2.2681333        1.0000000        2.3861640        1.0000000        1.1600610        1.0000000        1.2428155        1.0000000        1.3761136 
       1.0000000        1.0000000        1.0000000        1.0000000      0.043000000        9.5797519        9.4536782       0.17729431       0.17800502      0.097460073      0.099117068      0.046225560      0.045970486       0.81242953       0.81190787       0.74120685       0.74602189       0.70260479       0.70923915        1.0000000        2.2068913        1.0000000        2.2641554        1.0000000        2.3845756        1.0000000        1.1555980        1.0000000        1.2388376        1.0000000        1.3745253 
       1.0000000        1.0000000        1.0000000        1.0000000      0.044000000        9.5951427        9.4718008       0.17675447       0.17701016      0.097197420      0.098549563      0.046093512      0.045816442       0.81065449       0.80979083       0.73989696       0.74403927       0.70209891       0.70823380        1.0000000        2.1997410        1.0000000        2.2547704        1.0000000        2.3763081        1.0000000        1.1484477        1.0000000        1.2294526        1.0000000        1.3662577 
       1.0000000        1.0000000        1.0000000        1.0000000      0.045000000        9.4978530        9.3773682       0.17549096       0.17683562      0.096718162      0.098978797      0.046063769      0.046146426       0.80795085       0.80779197       0.73829324       0.74371644       0.70157159       0.70857523        1.0000000        2.1933564        1.0000000        2.2540390        1.0000000        2.3801205        1.0000000        1.1420631        1.0000000        1.2287211        1.0000000        1.3700702 
       1.0000000        1.0000000        1.0000000        1.0000000      0.046000000        9.4335291        9.3155169       0.17472886       0.17674585      0.096482492      0.099156505      0.046009887      0.046046839       0.80570626       0.80647731       0.73686727       0.74379239       0.70126861       0.70863303        1.0000000        2.1890294        1.0000000        2.2550969        1.0000000        2.3800635        1.0000000        1.1377361        1.0000000        1.2297791        1.0000000        1.3700132 
       1.0000000        1.0000000        1.0000000        1.0000000      0.047000000        9.3682292        9.2525794       0.17406929       0.17705331      0.096296749      0.099507950      0.046003664      0.046238211       0.80373749       0.80550285       0.73589750       0.74345970       0.70056869       0.70849339        1.0000000        2.1866217        1.0000000        2.2550327        1.0000000        2.3809880        1.0000000        1.1353284        1.0000000        1.2297149        1.0000000        1.3709377 
       1.0000000        1.0000000        1.0000000        1.0000000      0.048000000        9.3396714        9.2262813       0.17350764       0.17718438      0.096774592      0.099874295      0.046289624      0.046668159       0.80121830       0.80487347       0.73579216       0.74341289       0.70005005       0.70903073        1.0000000        2.1848171        1.0000000        2.2555812        1.0000000        2.3864967        1.0000000        1.1335238        1.0000000        1.2302634        1.0000000        1.3764463 
       1.0000000        1.0000000        1.0000000        1.0000000      0.049000000        9.2926610        9.1814348       0.17273310       0.17621810      0.096385346      0.099439717      0.046318347      0.046253369       0.79918420       0.80313215       0.73438187       0.74221105       0.69985957       0.70746123        1.0000000        2.1786771        1.0000000        2.2503733        1.0000000        2.3793512        1.0000000        1.1273838        1.0000000        1.2250554        1.0000000        1.3693008 
       1.0000000        1.0000000        1.0000000        1.0000000      0.050000000        9.3083484        9.1991963       0.17215656       0.17657815      0.095851766      0.099912828      0.046043001      0.046586503       0.79870900       0.80253657       0.73387294       0.74222993       0.69974574       0.70731882        1.0000000        2.1774408        1.0000000        2.2510584        1.0000000        2.3803015        1.0000000        1.1261475        1.0000000        1.2257406        1.0000000        1.3702512 
       1.0000000        1.0000000        1.0000000        1.0000000      0.051000000        9.3220586        9.2148965       0.17154377       0.17635918      0.095920945       0.10003716      0.046074250      0.046867770       0.79629056       0.80151301       0.73278264       0.74190240       0.69891256       0.70797560        1.0000000        2.1740687        1.0000000        2.2500479        1.0000000        2.3857080        1.0000000        1.1227754        1.0000000        1.2247301        1.0000000        1.3756577 
       1.0000000        1.0000000        1.0000000        1.0000000      0.052000000        9.2361327        9.1308819       0.17091755       0.17475082      0.095911384      0.099253786      0.046234115      0.046388349       0.79415942       0.79870925       0.73181667       0.74127279       0.69905926       0.70779287        1.0000000        2.1643436        1.0000000        2.2470844        1.0000000        2.3836294        1.0000000        1.1130503        1.0000000        1.2217666        1.0000000        1.3735790 
       1.0000000        1.0000000        1.0000000        1.0000000      0.053000000        9.1960618        9.0926481       0.16990647       0.17398613      0.095612325      0.099064225      0.046210777      0.046652644       0.79140997       0.79687752       0.73045634       0.74074044       0.69867719       0.70853798        1.0000000        2.1583608        1.0000000        2.2438600        1.0000000        2.3879228        1.0000000        1.1070675        1.0000000        1.2185422        1.0000000        1.3778724 
       1.0000000        1.0000000        1.0000000        1.0000000      0.054000000        9.1537742        9.0521280       0.16941664       0.17384908      0.095979758      0.099269170      0.046769896      0.046890667       0.78916501       0.79558301       0.72961141       0.74128125       0.69954996       0.70840013        1.0000000        2.1540583        1.0000000        2.2468375        1.0000000        2.3894196        1.0000000        1.1027650        1.0000000        1.2215197        1.0000000        1.3793693 
       1.0000000        1.0000000        1.0000000        1.0000000      0.055000000        9.1222329        9.0222885       0.16891872       0.17350691      0.095694247      0.099380864      0.046598873      0.047028944       0.78789569       0.79415524       0.72882270       0.74069363       0.69906524       0.70892436        1.0000000        2.1493598        1.0000000        2.2437823        1.0000000        2.3914239        1.0000000        1.0980665        1.0000000        1.2184645        1.0000000        1.3813736 
       1.0000000        1.0000000        1.0000000        1.0000000      0.056000000        9.0943441        8.9962003       0.16659757       0.17278563      0.093886694      0.099008455      0.045590935      0.046753746       0.78516288       0.79209139       0.72565234       0.73968802       0.69783523       0.70819288        1.0000000        2.1425079        1.0000000        2.2390531        1.0000000        2.3868264        1.0000000        1.0912146        1.0000000        1.2137353        1.0000000        1.3767761 
       1.0000000        1.0000000        1.0000000        1.0000000      0.057000000        9.0667752        8.9702071       0.16573499       0.17227797      0.093290047      0.098810771      0.045442728      0.046605918       0.78388869       0.79066940       0.72477218       0.73908523       0.69746388       0.70862726        1.0000000        2.1377811        1.0000000        2.2364625        1.0000000        2.3884067        1.0000000        1.0864878        1.0000000        1.2111447        1.0000000        1.3783563 
       1.0000000        1.0000000        1.0000000        1.0000000      0.058000000        9.0366435        8.9415961       0.16508051       0.17215990      0.093092270      0.098919560      0.045465164      0.046625091       0.78154563       0.78951996       0.72331122       0.73932169       0.69697842       0.70916704        1.0000000        2.1341541        1.0000000        2.2373993        1.0000000        2.3913304        1.0000000        1.0828608        1.0000000        1.2120815        1.0000000        1.3812801 
       1.0000000        1.0000000        1.0000000        1.0000000      0.059000000        8.9925959        8.8990172       0.16477671       0.17232902      0.093012554      0.099120547      0.045472720      0.046743539       0.78026581       0.78895743       0.72249652       0.73902348       0.69709503       0.70923805        1.0000000        2.1327006        1.0000000        2.2369593        1.0000000        2.3921086        1.0000000        1.0814073        1.0000000        1.2116415        1.0000000        1.3820583 
       1.0000000        1.0000000        1.0000000        1.0000000      0.060000000        8.9536407        8.8614813       0.16407170       0.17196956      0.092785585      0.099071615      0.045452518      0.046757565       0.77819145       0.78728829       0.72153931       0.73851393       0.69705411       0.71004153        1.0000000        2.1274532        1.0000000        2.2349275        1.0000000        2.3952383        1.0000000        1.0761599        1.0000000        1.2096097        1.0000000        1.3851879 
       1.0000000        1.0000000        1.0000000        1.0000000      0.061000000        8.9476714        8.8568845       0.16357163       0.17180645      0.092630595      0.099172412      0.045468321      0.047043863       0.77704003       0.78665001       0.72104620       0.73821380       0.69744199       0.71126568        1.0000000        2.1251597        1.0000000        2.2334320        1.0000000        2.4010497        1.0000000        1.0738664        1.0000000        1.2081142        1.0000000        1.3909994 
       1.0000000        1.0000000        1.0000000        1.0000000      0.062000000        8.9266482        8.8371894       0.16323556       0.17192508      0.092351783      0.099291054      0.045173608      0.046983073       0.77519847       0.78576026       0.71937109       0.73819147       0.69509752       0.71043344        1.0000000        2.1227540        1.0000000        2.2342585        1.0000000        2.3966877        1.0000000        1.0714607        1.0000000        1.2089407        1.0000000        1.3866374 
       1.0000000        1.0000000        1.0000000        1.0000000      0.063000000        8.8812241        8.7930512       0.16284224       0.17175370      0.092334306      0.099429293      0.045309390      0.047352970       0.77391303       0.78498355       0.71896717       0.73759071       0.69550669       0.71074532        1.0000000        2.1203855        1.0000000        2.2311955        1.0000000        2.3996933        1.0000000        1.0690922        1.0000000        1.2058777        1.0000000        1.3896429 
       1.0000000        1.0000000        1.0000000        1.0000000      0.064000000        8.8389541        8.7520268       0.16240065       0.17149987      0.092329171      0.099431179      0.045429869      0.047375132       0.77234859       0.78406132       0.71821349       0.73735225       0.69588002       0.71063340        1.0000000        2.1175250        1.0000000        2.2302507        1.0000000        2.3988242        1.0000000        1.0662317        1.0000000        1.2049329        1.0000000        1.3887739 
       1.0000000        1.0000000        1.0000000        1.0000000      0.065000000        8.8380911        8.7523712       0.16212966       0.17162302      0.092293418      0.099660998      0.045434465      0.047487670       0.77073010       0.78342332       0.71720250       0.73750707       0.69593702       0.71079602        1.0000000        2.1157467        1.0000000        2.2315429        1.0000000        2.4000394        1.0000000        1.0644534        1.0000000        1.2062251        1.0000000        1.3899891 
       1.0000000        1.0000000        1.0000000        1.0000000      0.066000000        8.8028224        8.7182735       0.16202200       0.17132818      0.092371846      0.099376035      0.045490595      0.047275417       0.76966443       0.78227176       0.71673436       0.73682015       0.69615424       0.71021184        1.0000000        2.1124017        1.0000000        2.2287651        1.0000000        2.3957725        1.0000000        1.0611084        1.0000000        1.2034472        1.0000000        1.3857222 
       1.0000000        1.0000000        1.0000000        1.0000000      0.067000000        8.7609897        8.6776887       0.16197137       0.17106062      0.092501907      0.099338577      0.045591067      0.047264933       0.76902678       0.78173608       0.71702488       0.73685191       0.69635386       0.71016065        1.0000000        2.1104285        1.0000000        2.2282537        1.0000000        2.3960988        1.0000000        1.0591352        1.0000000        1.2029359        1.0000000        1.3860485 
       1.0000000        1.0000000        1.0000000        1.0000000      0.068000000        8.7436004        8.6613992       0.16169245       0.17083698      0.092480276      0.099193627      0.045652740      0.047251219       0.76789940       0.78128146       0.71640960       0.73644275       0.69634606       0.71001630        1.0000000        2.1089534        1.0000000        2.2265141        1.0000000        2.3947857        1.0000000        1.0576601        1.0000000        1.2011963        1.0000000        1.3847353 
       1.0000000        1.0000000        1.0000000        1.0000000      0.069000000        8.6985803        8.6174472       0.16155862       0.17007197      0.092512508      0.098324617      0.045647936      0.046303644       0.76635538       0.78014838       0.71570530       0.73489735       0.69640264       0.70575367        1.0000000        2.1052336        1.0000000        2.2215179        1.0000000        2.3755882        1.0000000        1.0539403        1.0000000        1.1962001        1.0000000        1.3655379 
       1.0000000        1.0000000        1.0000000        1.0000000      0.070000000        8.6814696        8.6013745       0.16120771       0.17005879      0.092368785      0.098439594      0.045656934      0.046361324       0.76524168       0.77954466       0.71494125       0.73509618       0.69655039       0.70620464        1.0000000        2.1032494        1.0000000        2.2226640        1.0000000        2.3776714        1.0000000        1.0519561        1.0000000        1.1973462        1.0000000        1.3676211 
       1.0000000        1.0000000        1.0000000        1.0000000      0.071000000        8.6551419        8.5760559       0.16063069       0.16956804      0.092224424      0.098178830      0.045727769      0.046286562       0.76420278       0.77838936       0.71456273       0.73460685       0.69668722       0.70614405        1.0000000        2.0996327        1.0000000        2.2201223        1.0000000        2.3770226        1.0000000        1.0483394        1.0000000        1.1948045        1.0000000        1.3669722 
       1.0000000        1.0000000        1.0000000        1.0000000      0.072000000        8.6225951        8.5444906       0.16041104       0.16962985      0.092256690      0.098358666      0.045750216      0.046401538       0.76273596       0.77766350       0.71397047       0.73454614       0.69651383       0.70633916        1.0000000        2.0975994        1.0000000        2.2201582        1.0000000        2.3783115        1.0000000        1.0463061        1.0000000        1.1948404        1.0000000        1.3682612 
       1.0000000        1.0000000        1.0000000        1.0000000      0.073000000        8.6021466        8.5249972       0.16007436       0.16795425      0.092196133      0.097020005      0.045767960      0.045678381       0.76199823       0.77586815       0.71376951       0.73406069       0.69683238       0.70656356        1.0000000        2.0907732        1.0000000        2.2151045        1.0000000        2.3716794        1.0000000        1.0394800        1.0000000        1.1897867        1.0000000        1.3616291 
       1.0000000        1.0000000        1.0000000        1.0000000      0.074000000        8.5871359        8.5109161       0.15958726       0.16798131      0.092168617      0.097192583      0.045879334      0.045769200       0.76018709       0.77481043       0.71301595       0.73454758       0.69712412       0.70677671        1.0000000        2.0875638        1.0000000        2.2167249        1.0000000        2.3732124        1.0000000        1.0362705        1.0000000        1.1914071        1.0000000        1.3631620 
       1.0000000        1.0000000        1.0000000        1.0000000      0.075000000        8.5783957        8.5030812       0.15933457       0.16794348      0.092031431      0.097277934      0.045744088      0.045751092       0.75893730       0.77447080       0.71248536       0.73480450       0.69645819       0.70695273        1.0000000        2.0865314        1.0000000        2.2174852        1.0000000        2.3752192        1.0000000        1.0352381        1.0000000        1.1921674        1.0000000        1.3651689 
       1.0000000        1.0000000        1.0000000        1.0000000      0.076000000        8.5642003        8.4897677       0.15912137       0.16776956      0.091959529      0.097302568      0.045647797      0.045740064       0.75769012       0.77341492       0.71192600       0.73424865       0.69599348       0.70710477        1.0000000        2.0833903        1.0000000        2.2155816        1.0000000        2.3762847        1.0000000        1.0320970        1.0000000        1.1902638        1.0000000        1.3662344 
       1.0000000        1.0000000        1.0000000        1.0000000      0.077000000        8.5559400        8.4823669       0.15888766       0.16713014      0.091949872      0.096708629      0.045682800      0.045295578       0.75645561       0.77178643       0.71138705       0.73256471       0.69592641       0.70503871        1.0000000        2.0784464        1.0000000        2.2099908        1.0000000        2.3633935        1.0000000        1.0271531        1.0000000        1.1846730        1.0000000        1.3533431 
       1.0000000        1.0000000        1.0000000        1.0000000      0.078000000        8.5560835        8.4833483       0.15863550       0.16761556      0.091891392      0.097151084      0.045710982      0.045508188       0.75516422       0.77198623       0.71069152       0.73335734       0.69596365       0.70552326        1.0000000        2.0793771        1.0000000        2.2138807        1.0000000        2.3676585        1.0000000        1.0280838        1.0000000        1.1885629        1.0000000        1.3576081 
       1.0000000        1.0000000        1.0000000        1.0000000      0.079000000        8.5201147        8.4482772       0.15825628       0.16766247      0.091848389      0.097102533      0.045801427      0.045525460       0.75368497       0.77158246       0.70999949       0.73361770       0.69616226       0.70562995        1.0000000        2.0781673        1.0000000        2.2149117        1.0000000        2.3677055        1.0000000        1.0268740        1.0000000        1.1895939        1.0000000        1.3576552 
       1.0000000        1.0000000        1.0000000        1.0000000      0.080000000        8.4975861        8.4265440       0.15790377       0.16778126      0.091856904      0.097227364      0.045868135      0.045528856       0.75211984       0.77117355       0.70957989       0.73395394       0.69621541       0.70569417        1.0000000        2.0771337        1.0000000        2.2165315        1.0000000        2.3687670        1.0000000        1.0258404        1.0000000        1.1912137        1.0000000        1.3587166 
       1.0000000        1.0000000        1.0000000        1.0000000      0.081000000        8.4767796        8.4065136       0.15766172       0.16774826      0.091854865      0.097262588      0.045910179      0.045562686       0.75063496       0.77073621       0.70941920       0.73429738       0.69606471       0.70577370        1.0000000        2.0758526        1.0000000        2.2175796        1.0000000        2.3699060        1.0000000        1.0245593        1.0000000        1.1922618        1.0000000        1.3598557 
       1.0000000        1.0000000        1.0000000        1.0000000      0.082000000        8.4696032        8.4000949       0.15748593       0.16751973      0.091800091      0.097104192      0.045858474      0.045423544       0.74924704       0.76963094       0.70871308       0.73404717       0.69554179       0.70530381        1.0000000        2.0725739        1.0000000        2.2164625        1.0000000        2.3666944        1.0000000        1.0212806        1.0000000        1.1911446        1.0000000        1.3566441 
       1.0000000        1.0000000        1.0000000        1.0000000      0.083000000        8.4406983        8.3719299       0.15730548       0.16759702      0.091706631      0.097209697      0.045786273      0.045550514       0.74831036       0.76892076       0.70825363       0.73445733       0.69550587       0.70574030        1.0000000        2.0704779        1.0000000        2.2178862        1.0000000        2.3679911        1.0000000        1.0191846        1.0000000        1.1925683        1.0000000        1.3579408 
       1.0000000        1.0000000        1.0000000        1.0000000      0.084000000        8.4156054        8.3475598       0.15711510       0.16769176      0.091569250      0.097286013      0.045761321      0.045537798       0.74744685       0.76871905       0.70771919       0.73460510       0.69563733       0.70566401        1.0000000        2.0699425        1.0000000        2.2184924        1.0000000        2.3677579        1.0000000        1.0186492        1.0000000        1.1931746        1.0000000        1.3577076 
       1.0000000        1.0000000        1.0000000        1.0000000      0.085000000        8.3853081        8.3179689       0.15706586       0.16767575      0.091650532      0.097327596      0.045820950      0.045603179       0.74686277       0.76835315       0.70787337       0.73456688       0.69547151       0.70564138        1.0000000        2.0689699        1.0000000        2.2185768        1.0000000        2.3680904        1.0000000        1.0176766        1.0000000        1.1932590        1.0000000        1.3580400 
       1.0000000        1.0000000        1.0000000        1.0000000      0.086000000        8.3689813        8.3023325       0.15691861       0.16747174      0.091604349      0.097307515      0.045724048      0.045655695       0.74572195       0.76748870       0.70733286       0.73413363       0.69427331       0.70568316        1.0000000        2.0662361        1.0000000        2.2170477        1.0000000        2.3701107        1.0000000        1.0149428        1.0000000        1.1917299        1.0000000        1.3600604 
       1.0000000        1.0000000        1.0000000        1.0000000      0.087000000        8.3591267        8.2931528       0.15684161       0.16713432      0.091657640      0.097149179      0.045764431      0.045620218       0.74471057       0.76648735       0.70722954       0.73356056       0.69430176       0.70514206        1.0000000        2.0632000        1.0000000        2.2147722        1.0000000        2.3671518        1.0000000        1.0119067        1.0000000        1.1894544        1.0000000        1.3571014 
       1.0000000        1.0000000        1.0000000        1.0000000      0.088000000        8.3337496        8.2684359       0.15685694       0.16726364      0.091687663      0.097309494      0.045734321      0.045682561       0.74422161       0.76643645       0.70752358       0.73367256       0.69434567       0.70525711        1.0000000        2.0631916        1.0000000        2.2155173        1.0000000        2.3689857        1.0000000        1.0118983        1.0000000        1.1901995        1.0000000        1.3589353 
       1.0000000        1.0000000        1.0000000        1.0000000      0.089000000        8.3115932        8.2469253       0.15659334       0.16726091      0.091493170      0.097381951      0.045633542      0.045805252       0.74330091       0.76617515       0.70667981       0.73400681       0.69378589       0.70594514        1.0000000        2.0621584        1.0000000        2.2162705        1.0000000        2.3722225        1.0000000        1.0108652        1.0000000        1.1909527        1.0000000        1.3621722 
       1.0000000        1.0000000        1.0000000        1.0000000      0.090000000        8.2987013        8.2347278       0.15639125       0.16688969      0.091248583      0.097174544      0.045363118      0.045804634       0.74259500       0.76558845       0.70649214       0.73398079       0.69340820       0.70586558        1.0000000        2.0602291        1.0000000        2.2158473        1.0000000        2.3714919        1.0000000        1.0089358        1.0000000        1.1905295        1.0000000        1.3614415 
       1.0000000        1.0000000        1.0000000        1.0000000      0.091000000        8.2742038        8.2108476       0.15626930       0.16683536      0.091269463      0.097194558      0.045434117      0.045874873       0.74197284       0.76549429       0.70637147       0.73420152       0.69374742       0.70642507        1.0000000        2.0597604        1.0000000        2.2162931        1.0000000        2.3741838        1.0000000        1.0084671        1.0000000        1.1909753        1.0000000        1.3641335 
       1.0000000        1.0000000        1.0000000        1.0000000      0.092000000        8.2529312        8.1901792       0.15625233       0.16693955      0.091255323      0.097272107      0.045390478      0.045862295       0.74103933       0.76565778       0.70600027       0.73439838       0.69333677       0.70650223        1.0000000        2.0602068        1.0000000        2.2170888        1.0000000        2.3744290        1.0000000        1.0089135        1.0000000        1.1917710        1.0000000        1.3643787 
       1.0000000        1.0000000        1.0000000        1.0000000      0.093000000        8.2151976        8.1530374       0.15589693       0.16707310      0.091142505      0.097285055      0.045426115      0.045761019       0.74001178       0.76582418       0.70543169       0.73455164       0.69339414       0.70637917        1.0000000        2.0608741        1.0000000        2.2176922        1.0000000        2.3736636        1.0000000        1.0095808        1.0000000        1.1923744        1.0000000        1.3636132 
       1.0000000        1.0000000        1.0000000        1.0000000      0.094000000        8.1921855        8.1306049       0.15559028       0.16721254      0.090936731      0.097419850      0.045333681      0.045729669       0.73888795       0.76557600       0.70444798       0.73476811       0.69254213       0.70636066        1.0000000        2.0603122        1.0000000        2.2189371        1.0000000        2.3745914        1.0000000        1.0090189        1.0000000        1.1936193        1.0000000        1.3645410 
       1.0000000        1.0000000        1.0000000        1.0000000      0.095000000        8.1623523        8.1013397       0.15525120       0.16709948      0.090811912      0.097379750      0.045273512      0.045716659       0.73765066       0.76523312       0.70396058       0.73492142       0.69213193       0.70668665        1.0000000        2.0590892        1.0000000        2.2190134        1.0000000        2.3757657        1.0000000        1.0077959        1.0000000        1.1936956        1.0000000        1.3657153 
       1.0000000        1.0000000        1.0000000        1.0000000      0.096000000        8.1560610        8.0956049       0.15529391       0.16698525      0.090873020      0.097241596      0.045270782      0.045625443       0.73721068       0.76482091       0.70407840       0.73481816       0.69203006       0.70631318        1.0000000        2.0580534        1.0000000        2.2184492        1.0000000        2.3731661        1.0000000        1.0067602        1.0000000        1.1931314        1.0000000        1.3631158 
       1.0000000        1.0000000        1.0000000        1.0000000      0.097000000        8.1474483        8.0875377       0.15520038       0.16704620      0.090857451      0.097293686      0.045277582      0.045682062       0.73645539       0.76503602       0.70386059       0.73514221       0.69194565       0.70653520        1.0000000        2.0586275        1.0000000        2.2197093        1.0000000        2.3748996        1.0000000        1.0073342        1.0000000        1.1943915        1.0000000        1.3648492 
       1.0000000        1.0000000        1.0000000        1.0000000      0.098000000        8.1455483        8.0861726       0.15525841       0.16696637      0.091047509      0.097368536      0.045363728      0.045749897       0.73616345       0.76437468       0.70410172       0.73486094       0.69223158       0.70643416        1.0000000        2.0568608        1.0000000        2.2189761        1.0000000        2.3751854        1.0000000        1.0055675        1.0000000        1.1936583        1.0000000        1.3651351 
       1.0000000        1.0000000        1.0000000        1.0000000      0.099000000        8.1210850        8.0622337       0.15519438       0.16690737      0.091023856      0.097320287      0.045365362      0.045680003       0.73552639       0.76434970       0.70389692       0.73466414       0.69240636       0.70622786        1.0000000        2.0568099        1.0000000        2.2180147        1.0000000        2.3737493        1.0000000        1.0055166        1.0000000        1.1926969        1.0000000        1.3636989 
       1.0000000        1.0000000        1.0000000        1.0000000       0.10000000        8.1031101        8.0447732       0.15510367       0.16694198      0.091151462      0.097364015      0.045494304      0.045643792       0.73495258       0.76426714       0.70401909       0.73474526       0.69281415       0.70623495        1.0000000        2.0566047        1.0000000        2.2184309        1.0000000        2.3742361        1.0000000        1.0053114        1.0000000        1.1931131        1.0000000        1.3641858 
       1.0000000        1.0000000        1.0000000        1.0000000       0.10100000        8.0819263        8.0241440       0.15499297       0.16717757      0.091139137      0.097540504      0.045521031      0.045626213       0.73398326       0.76457397       0.70364955       0.73567580       0.69268178       0.70679048        1.0000000        2.0574606        1.0000000        2.2215080        1.0000000        2.3775877        1.0000000        1.0061673        1.0000000        1.1961902        1.0000000        1.3675374 
       1.0000000        1.0000000        1.0000000        1.0000000       0.10200000        8.0497719        7.9924838       0.15442289       0.16748513      0.090628351      0.097803734      0.045143571      0.045647965       0.73239961       0.76462856       0.70207789       0.73612616       0.69143951       0.70696034        1.0000000        2.0577883        1.0000000        2.2236362        1.0000000        2.3791663        1.0000000        1.0064950        1.0000000        1.1983184        1.0000000        1.3691160 
       1.0000000        1.0000000        1.0000000        1.0000000       0.10300000        8.0325523        7.9757492       0.15450423       0.16738166      0.090780663      0.097940178      0.045211334      0.046087200       0.73210392       0.76433349       0.70225383       0.73649827       0.69165667       0.70861418        1.0000000        2.0565189        1.0000000        2.2236506        1.0000000        2.3866594        1.0000000        1.0052256        1.0000000        1.1983328        1.0000000        1.3766090 
       1.0000000        1.0000000        1.0000000        1.0000000       0.10400000        8.0106600        7.9543331       0.15458038       0.16758976      0.091007991      0.098156608      0.045374065      0.046284546       0.73166018       0.76473855       0.70264138       0.73696184       0.69215346       0.70895246        1.0000000        2.0577712        1.0000000        2.2256274        1.0000000        2.3897822        1.0000000        1.0064779        1.0000000        1.2003096        1.0000000        1.3797318 
       1.0000000        1.0000000        1.0000000        1.0000000       0.10500000        7.9979073        7.9420479       0.15457941       0.16760385      0.090988095      0.098167539      0.045364863      0.046337890       0.73127893       0.76463621       0.70241422       0.73694673       0.69192362       0.70900106        1.0000000        2.0575322        1.0000000        2.2256993        1.0000000        2.3901674        1.0000000        1.0062389        1.0000000        1.2003815        1.0000000        1.3801170 
       1.0000000        1.0000000        1.0000000        1.0000000       0.10600000        8.0070774        7.9516771       0.15458842       0.16777770      0.091037259      0.098323891      0.045423252      0.046469288       0.73110240       0.76481508       0.70256955       0.73708721       0.69211533       0.70921406        1.0000000        2.0581238        1.0000000        2.2264565        1.0000000        2.3912834        1.0000000        1.0068305        1.0000000        1.2011387        1.0000000        1.3812330 
       1.0000000        1.0000000        1.0000000        1.0000000       0.10700000        7.9885272        7.9335777       0.15457581       0.16780559      0.091183319      0.098353793      0.045625826      0.046581805       0.73081679       0.76516487       0.70295995       0.73713194       0.69305360       0.70963948        1.0000000        2.0590356        1.0000000        2.2265157        1.0000000        2.3934889        1.0000000        1.0077423        1.0000000        1.2011979        1.0000000        1.3834386 
       1.0000000        1.0000000        1.0000000        1.0000000       0.10800000        7.9799406        7.9254340       0.15454161       0.16765153      0.091218591      0.098231883      0.045665328      0.046464853       0.73047465       0.76491791       0.70309663       0.73697580       0.69328375       0.70923767        1.0000000        2.0582121        1.0000000        2.2259111        1.0000000        2.3912797        1.0000000        1.0069188        1.0000000        1.2005933        1.0000000        1.3812294 
       1.0000000        1.0000000        1.0000000        1.0000000       0.10900000        7.9636299        7.9095584       0.15445851       0.16767104      0.091184844      0.098236966      0.045612079      0.046485042       0.72967906       0.76497589       0.70260376       0.73698548       0.69261173       0.70932815        1.0000000        2.0583946        1.0000000        2.2260518        1.0000000        2.3917674        1.0000000        1.0071013        1.0000000        1.2007340        1.0000000        1.3817171 
       1.0000000        1.0000000        1.0000000        1.0000000       0.11000000        7.9466372        7.8929934       0.15422266       0.16779441      0.091100513      0.098428177      0.045640496      0.046651070       0.72874658       0.76520161       0.70224965       0.73772988       0.69271132       0.70989475        1.0000000        2.0588155        1.0000000        2.2286918        1.0000000        2.3955541        1.0000000        1.0075222        1.0000000        1.2033740        1.0000000        1.3855038 
       1.0000000        1.0000000        1.0000000        1.0000000       0.11100000        7.9254509        7.8722274       0.15400234       0.16764546      0.091121218      0.098321530      0.045818098      0.046680900       0.72778215       0.76481245       0.70169140       0.73766670       0.69340440       0.70987004        1.0000000        2.0576205        1.0000000        2.2282693        1.0000000        2.3954404        1.0000000        1.0063272        1.0000000        1.2029515        1.0000000        1.3853901 
       1.0000000        1.0000000        1.0000000        1.0000000       0.11200000        7.9073799        7.8545695       0.15379383       0.16762962      0.090991723      0.098294393      0.045815600      0.046583579       0.72723315       0.76481027       0.70139141       0.73779233       0.69335052       0.71002999        1.0000000        2.0575768        1.0000000        2.2283804        1.0000000        2.3952742        1.0000000        1.0062835        1.0000000        1.2030626        1.0000000        1.3852238 
       1.0000000        1.0000000        1.0000000        1.0000000       0.11300000        7.8889360        7.8365720       0.15371354       0.16745330      0.090898840      0.098214057      0.045693708      0.046498381       0.72648487       0.76411302       0.70066710       0.73734492       0.69232662       0.70949159        1.0000000        2.0556191        1.0000000        2.2269249        1.0000000        2.3931453        1.0000000        1.0043258        1.0000000        1.2016071        1.0000000        1.3830949 
       1.0000000        1.0000000        1.0000000        1.0000000       0.11400000        7.8714901        7.8195249       0.15367957       0.16699745      0.090953248      0.097808570      0.045784075      0.046221938       0.72612959       0.76296195       0.70096067       0.73596581       0.69286072       0.70834917        1.0000000        2.0524586        1.0000000        2.2217154        1.0000000        2.3865549        1.0000000        1.0011653        1.0000000        1.1963976        1.0000000        1.3765046 
       1.0000000        1.0000000        1.0000000        1.0000000       0.11500000        7.8784360        7.8268629       0.15377448       0.16641747      0.091080490      0.097430018      0.045853292      0.046160273       0.72623226       0.76147320       0.70140684       0.73470492       0.69310289       0.70777817        1.0000000        2.0480600        1.0000000        2.2164328        1.0000000        2.3827780        1.0000000       0.99676672        1.0000000        1.1911150        1.0000000        1.3727276 
       1.0000000        1.0000000        1.0000000        1.0000000       0.11600000        7.8736254        7.8224380       0.15373698       0.16655182      0.090982587      0.097598771      0.045762332      0.046298277       0.72600152       0.76166373       0.70127551       0.73497963       0.69287622       0.70806432        1.0000000        2.0485492        1.0000000        2.2175016        1.0000000        2.3853506        1.0000000       0.99725587        1.0000000        1.1921838        1.0000000        1.3753003 
       1.0000000        1.0000000        1.0000000        1.0000000       0.11700000        7.8625346        7.8117267       0.15334665       0.16654914      0.090588143      0.097599099      0.045466236      0.046275610       0.72460217       0.76155756       0.70002640       0.73484039       0.69191338       0.70775536        1.0000000        2.0483362        1.0000000        2.2172345        1.0000000        2.3843828        1.0000000       0.99704287        1.0000000        1.1919167        1.0000000        1.3743325 
       1.0000000        1.0000000        1.0000000        1.0000000       0.11800000        7.8558632        7.8054287       0.15332296       0.16675416      0.090604077      0.097723380      0.045508889      0.046343448       0.72439374       0.76204417       0.70012144       0.73520733       0.69220737       0.70806720        1.0000000        2.0497929        1.0000000        2.2186268        1.0000000        2.3857035        1.0000000       0.99849958        1.0000000        1.1933090        1.0000000        1.3756532 
       1.0000000        1.0000000        1.0000000        1.0000000       0.11900000        7.8340231        7.7839561       0.15338399       0.16677260      0.090647333      0.097897049      0.045582301      0.046513548       0.72417892       0.76230144       0.70017268       0.73570517       0.69251830       0.70905399        1.0000000        2.0502416        1.0000000        2.2195523        1.0000000        2.3899644        1.0000000       0.99894833        1.0000000        1.1942345        1.0000000        1.3799141 
       1.0000000        1.0000000        1.0000000        1.0000000       0.12000000        7.8131209        7.7634154       0.15347328       0.16692077      0.090810847      0.098075862      0.045755030      0.046696011       0.72402458       0.76254944       0.70064700       0.73642547       0.69345179       0.70976273        1.0000000        2.0509674        1.0000000        2.2221895        1.0000000        2.3937313        1.0000000       0.99967408        1.0000000        1.1968717        1.0000000        1.3836809 
       1.0000000        1.0000000        1.0000000        1.0000000       0.12100000        7.7925772        7.7432277       0.15355745       0.16692884      0.090897966      0.098078821      0.045804566      0.046644546       0.72397163       0.76242279       0.70082023       0.73616108       0.69349568       0.70953187        1.0000000        2.0507033        1.0000000        2.2213304        1.0000000        2.3926724        1.0000000       0.99940997        1.0000000        1.1960126        1.0000000        1.3826221 
       1.0000000        1.0000000        1.0000000        1.0000000       0.12200000        7.7738518        7.7248527       0.15356370       0.16693764      0.090857060      0.098047047      0.045750849      0.046585718       0.72384231       0.76253405       0.70090144       0.73625710       0.69357115       0.70943691        1.0000000        2.0510272        1.0000000        2.2217852        1.0000000        2.3922109        1.0000000       0.99973394        1.0000000        1.1964674        1.0000000        1.3821605 
       1.0000000        1.0000000        1.0000000        1.0000000       0.12300000        7.7523946        7.7037405       0.15347118       0.16682981      0.090868995      0.097986482      0.045788299      0.046598859       0.72342306       0.76229885       0.70100158       0.73635298       0.69388025       0.70990598        1.0000000        2.0502551        1.0000000        2.2217064        1.0000000        2.3926075        1.0000000       0.99896177        1.0000000        1.1963886        1.0000000        1.3825572 
       1.0000000        1.0000000        1.0000000        1.0000000       0.12400000        7.7383655        7.6900849       0.15341501       0.16698301      0.090822371      0.098108819      0.045816767      0.046698896       0.72293229       0.76261093       0.70059006       0.73669919       0.69398327       0.71058757        1.0000000        2.0512241        1.0000000        2.2229224        1.0000000        2.3951650        1.0000000       0.99993078        1.0000000        1.1976046        1.0000000        1.3851147 
       1.0000000        1.0000000        1.0000000        1.0000000       0.12500000        7.7331929        7.6852464       0.15326153       0.16707497      0.090692452      0.098282741      0.045725169      0.046818418       0.72249730       0.76295806       0.70020550       0.73735191       0.69358851       0.71127126        1.0000000        2.0520551        1.0000000        2.2252698        1.0000000        2.3989633        1.0000000        1.0007618        1.0000000        1.1999520        1.0000000        1.3889130 
       1.0000000        1.0000000        1.0000000        1.0000000       0.12600000        7.7169313        7.6693139       0.15327440       0.16700056      0.090753055      0.098255422      0.045789143      0.046776575       0.72234664       0.76225091       0.70025982       0.73702615       0.69362151       0.71066227        1.0000000        2.0501717        1.0000000        2.2244249        1.0000000        2.3960821        1.0000000       0.99887841        1.0000000        1.1991071        1.0000000        1.3860318 
       1.0000000        1.0000000        1.0000000        1.0000000       0.12700000        7.7075824        7.6602892       0.15307983       0.16700073      0.090638570      0.098155534      0.045751852      0.046672410       0.72208123       0.76213023       0.69990875       0.73679544       0.69343785       0.71042895        1.0000000        2.0497999        1.0000000        2.2233671        1.0000000        2.3939229        1.0000000       0.99850658        1.0000000        1.1980493        1.0000000        1.3838726 
       1.0000000        1.0000000        1.0000000        1.0000000       0.12800000        7.6940129        7.6470391       0.15279187       0.16701696      0.090478543      0.098134435      0.045656175      0.046630523       0.72115492       0.76227996       0.69950772       0.73677242       0.69327007       0.71036100        1.0000000        2.0502117        1.0000000        2.2231496        1.0000000        2.3930871        1.0000000       0.99891845        1.0000000        1.1978318        1.0000000        1.3830368 
       1.0000000        1.0000000        1.0000000        1.0000000       0.12900000        7.6827667        7.6361077       0.15289314       0.16707303      0.090536952      0.098143112      0.045640427      0.046593293       0.72113517       0.76224774       0.69985254       0.73679404       0.69319159       0.71047626        1.0000000        2.0501040        1.0000000        2.2229399        1.0000000        2.3928861        1.0000000       0.99881067        1.0000000        1.1976221        1.0000000        1.3828358 
       1.0000000        1.0000000        1.0000000        1.0000000       0.13000000        7.6735354        7.6271865       0.15284554       0.16730979      0.090454810      0.098339743      0.045442824      0.046719787       0.72026782       0.76260602       0.69908406       0.73731142       0.69208904       0.71073712        1.0000000        2.0512043        1.0000000        2.2252472        1.0000000        2.3956572        1.0000000       0.99991104        1.0000000        1.1999294        1.0000000        1.3856068 
       1.0000000        1.0000000        1.0000000        1.0000000       0.13100000        7.6517039        7.6056607       0.15277681       0.16753506      0.090472727      0.098518873      0.045517438      0.046882473       0.72001399       0.76303416       0.69906587       0.73775167       0.69248754       0.71155369        1.0000000        2.0525194        1.0000000        2.2267886        1.0000000        2.3989163        1.0000000        1.0012261        1.0000000        1.2014708        1.0000000        1.3888660 
       1.0000000        1.0000000        1.0000000        1.0000000       0.13200000        7.6367789        7.5910370       0.15261972       0.16739769      0.090503042      0.098425776      0.045618327      0.046851017       0.71944324       0.76286028       0.69883618       0.73762444       0.69282301       0.71136227        1.0000000        2.0519575        1.0000000        2.2262455        1.0000000        2.3980198        1.0000000        1.0006643        1.0000000        1.2009277        1.0000000        1.3879695 
       1.0000000        1.0000000        1.0000000        1.0000000       0.13300000        7.6327330        7.5872882       0.15274202       0.16739848      0.090575220      0.098349220      0.045601794      0.046780217       0.71922707       0.76266523       0.69900178       0.73702143       0.69267942       0.71053742        1.0000000        2.0516901        1.0000000        2.2247204        1.0000000        2.3947950        1.0000000        1.0003968        1.0000000        1.1994026        1.0000000        1.3847446 
       1.0000000        1.0000000        1.0000000        1.0000000       0.13400000        7.6093077        7.5641558       0.15273076       0.16747763      0.090510131      0.098460437      0.045516978      0.046891412       0.71894482       0.76270906       0.69882418       0.73747622       0.69253798       0.71070630        1.0000000        2.0517213        1.0000000        2.2265335        1.0000000        2.3961787        1.0000000        1.0004280        1.0000000        1.2012157        1.0000000        1.3861284 
       1.0000000        1.0000000        1.0000000        1.0000000       0.13500000        7.6005816        7.5557471       0.15271541       0.16714207      0.090409737      0.098334405      0.045445192      0.046935516       0.71894962       0.76162054       0.69861542       0.73664659       0.69241123       0.71071548        1.0000000        2.0484542        1.0000000        2.2229693        1.0000000        2.3965016        1.0000000       0.99716088        1.0000000        1.1976515        1.0000000        1.3864513 
       1.0000000        1.0000000        1.0000000        1.0000000       0.13600000        7.5805937        7.5360436       0.15283645       0.16707115      0.090502512      0.098363142      0.045502696      0.047050966       0.71911651       0.76148266       0.69884664       0.73647241       0.69276768       0.71075467        1.0000000        2.0481174        1.0000000        2.2222200        1.0000000        2.3974351        1.0000000       0.99682409        1.0000000        1.1969021        1.0000000        1.3873848 
       1.0000000        1.0000000        1.0000000        1.0000000       0.13700000        7.5604203        7.5161507       0.15277084       0.16701530      0.090582492      0.098299974      0.045622273      0.046995736       0.71896190       0.76141564       0.69911146       0.73645133       0.69319493       0.71073901        1.0000000        2.0478578        1.0000000        2.2218091        1.0000000        2.3964117        1.0000000       0.99656449        1.0000000        1.1964913        1.0000000        1.3863614 
       1.0000000        1.0000000        1.0000000        1.0000000       0.13800000        7.5445644        7.5005715       0.15266596       0.16715586      0.090506398      0.098484108      0.045581066      0.047097879       0.71839899       0.76145566       0.69881012       0.73679608       0.69290265       0.71117866        1.0000000        2.0480269        1.0000000        2.2231744        1.0000000        2.3988949        1.0000000       0.99673356        1.0000000        1.1978566        1.0000000        1.3888446 
       1.0000000        1.0000000        1.0000000        1.0000000       0.13900000        7.5344481        7.4907281       0.15274615       0.16704651      0.090566955      0.098425564      0.045584444      0.047123371       0.71818636       0.76118991       0.69875709       0.73667848       0.69281002       0.71144401        1.0000000        2.0472347        1.0000000        2.2225896        1.0000000        2.3998393        1.0000000       0.99594143        1.0000000        1.1972718        1.0000000        1.3897889 
       1.0000000        1.0000000        1.0000000        1.0000000       0.14000000        7.5136713        7.4702205       0.15282853       0.16697104      0.090638892      0.098377264      0.045605577      0.047123998       0.71824897       0.76090245       0.69905903       0.73669790       0.69303795       0.71147422        1.0000000        2.0463749        1.0000000        2.2226369        1.0000000        2.3994936        1.0000000       0.99508165        1.0000000        1.1973191        1.0000000        1.3894433 
       1.0000000        1.0000000        1.0000000        1.0000000       0.14100000        7.5059258        7.4627406       0.15278706       0.16687122      0.090589688      0.098355905      0.045579056      0.047164231       0.71818213       0.76045748       0.69894285       0.73607035       0.69283111       0.71181075        1.0000000        2.0451575        1.0000000        2.2203750        1.0000000        2.4011833        1.0000000       0.99386416        1.0000000        1.1950572        1.0000000        1.3911329 
       1.0000000        1.0000000        1.0000000        1.0000000       0.14200000        7.4994672        7.4565442       0.15281315       0.16688450      0.090587681      0.098425350      0.045587310      0.047282360       0.71794067       0.76054161       0.69877875       0.73631882       0.69291519       0.71250814        1.0000000        2.0453794        1.0000000        2.2210992        1.0000000        2.4037409        1.0000000       0.99408614        1.0000000        1.1957814        1.0000000        1.3936906 
       1.0000000        1.0000000        1.0000000        1.0000000       0.14300000        7.4832113        7.4405470       0.15280102       0.16678412      0.090565017      0.098319448      0.045572304      0.047177104       0.71805367       0.76046900       0.69887062       0.73634583       0.69297841       0.71234882        1.0000000        2.0450610        1.0000000        2.2209596        1.0000000        2.4021767        1.0000000       0.99376766        1.0000000        1.1956418        1.0000000        1.3921264 
       1.0000000        1.0000000        1.0000000        1.0000000       0.14400000        7.4712816        7.4288726       0.15280330       0.16672971      0.090562108      0.098256029      0.045582003      0.047112895       0.71835068       0.76036452       0.69897146       0.73628120       0.69315013       0.71213876        1.0000000        2.0446912        1.0000000        2.2208017        1.0000000        2.4010583        1.0000000       0.99339790        1.0000000        1.1954838        1.0000000        1.3910079 
       1.0000000        1.0000000        1.0000000        1.0000000       0.14500000        7.4560149        7.4138579       0.15272790       0.16664656      0.090573137      0.098245886      0.045569890      0.047102828       0.71814159       0.76026614       0.69886506       0.73638726       0.69302590       0.71213909        1.0000000        2.0441634        1.0000000        2.2210906        1.0000000        2.4013528        1.0000000       0.99287012        1.0000000        1.1957728        1.0000000        1.3913025 
       1.0000000        1.0000000        1.0000000        1.0000000       0.14600000        7.4476785        7.4057702       0.15299063       0.16680276      0.090776153      0.098467452      0.045691151      0.047256346       0.71867538       0.76020830       0.69963479       0.73681052       0.69378425       0.71262626        1.0000000        2.0439727        1.0000000        2.2227264        1.0000000        2.4044695        1.0000000       0.99267940        1.0000000        1.1974086        1.0000000        1.3944191 
       1.0000000        1.0000000        1.0000000        1.0000000       0.14700000        7.4279250        7.3862867       0.15287312       0.16683792      0.090634145      0.098428095      0.045596435      0.047264743       0.71833216       0.76043628       0.69911102       0.73688082       0.69343058       0.71245560        1.0000000        2.0446519        1.0000000        2.2229849        1.0000000        2.4024191        1.0000000       0.99335863        1.0000000        1.1976671        1.0000000        1.3923688 
       1.0000000        1.0000000        1.0000000        1.0000000       0.14800000        7.4131708        7.3717746       0.15283106       0.16672921      0.090569330      0.098283658      0.045549309      0.047125297       0.71852318       0.76029956       0.69923759       0.73657259       0.69340307       0.71217778        1.0000000        2.0442477        1.0000000        2.2220117        1.0000000        2.4011280        1.0000000       0.99295441        1.0000000        1.1966939        1.0000000        1.3910777 
       1.0000000        1.0000000        1.0000000        1.0000000       0.14900000        7.3984303        7.3572732       0.15289762       0.16662287      0.090627805      0.098219924      0.045562446      0.047114831       0.71862041       0.75988056       0.69936917       0.73668560       0.69323625       0.71229260        1.0000000        2.0429136        1.0000000        2.2222209        1.0000000        2.4012938        1.0000000       0.99162033        1.0000000        1.1969031        1.0000000        1.3912435 
       1.0000000        1.0000000        1.0000000        1.0000000       0.15000000        7.3853591        7.3444382       0.15268363       0.16651085      0.090542276      0.098159850      0.045438506      0.047079899       0.71791889       0.75985721       0.69909871       0.73681214       0.69297366       0.71262223        1.0000000        2.0427170        1.0000000        2.2222718        1.0000000        2.4018553        1.0000000       0.99142373        1.0000000        1.1969539        1.0000000        1.3918050 
       1.0000000        1.0000000        1.0000000        1.0000000       0.15100000        7.3760560        7.3353682       0.15253819       0.16645305      0.090489124      0.098108414      0.045448728      0.047064084       0.71752186       0.75992563       0.69868618       0.73682924       0.69298606       0.71262672        1.0000000        2.0428659        1.0000000        2.2221931        1.0000000        2.4015372        1.0000000       0.99157260        1.0000000        1.1968753        1.0000000        1.3914868 
       1.0000000        1.0000000        1.0000000        1.0000000       0.15200000        7.3621420        7.3216845       0.15244446       0.16646682      0.090515221      0.098115139      0.045516641      0.047047941       0.71716807       0.76002130       0.69856766       0.73702185       0.69331656       0.71300905        1.0000000        2.0430546        1.0000000        2.2225618        1.0000000        2.4026745        1.0000000       0.99176126        1.0000000        1.1972440        1.0000000        1.3926242 
       1.0000000        1.0000000        1.0000000        1.0000000       0.15300000        7.3545114        7.3142814       0.15249635       0.16635447      0.090538037      0.098008185      0.045567570      0.046972855       0.71745194       0.75972296       0.69863301       0.73656576       0.69363187       0.71264919        1.0000000        2.0421898        1.0000000        2.2208004        1.0000000        2.4009420        1.0000000       0.99089647        1.0000000        1.1954826        1.0000000        1.3908916 
       1.0000000        1.0000000        1.0000000        1.0000000       0.15400000        7.3499211        7.3099158       0.15237441       0.16628917      0.090443620      0.097851595      0.045521993      0.046827840       0.71720371       0.75988152       0.69820591       0.73630598       0.69341924       0.71261953        1.0000000        2.0426822        1.0000000        2.2193966        1.0000000        2.3992607        1.0000000       0.99138887        1.0000000        1.1940788        1.0000000        1.3892104 
       1.0000000        1.0000000        1.0000000        1.0000000       0.15500000        7.3388351        7.2990518       0.15242478       0.16655162      0.090501433      0.098094697      0.045576994      0.047164975       0.71719480       0.76015882       0.69833098       0.73614346       0.69359799       0.71294417        1.0000000        2.0437023        1.0000000        2.2194543        1.0000000        2.4030215        1.0000000       0.99240899        1.0000000        1.1941365        1.0000000        1.3929712 
       1.0000000        1.0000000        1.0000000        1.0000000       0.15600000        7.3259641        7.2864001       0.15236848       0.16658109      0.090449292      0.098016238      0.045532316      0.047138189       0.71690885       0.76059190       0.69802501       0.73622494       0.69322297       0.71281521        1.0000000        2.0449166        1.0000000        2.2197788        1.0000000        2.4025777        1.0000000       0.99362335        1.0000000        1.1944610        1.0000000        1.3925273 
       1.0000000        1.0000000        1.0000000        1.0000000       0.15700000        7.3129780        7.2736308       0.15246461       0.16660321      0.090607440      0.098013097      0.045638830      0.047125330       0.71689351       0.76069006       0.69834324       0.73631921       0.69362972       0.71278062        1.0000000        2.0452091        1.0000000        2.2201119        1.0000000        2.4023859        1.0000000       0.99391579        1.0000000        1.1947941        1.0000000        1.3923356 
       1.0000000        1.0000000        1.0000000        1.0000000       0.15800000        7.2951833        7.2560715       0.15261693       0.16659096      0.090732128      0.098078748      0.045693895      0.047213454       0.71708923       0.76066512       0.69868164       0.73649996       0.69371129       0.71294492        1.0000000        2.0450269        1.0000000        2.2206409        1.0000000        2.4035936        1.0000000       0.99373363        1.0000000        1.1953231        1.0000000        1.3935433 
       1.0000000        1.0000000        1.0000000        1.0000000       0.15900000        7.2882848        7.2493843       0.15258062       0.16642355      0.090804015      0.098052352      0.045768103      0.047313040       0.71674394       0.76023959       0.69857343       0.73639656       0.69384269       0.71328913        1.0000000        2.0437208        1.0000000        2.2197557        1.0000000        2.4045013        1.0000000       0.99242752        1.0000000        1.1944379        1.0000000        1.3944510 
       1.0000000        1.0000000        1.0000000        1.0000000       0.16000000        7.2691033        7.2304117       0.15266920       0.16644281      0.090909257      0.098032533      0.045828686      0.047186348       0.71689562       0.76007814       0.69878737       0.73606621       0.69396229       0.71271608        1.0000000        2.0434465        1.0000000        2.2188450        1.0000000        2.4019156        1.0000000       0.99215316        1.0000000        1.1935271        1.0000000        1.3918653 
